Experiment Summary:
================================================================================

Teacher Model Parameters:
conv1.weight: [[[ 2.59 -2.83  0.87]]]
conv2.weight: [[[-1.38  1.29]]]
conv3.weight: [[[ 0.86 -0.84]]]

================================================================================

nonoverlapping_CNN_relu -> overlapping_CNN_relu

Student Model Parameters:
conv1.weight: [[[-1.756139    0.8755441   0.5824506 ]]

 [[ 0.59448147  0.37125286  1.1380308 ]]

 [[ 0.5682431   0.46486613  2.3409252 ]]

 [[ 0.19485286 -2.1502545   0.9889733 ]]]
conv2.weight: [[[-1.54831493e+00 -6.84324920e-01]
  [-4.90431964e-01 -9.21499193e-01]
  [ 2.41370574e-01 -1.04468666e-01]
  [-1.35185933e+00 -3.43308616e+00]]

 [[-7.07609236e-01 -2.50634432e-01]
  [-7.92180240e-01 -6.03615940e-01]
  [-1.31207657e+00  1.34140669e-06]
  [-2.38592911e+00  2.12233448e+00]]

 [[ 1.69904619e-01 -5.36282301e-01]
  [ 1.53309464e-01 -2.48021460e+00]
  [-8.84441197e-01 -1.33909559e+00]
  [-5.30361384e-02 -1.88982391e+00]]

 [[-4.15038884e-01 -1.08388627e+00]
  [-5.38694739e-01 -1.16585386e+00]
  [-6.78963065e-01 -1.51805148e-01]
  [-9.82156619e-02 -1.58183157e+00]]]
conv3.weight: [[[ 1.7003709 -1.8070295]
  [-9.271854  -1.1894238]
  [-1.5455923 -1.9866165]
  [-0.5874122 -0.3927916]]]

Final Loss: 2.2218
Distance Metric: 21.4799
L1 norm: 1e-05
L2 norm: 0

================================================================================

nonoverlapping_CNN_relu -> overlapping_CNN_sigmoid

Student Model Parameters:
conv1.weight: [[[-1.9321475   2.1259325  -0.54951566]]

 [[ 2.7467065  -2.8171918   0.7696204 ]]

 [[ 0.75526994 -0.4994144   0.01428986]]

 [[-0.7022461   1.0135089  -0.59224266]]]
conv2.weight: [[[ 0.81952524  4.5415254 ]
  [-0.3252489  -1.3197026 ]
  [ 5.153888   -3.1227677 ]
  [-0.70377034  9.130622  ]]

 [[-2.3777158  -1.3720304 ]
  [ 2.5925808   2.5684094 ]
  [ 4.050266    0.8289159 ]
  [-1.5093521  -2.2546048 ]]

 [[-0.6463588  -6.2050457 ]
  [-4.584394    6.5175405 ]
  [-5.519616    3.4710248 ]
  [ 1.1916363  -5.6369176 ]]

 [[-5.138125    2.3789153 ]
  [ 4.4243994  -3.6267312 ]
  [ 3.7712495  -2.6546807 ]
  [-5.7822537   4.0967493 ]]]
conv3.weight: [[[-11.85328     7.3738093]
  [  7.098101   -2.2415297]
  [  9.410043   -8.82484  ]
  [-12.698448    2.139708 ]]]

Final Loss: 3.4457
Distance Metric: 51.8272
L1 norm: 1e-05
L2 norm: 0

================================================================================

nonoverlapping_CNN_relu -> overlapping_CNN_tanh

Student Model Parameters:
conv1.weight: [[[ 5.3716     -5.7436867   1.9095277 ]]

 [[ 0.6629172  -0.86650187  0.47280115]]

 [[ 0.58202106 -0.82265836 -0.0120947 ]]

 [[ 0.5228651  -0.47702274  0.12485836]]]
conv2.weight: [[[ 4.1935434   1.3100557 ]
  [-0.41060233  2.2684345 ]
  [-0.15875213  1.9702827 ]
  [ 0.97012174  0.53980005]]

 [[ 0.31856054  0.6341087 ]
  [-0.16332145 -0.10820958]
  [-0.47282016 -0.362147  ]
  [-0.2364737   0.01677048]]

 [[-2.931518   -2.3973975 ]
  [-0.15398668  2.6278763 ]
  [-1.3929119   2.8177562 ]
  [-1.986496    3.0433025 ]]

 [[ 0.20623878 -0.22986339]
  [-0.27028155 -0.28370067]
  [-0.1552391  -0.34280363]
  [ 0.05339393  0.2902002 ]]]
conv3.weight: [[[ 1.9448023  -0.15727435]
  [ 0.395805    0.03723434]
  [ 1.9940718  -0.14789468]
  [-0.15628059  0.2683459 ]]]

Final Loss: 3.7619
Distance Metric: 22.1983
L1 norm: 1e-05
L2 norm: 0

================================================================================

nonoverlapping_CNN_sigmoid -> overlapping_CNN_relu

Student Model Parameters:
conv1.weight: [[[-0.57207185  0.0058864  -0.21486728]]

 [[ 0.14192016 -0.37247413  0.05826087]]

 [[ 0.38001308  0.27934614 -0.4277547 ]]

 [[ 0.02078074  0.22502917  0.45044675]]]
conv2.weight: [[[ 3.6425260e-01  8.6083390e-02]
  [ 1.3339545e-01  4.6851817e-01]
  [ 2.5371799e-01  1.9713740e-01]
  [ 3.1830248e-01  2.5856584e-01]]

 [[-2.7787316e-01  4.6848997e-01]
  [-1.7583738e-01 -8.7178238e-02]
  [-9.0128571e-01 -1.2909231e-01]
  [-9.7260755e-01 -1.8663335e+00]]

 [[-1.5719558e-01 -3.6356486e-02]
  [-2.4736229e-01 -3.5261512e-01]
  [-7.9293406e-01 -1.3291544e-06]
  [-8.8403575e-02 -3.5735324e-01]]

 [[-1.2237445e-01  5.1101857e-01]
  [ 7.1410894e-01 -9.5608793e-02]
  [ 1.1549405e-01  2.0009941e-01]
  [ 1.7598800e-01  2.1717992e-01]]]
conv3.weight: [[[ 4.9445778e-01  3.3816624e-01]
  [ 2.2435144e-01 -6.4246297e-02]
  [-5.6303173e-01 -9.4293148e-07]
  [ 5.9185449e-02  2.6617044e-01]]]

Final Loss: 0.0117
Distance Metric: 8.1139
L1 norm: 1e-05
L2 norm: 0

================================================================================

nonoverlapping_CNN_sigmoid -> overlapping_CNN_sigmoid

Student Model Parameters:
conv1.weight: [[[ 4.8256931e-07 -5.9593814e-09  7.8062124e-07]]

 [[ 6.5761390e-07  1.2676642e-06  8.3914607e-08]]

 [[ 6.3955667e-07 -3.6775054e-07 -1.1494679e-08]]

 [[-2.2506709e+00  2.4646678e+00 -7.4348009e-01]]]
conv2.weight: [[[-1.9511273e-07 -2.5324361e-08]
  [ 3.7187067e-07  6.8519898e-07]
  [ 3.5530132e-07  1.3330066e-07]
  [-4.2538039e-07  9.6364516e-08]]

 [[-1.9999082e-08 -1.5435955e-08]
  [ 6.3060060e-07  4.6151982e-07]
  [ 1.4397673e-07  1.1688913e-06]
  [ 7.5741241e-07  4.1229669e-07]]

 [[-9.5939902e-07 -3.5127076e-07]
  [-1.6367680e-06  5.7705722e-07]
  [-1.6056086e-07 -1.3271462e-06]
  [ 8.7192190e-01 -6.2301874e-01]]

 [[ 3.0774299e-07 -8.5703550e-07]
  [-6.0024195e-07 -1.3790523e-06]
  [-2.8536974e-07  6.8524469e-07]
  [ 6.0310638e-01 -7.7329701e-01]]]
conv3.weight: [[[-1.9845086e-04 -1.9844170e-04]
  [-1.9993300e-04 -2.0339257e-04]
  [ 8.0408818e-01 -7.8992712e-01]
  [ 7.3443186e-01 -7.2961879e-01]]]

Final Loss: 0.0001
Distance Metric: 4.5104
L1 norm: 1e-05
L2 norm: 0

================================================================================

nonoverlapping_CNN_sigmoid -> overlapping_CNN_tanh

Student Model Parameters:
conv1.weight: [[[-1.5099547   0.90306807 -0.8805885 ]]

 [[ 0.4897726  -0.67781544  0.04616085]]

 [[ 0.4456549  -0.03536562  0.54443604]]

 [[-0.28674775  0.09740585  0.12027334]]]
conv2.weight: [[[-0.4051138  -0.13823086]
  [-0.21594578 -0.14687347]
  [-0.46935305 -0.16885771]
  [ 0.05519612 -0.07241381]]

 [[-0.036406   -0.06797157]
  [-0.00798851 -0.1778003 ]
  [-0.04718248 -0.04144366]
  [ 0.05507761 -0.21331233]]

 [[ 0.00974359  0.17350157]
  [-0.19052432  0.25639018]
  [ 0.21031144  0.39385295]
  [ 0.1959708   0.14508905]]

 [[ 0.5591755   0.51651514]
  [-0.11723039  0.5640972 ]
  [ 0.5546147   0.30922398]
  [-0.4971132   0.2709892 ]]]
conv3.weight: [[[-0.10064647 -0.00754641]
  [-0.00735065  0.00335504]
  [ 0.16536534  0.06025714]
  [ 0.09535885 -0.25591135]]]

Final Loss: 0.2484
Distance Metric: 7.1391
L1 norm: 1e-05
L2 norm: 0

================================================================================

nonoverlapping_CNN_tanh -> overlapping_CNN_relu

Student Model Parameters:
conv1.weight: [[[ 1.0422751  -1.6313449   0.21753249]]

 [[-0.40124834 -0.62887686 -0.09407217]]

 [[-0.09480968  0.6197708  -0.14041173]]

 [[ 0.9161874  -0.6328274   0.31584302]]]
conv2.weight: [[[-1.347157   -0.94005555]
  [ 0.5446541   0.59947324]
  [ 0.6099349   0.30779096]
  [-0.3633518   0.30090445]]

 [[-0.39264688 -0.6026941 ]
  [-0.15425421 -1.1583047 ]
  [-0.2541038  -0.19817004]
  [ 0.97359455  0.14440739]]

 [[-1.2505337  -0.03325213]
  [ 0.5950859   0.4130509 ]
  [ 0.80605197  0.16070762]
  [-0.6276517   0.52965754]]

 [[-0.09519476 -1.2601815 ]
  [ 0.46849996  0.73242784]
  [ 0.63628286  0.63823974]
  [ 0.40645587 -0.27565718]]]
conv3.weight: [[[ 0.8533465   0.65944874]
  [-0.00696439  0.19351201]
  [ 0.44783115 -1.2264423 ]
  [-0.91585255  0.44978818]]]

Final Loss: 0.2094
Distance Metric: 8.4592
L1 norm: 1e-05
L2 norm: 0

================================================================================

nonoverlapping_CNN_tanh -> overlapping_CNN_sigmoid

Student Model Parameters:
conv1.weight: [[[-5.5787244e+00  6.1318984e+00 -1.9118567e+00]]

 [[-1.5708329e-01  2.1651760e-02 -5.4928295e-02]]

 [[-5.0009850e-02  5.8275211e-05  2.0479488e+00]]

 [[ 1.6936517e+00 -1.8523167e+00  8.1369156e-01]]]
conv2.weight: [[[-5.2586474e+00  4.7075310e+00]
  [-1.5297516e-01  8.3021534e-04]
  [ 6.8024077e-02 -7.6016560e-02]
  [-9.0209894e-02 -2.1817286e-01]]

 [[ 3.5649850e+00 -3.6012294e+00]
  [-6.0658336e-01 -1.2335373e+00]
  [ 2.5200078e-01 -2.8774427e-04]
  [-1.1104310e+00  2.3598157e-01]]

 [[ 1.8325390e+00 -2.7805767e+00]
  [-5.7306319e-01 -7.7897429e-01]
  [-9.4373338e-02 -4.9819902e-01]
  [-9.8596030e-01 -9.1439535e-05]]

 [[-1.4628122e-05 -1.8543782e-06]
  [-8.2686565e-06 -6.3168800e-01]
  [ 1.2441039e-05 -7.0163053e-01]
  [-7.2732128e-02 -1.6858719e-05]]]
conv3.weight: [[[-7.9645853e+00  3.8279214e+00]
  [ 1.0633568e+00 -4.0311227e+00]
  [-4.3397582e-01 -2.4482837e+00]
  [ 1.2080345e-01 -5.5724318e-05]]]

Final Loss: 0.1856
Distance Metric: 30.1502
L1 norm: 1e-05
L2 norm: 0

================================================================================

nonoverlapping_CNN_tanh -> overlapping_CNN_tanh

Student Model Parameters:
conv1.weight: [[[ 2.5607452e-09 -5.8622328e-07  1.9777114e-07]]

 [[ 5.5408734e-08 -1.3595906e-06  1.6890942e-06]]

 [[ 2.5600457e+00 -2.7971890e+00  8.5979974e-01]]

 [[ 5.5563481e-07  1.1818682e-06  5.0881380e-07]]]
conv2.weight: [[[ 3.2424543e-07  1.5504915e-07]
  [ 1.1599909e-08 -9.8046435e-08]
  [ 6.9611872e-08 -3.1735152e-07]
  [ 4.6424976e-08  8.8734362e-07]]

 [[ 7.7393798e-07 -2.0675391e-06]
  [ 5.6511539e-07  4.4182906e-09]
  [ 1.4851217e+00 -1.2386447e+00]
  [ 6.5118917e-07  3.6779133e-07]]

 [[ 6.9876313e-07  2.1069443e-06]
  [ 7.3990446e-07 -8.7971387e-08]
  [-2.4928593e-07  4.2542155e-07]
  [ 6.9305304e-07 -5.2408990e-07]]

 [[-6.9942615e-07  1.5748726e-07]
  [-3.4789176e-07 -7.8792283e-07]
  [-1.2543553e+00  1.3804961e+00]
  [ 3.8941801e-07  1.4166351e-07]]]
conv3.weight: [[[-4.5880645e-07  6.1238529e-07]
  [-5.0390804e-01  4.9242797e-01]
  [-8.6654745e-07  8.4985919e-07]
  [ 3.5607255e-01 -3.4741277e-01]]]

Final Loss: 0.0001
Distance Metric: 3.0102
L1 norm: 1e-05
L2 norm: 0

================================================================================

