Experiment Summary:
================================================================================

Teacher Model Parameters:
layers.0.weight: [[[-0.78 -0.12  0.7 ]]

 [[-1.16  0.47  0.05]]

 [[-0.73  1.96 -1.01]]

 [[-0.32  0.21  0.63]]]
layers.1.weight: [[[ 0.    0.04]
  [ 0.68  0.34]
  [ 0.54 -0.22]
  [-0.14 -0.33]]

 [[-0.14  1.59]
  [ 1.48 -0.52]
  [-1.26  0.3 ]
  [-0.4  -1.09]]

 [[-0.71  0.44]
  [-0.02 -0.14]
  [ 0.37 -0.7 ]
  [-0.83 -0.38]]

 [[ 0.89 -0.48]
  [-0.27 -0.81]
  [ 1.76 -0.41]
  [ 0.15  0.49]]]
layers.2.weight: [[[-0.54  0.16]
  [-0.74 -0.46]
  [ 0.08  0.18]
  [-0.22  0.81]]]

================================================================================

overlappingCNN_sigmoid -> fcnn_decreasing_sigmoid

Student Model Parameters:
layers.0.weight: [[0. 0. 0. ... 0. 0. 0.]
 [0. 0. 0. ... 0. 0. 0.]
 [0. 0. 0. ... 0. 0. 0.]
 ...
 [0. 0. 0. ... 0. 0. 0.]
 [0. 0. 0. ... 0. 0. 0.]
 [0. 0. 0. ... 0. 0. 0.]]
layers.1.weight: [[0. 0. 0. ... 0. 0. 0.]
 [0. 0. 0. ... 0. 0. 0.]
 [0. 0. 0. ... 0. 0. 0.]
 ...
 [0. 0. 0. ... 0. 0. 0.]
 [0. 0. 0. ... 0. 0. 0.]
 [0. 0. 0. ... 0. 0. 0.]]
layers.2.weight: [[ 0.         0.         0.         0.         0.         0.
  -1.8493668  0.         0.         0.         0.         0.
   0.         0.         1.360216   0.         0.         0.
   0.         0.         0.         0.         0.         0.
   0.         0.         0.         0.         0.         0.
   0.         0.       ]]

Final Loss: 0.0001
Distance Metric: 7.8317
L1 norm: 1e-05
L2 norm: 0
Batch size: 16
Clipping: 0
Learning rate: 0.005
data size: 100000
init: 1
seed: 4
stopped after epoch: 2231

================================================================================

overlappingCNN_sigmoid -> fcnn_decreasing_relu

Student Model Parameters:
layers.0.weight: [[0. 0. 0. ... 0. 0. 0.]
 [0. 0. 0. ... 0. 0. 0.]
 [0. 0. 0. ... 0. 0. 0.]
 ...
 [0. 0. 0. ... 0. 0. 0.]
 [0. 0. 0. ... 0. 0. 0.]
 [0. 0. 0. ... 0. 0. 0.]]
layers.1.weight: [[0. 0. 0. ... 0. 0. 0.]
 [0. 0. 0. ... 0. 0. 0.]
 [0. 0. 0. ... 0. 0. 0.]
 ...
 [0. 0. 0. ... 0. 0. 0.]
 [0. 0. 0. ... 0. 0. 0.]
 [0. 0. 0. ... 0. 0. 0.]]
layers.2.weight: [[0.         0.         0.         0.         0.         0.
  0.         0.         0.         0.         0.         0.
  0.47332567 1.2055149  0.         0.         0.         0.
  0.         0.         0.4662195  0.         0.         0.67795706
  0.         0.         0.         0.         0.         0.
  0.         0.        ]]

Final Loss: 0.0072
Distance Metric: 10.4307
L1 norm: 1e-05
L2 norm: 0
Batch size: 16
Clipping: 0
Learning rate: 0.005
data size: 100000
init: 1
seed: 4
stopped after epoch: 1052

================================================================================

overlappingCNN_sigmoid -> fcnn_decreasing_tanh

Student Model Parameters:
layers.0.weight: [[0. 0. 0. ... 0. 0. 0.]
 [0. 0. 0. ... 0. 0. 0.]
 [0. 0. 0. ... 0. 0. 0.]
 ...
 [0. 0. 0. ... 0. 0. 0.]
 [0. 0. 0. ... 0. 0. 0.]
 [0. 0. 0. ... 0. 0. 0.]]
layers.1.weight: [[0. 0. 0. ... 0. 0. 0.]
 [0. 0. 0. ... 0. 0. 0.]
 [0. 0. 0. ... 0. 0. 0.]
 ...
 [0. 0. 0. ... 0. 0. 0.]
 [0. 0. 0. ... 0. 0. 0.]
 [0. 0. 0. ... 0. 0. 0.]]
layers.2.weight: [[-0.20906328  0.          0.          0.          0.          0.
   0.          0.          0.          0.          0.          0.
   0.          0.          0.          0.          0.          0.
   0.          0.          0.          0.          0.          0.
   0.          0.          0.          0.          0.          0.
   0.          0.        ]]

Final Loss: 0.1671
Distance Metric: 7.7069
L1 norm: 1e-05
L2 norm: 0
Batch size: 16
Clipping: 0
Learning rate: 0.005
data size: 100000
init: 1
seed: 4
stopped after epoch: 390

================================================================================

overlappingCNN_relu -> fcnn_decreasing_sigmoid

Student Model Parameters:
layers.0.weight: [[ 0.          0.          0.         ...  0.          0.
   0.        ]
 [ 0.          0.          0.         ...  0.          0.
   0.        ]
 [ 0.          0.          0.         ...  0.          0.
   0.        ]
 ...
 [ 0.          0.          0.         ...  0.          0.
   0.        ]
 [-0.07524771  0.03750722 -0.02548284 ...  0.06187819 -0.07170384
  -0.00678777]
 [ 0.          0.          0.         ...  0.          0.
   0.        ]]
layers.1.weight: [[ 0.0000000e+00  0.0000000e+00  0.0000000e+00 ...  0.0000000e+00
   0.0000000e+00  0.0000000e+00]
 [ 0.0000000e+00  0.0000000e+00  0.0000000e+00 ...  0.0000000e+00
   0.0000000e+00  0.0000000e+00]
 [ 1.5127822e-03  1.5131112e-03  1.5127353e-03 ...  1.5131045e-03
  -1.7272727e-01  1.5133072e-03]
 ...
 [ 0.0000000e+00  0.0000000e+00  0.0000000e+00 ...  0.0000000e+00
   0.0000000e+00  0.0000000e+00]
 [ 8.5496524e-04  8.5450575e-04  8.5523486e-04 ...  8.5498783e-04
   2.7729707e+00  8.5512479e-04]
 [ 0.0000000e+00  0.0000000e+00  0.0000000e+00 ...  0.0000000e+00
   0.0000000e+00  0.0000000e+00]]
layers.2.weight: [[-1.6135535e-04 -1.6082112e-04  1.3078435e+01 -1.6078564e-04
   1.0144315e+00 -1.6064705e-04  8.6650171e+00 -7.4020405e+00
  -1.6137707e-04 -1.6053152e-04 -3.1638236e+00 -1.6116085e-04
   7.1493173e+00 -1.6051608e-04 -1.6081537e-04  8.1206264e+00
  -1.6119525e-04 -1.6065592e-04 -1.6095718e-04 -1.6111620e-04
  -1.6071247e-04 -1.6092912e-04 -1.6048802e-04 -1.6133850e-04
  -1.6112007e-04 -1.6112383e-04 -1.6084134e-04 -1.6093270e-04
  -1.6133110e-04 -1.6084540e-04 -6.5410976e+00 -1.6109606e-04]]

Final Loss: 2.1104
Distance Metric: 54.4752
L1 norm: 1e-05
L2 norm: 0
Batch size: 16
Clipping: 0
Learning rate: 0.005
data size: 100000
init: 1
seed: 4
stopped after epoch: 2353

================================================================================

overlappingCNN_relu -> fcnn_decreasing_relu

Student Model Parameters:
layers.0.weight: [[0. 0. 0. ... 0. 0. 0.]
 [0. 0. 0. ... 0. 0. 0.]
 [0. 0. 0. ... 0. 0. 0.]
 ...
 [0. 0. 0. ... 0. 0. 0.]
 [0. 0. 0. ... 0. 0. 0.]
 [0. 0. 0. ... 0. 0. 0.]]
layers.1.weight: [[0. 0. 0. ... 0. 0. 0.]
 [0. 0. 0. ... 0. 0. 0.]
 [0. 0. 0. ... 0. 0. 0.]
 ...
 [0. 0. 0. ... 0. 0. 0.]
 [0. 0. 0. ... 0. 0. 0.]
 [0. 0. 0. ... 0. 0. 0.]]
layers.2.weight: [[-2.138194    0.          0.          0.          0.          0.6766378
   0.          0.          0.          0.         -0.42746753  0.
   2.1212435   0.57727194  0.          0.          0.         -1.3191068
   1.0092561   0.          0.          0.          0.         -1.3602197
   0.         -2.4278035   0.          0.          0.          0.
   0.          0.        ]]

Final Loss: 0.0005
Distance Metric: 11.0054
L1 norm: 1e-05
L2 norm: 0
Batch size: 16
Clipping: 0
Learning rate: 0.005
data size: 100000
init: 1
seed: 4
stopped after epoch: 1019

================================================================================

overlappingCNN_relu -> fcnn_decreasing_tanh

Student Model Parameters:
layers.0.weight: [[ 0.          0.          0.         ...  0.          0.
   0.        ]
 [ 0.          0.          0.         ...  0.          0.
   0.        ]
 [ 0.          0.          0.         ...  0.          0.
   0.        ]
 ...
 [ 0.          0.          0.         ...  0.          0.
   0.        ]
 [-0.11259578 -0.00433005  0.28914714 ... -0.6939204  -0.01494682
   0.32234   ]
 [ 0.          0.          0.         ...  0.          0.
   0.        ]]
layers.1.weight: [[ 0.          0.          0.         ...  0.          0.10756199
   0.        ]
 [ 0.          0.          0.         ...  0.         -0.0632015
   0.        ]
 [ 0.          0.          0.         ...  0.         -0.01119152
   0.        ]
 ...
 [ 0.          0.          0.         ...  0.         -0.58597475
   0.        ]
 [ 0.          0.          0.         ...  0.          0.
   0.        ]
 [ 0.          0.          0.         ...  0.          0.00538115
   0.        ]]
layers.2.weight: [[-0.1954386   0.20333663  0.1122968   0.          0.29432333  0.16605176
  -0.7847009  -0.16144924 -0.49626037  0.32891774  0.13495952  0.
   0.         -0.12291683  0.          1.1646464   0.          0.
   0.19095148 -0.7725028  -1.1982867  -0.13118352  0.18333341  0.
   0.46959773 -0.4367506   0.19583157  0.         -0.14802352  0.4522282
   0.         -0.25029576]]

Final Loss: 2.3926
Distance Metric: 48.6711
L1 norm: 1e-05
L2 norm: 0
Batch size: 16
Clipping: 0
Learning rate: 0.005
data size: 100000
init: 1
seed: 4
stopped after epoch: 1243

================================================================================

overlappingCNN_tanh -> fcnn_decreasing_sigmoid

Student Model Parameters:
layers.0.weight: [[-0.00947457 -0.02801977  0.02151532 ... -0.19170742  0.15634961
  -0.04587686]
 [ 0.          0.          0.         ...  0.          0.
   0.        ]
 [ 0.          0.          0.         ...  0.          0.
   0.        ]
 ...
 [ 0.          0.          0.         ...  0.          0.
   0.        ]
 [ 0.          0.          0.         ...  0.          0.
   0.        ]
 [ 0.          0.          0.         ...  0.          0.
   0.        ]]
layers.1.weight: [[3.4080768e+00 0.0000000e+00 0.0000000e+00 ... 0.0000000e+00
  0.0000000e+00 0.0000000e+00]
 [0.0000000e+00 0.0000000e+00 0.0000000e+00 ... 0.0000000e+00
  0.0000000e+00 0.0000000e+00]
 [5.4268155e-04 1.3145320e-04 1.3190847e-04 ... 1.3181377e-04
  1.3121219e-04 1.3108097e-04]
 ...
 [0.0000000e+00 0.0000000e+00 0.0000000e+00 ... 0.0000000e+00
  0.0000000e+00 0.0000000e+00]
 [0.0000000e+00 0.0000000e+00 0.0000000e+00 ... 0.0000000e+00
  0.0000000e+00 0.0000000e+00]
 [0.0000000e+00 0.0000000e+00 0.0000000e+00 ... 0.0000000e+00
  0.0000000e+00 0.0000000e+00]]
layers.2.weight: [[-4.9977283e+00 -2.3544686e-04 -3.9983623e+00 -2.3616203e-04
  -2.3568787e-04 -2.3552890e-04 -2.3525313e-04 -2.3615663e-04
  -2.3597039e-04 -2.3564059e-04 -3.6092765e+00 -2.3566389e-04
  -2.3564027e-04 -2.3612578e-04 -2.3576447e-04 -2.3550454e-04
  -2.3563330e-04 -2.3607601e-04 -2.3622371e-04 -1.4614451e+01
   5.4712138e+00  4.7349186e+00 -2.3619233e-04 -2.3584723e-04
  -2.3575309e-04 -2.3610456e-04 -2.3572777e-04 -2.3550111e-04
  -2.3543341e-04 -2.3547767e-04 -2.3613103e-04 -2.3552019e-04]]

Final Loss: 0.2282
Distance Metric: 49.1653
L1 norm: 1e-05
L2 norm: 0
Batch size: 16
Clipping: 0
Learning rate: 0.005
data size: 100000
init: 1
seed: 4
stopped after epoch: 3751

================================================================================

overlappingCNN_tanh -> fcnn_decreasing_relu

Student Model Parameters:
layers.0.weight: [[-0.9659005   0.35134077  0.03906051 ... -0.06279266  0.00394263
   0.01399493]
 [ 0.          0.          0.         ...  0.          0.
   0.        ]
 [ 0.          0.          0.         ...  0.          0.
   0.        ]
 ...
 [ 0.          0.          0.         ...  0.          0.
   0.        ]
 [ 0.13917707  0.09222049  0.04338662 ... -0.04137493 -0.08070804
  -0.12974001]
 [ 0.          0.          0.         ...  0.          0.
   0.        ]]
layers.1.weight: [[-0.02416684  0.          0.         ...  0.          0.00421646
   0.        ]
 [-0.07678881  0.          0.         ...  0.         -0.05723389
   0.        ]
 [-0.20621943  0.          0.         ...  0.         -0.00203976
   0.        ]
 ...
 [-0.00023855  0.          0.         ...  0.          0.00490205
   0.        ]
 [-0.0844618   0.          0.         ...  0.          0.00739505
   0.        ]
 [ 0.          0.          0.         ...  0.          0.
   0.        ]]
layers.2.weight: [[ 0.3828083  -0.6778181  -0.8003955  -0.6048121   0.          0.32978055
   0.          0.         -0.6671927  -0.3327027  -0.5762638  -0.76989067
   0.          0.          0.          0.         -0.51970655  0.47527352
   0.37144104  0.5063185   0.          0.5137723   0.          0.
   0.          0.39682555 -0.26928514  0.          0.39628932 -0.6088616
  -0.73612875  0.        ]]

Final Loss: 0.2392
Distance Metric: 14.4880
L1 norm: 1e-05
L2 norm: 0
Batch size: 16
Clipping: 0
Learning rate: 0.005
data size: 100000
init: 1
seed: 4
stopped after epoch: 1372

================================================================================

overlappingCNN_tanh -> fcnn_decreasing_tanh

Student Model Parameters:
layers.0.weight: [[ 0.          0.          0.         ...  0.          0.
   0.        ]
 [-0.00243506  0.          0.         ...  1.1463915  -0.46055624
  -0.04957196]
 [ 0.          0.          0.         ...  0.          0.
   0.        ]
 ...
 [ 0.          0.          0.         ...  0.          0.
   0.        ]
 [ 0.          0.          0.         ...  0.          0.
   0.        ]
 [ 0.          0.          0.         ...  0.          0.
   0.        ]]
layers.1.weight: [[0. 0. 0. ... 0. 0. 0.]
 [0. 0. 0. ... 0. 0. 0.]
 [0. 0. 0. ... 0. 0. 0.]
 ...
 [0. 0. 0. ... 0. 0. 0.]
 [0. 0. 0. ... 0. 0. 0.]
 [0. 0. 0. ... 0. 0. 0.]]
layers.2.weight: [[ 0.          0.          0.         -0.83046395  0.          0.6914143
   0.          0.          0.         -0.555271    0.          0.
   0.          0.          0.          0.          0.          0.
   0.         -0.56771874  0.          0.21632378  0.27882934  0.
   0.28890088  0.          0.          0.          0.7827603   0.
   0.          0.        ]]

Final Loss: 0.0007
Distance Metric: 8.8020
L1 norm: 1e-05
L2 norm: 0
Batch size: 16
Clipping: 0
Learning rate: 0.005
data size: 100000
init: 1
seed: 4
stopped after epoch: 1452

================================================================================

