Experiment Summary:
================================================================================

Teacher Model Parameters:
conv1.weight: [[[ 2.59 -2.83  0.87]]]
conv2.weight: [[[-1.38  1.29]]]
conv3.weight: [[[ 0.86 -0.84]]]

================================================================================

nonoverlapping_CNN_relu -> overlapping_CNN_relu

Student Model Parameters:
conv1.weight: [[[-0.8504117   0.9099049  -0.26757273]]

 [[ 0.         -0.2255656   0.97035384]]

 [[ 1.6739669  -1.8290882   0.56225806]]

 [[-0.90135026  0.96810627 -0.28053704]]]
conv2.weight: [[[-0.21705571  0.01953006]
  [ 0.          0.        ]
  [ 0.         -0.26652223]
  [ 0.          0.4351439 ]]

 [[ 0.          0.        ]
  [ 0.          0.        ]
  [-0.02495081  0.0231409 ]
  [ 0.         -0.0533876 ]]

 [[ 0.         -1.0497254 ]
  [ 0.          0.        ]
  [-1.5863234   1.4831439 ]
  [ 0.         -0.24374041]]

 [[-0.31078357 -0.22650997]
  [ 0.          0.        ]
  [-0.45219862  0.41602632]
  [ 0.2923034   0.        ]]]
conv3.weight: [[[-0.84177923  0.        ]
  [ 0.         -0.35542825]
  [ 1.1443665  -1.1139723 ]
  [ 0.04613922 -0.03867463]]]

Final Loss: 0.0002
Distance Metric: 6.5218
L1 norm: 1e-05
L2 norm: 0
Batch size: 32
Clipping: 0

================================================================================

nonoverlapping_CNN_relu -> overlapping_CNN_sigmoid

Student Model Parameters:
conv1.weight: [[[-2.4433367   2.6521053  -0.88448995]]

 [[ 3.5252945  -3.8800557   0.97191644]]

 [[ 0.7381605  -0.5486786  -0.02956691]]

 [[ 0.59660065 -0.8414519   0.5463024 ]]]
conv2.weight: [[[  0.14683947   3.788518  ]
  [  0.46176296  -0.20493175]
  [ -1.264438     2.0293846 ]
  [ -0.37245688  -1.2001154 ]]

 [[ -6.312665   -10.473648  ]
  [ -4.13264     -1.5074283 ]
  [ -4.0062456    4.1949625 ]
  [ -2.1946099    8.065112  ]]

 [[ -0.30852672 -10.725006  ]
  [ -2.7126343    6.2531404 ]
  [ -5.0202947    3.2419624 ]
  [ -2.4423025   -0.37700495]]

 [[  8.879546    -0.9267701 ]
  [ -5.8001394    4.409177  ]
  [ -4.845377     4.0330048 ]
  [ -4.5730166    5.0129457 ]]]
conv3.weight: [[[-10.8022995   -5.82068   ]
  [ 12.861459   -11.098623  ]
  [  7.7614717  -11.506996  ]
  [ 12.231471     0.12725379]]]

Final Loss: 3.4486
Distance Metric: 65.7059
L1 norm: 1e-05
L2 norm: 0
Batch size: 32
Clipping: 0

================================================================================

nonoverlapping_CNN_relu -> overlapping_CNN_tanh

Student Model Parameters:
conv1.weight: [[[-1.7990186   2.1100216  -0.95439184]]

 [[ 0.3046512  -0.5185358  -0.09416077]]

 [[ 0.41054648 -0.4357998   0.42084542]]

 [[ 0.5916141  -2.1085227   0.4964578 ]]]
conv2.weight: [[[-0.85249656 -1.5156046 ]
  [ 1.8117516  -1.6340104 ]
  [ 0.8945992  -2.458446  ]
  [-0.708947    0.34720585]]

 [[-1.268012   -0.7518862 ]
  [ 1.3179668   0.81292707]
  [ 0.2848591   0.5909047 ]
  [-0.7824762   0.3405739 ]]

 [[-0.1837098   0.4810631 ]
  [ 0.38465524  0.51839876]
  [ 0.4221888   0.05136909]
  [ 0.08763929  0.12598336]]

 [[ 0.2799463   0.6918132 ]
  [-0.27511016  0.34037948]
  [-0.05357605  0.5209565 ]
  [-0.30777985 -0.36731884]]]
conv3.weight: [[[-2.0160697   0.27142972]
  [ 2.0775554  -0.0816441 ]
  [ 0.23381026 -0.06679449]
  [ 0.32084894  0.14875145]]]

Final Loss: 3.7474
Distance Metric: 11.7588
L1 norm: 1e-05
L2 norm: 0
Batch size: 32
Clipping: 0

================================================================================

nonoverlapping_CNN_sigmoid -> overlapping_CNN_relu

Student Model Parameters:
conv1.weight: [[[ 0.43451583  0.10178099  0.14560789]]

 [[-0.02842031 -0.949151   -1.7715915 ]]

 [[-0.50391614  0.7937878  -0.19531086]]

 [[-0.27426422 -0.27832806  0.3756235 ]]]
conv2.weight: [[[ 0.48826292  0.446815  ]
  [ 0.10655425  0.10667843]
  [ 0.21054514  0.15727696]
  [ 0.371492    0.3904031 ]]

 [[-0.08917262  0.06807987]
  [ 0.         -0.6994063 ]
  [ 0.08823255 -0.13121946]
  [-0.01660719  0.01450485]]

 [[ 0.01848063  0.15018322]
  [ 0.          0.2162581 ]
  [-0.8782437   1.2204287 ]
  [-0.6364497  -0.60685825]]

 [[-0.19569926 -0.56205875]
  [-0.7159939  -0.1172602 ]
  [-0.06063756  0.12875573]
  [-0.22196348 -0.16498862]]]
conv3.weight: [[[ 0.37776157  0.3584273 ]
  [ 0.45204633 -0.18474503]
  [-0.02282484  0.0438632 ]
  [ 0.7240573   0.2564315 ]]]

Final Loss: 0.0122
Distance Metric: 7.0554
L1 norm: 1e-05
L2 norm: 0
Batch size: 32
Clipping: 0

================================================================================

nonoverlapping_CNN_sigmoid -> overlapping_CNN_sigmoid

Student Model Parameters:
conv1.weight: [[[ 0.7304308   1.2160738  -0.30165267]]

 [[-1.995902    2.2238414  -0.6862875 ]]

 [[ 0.40661842  1.6373081   0.        ]]

 [[ 0.44846356 -0.10576972  0.        ]]]
conv2.weight: [[[-0.26374128  0.        ]
  [ 0.65886766 -0.89359283]
  [ 0.1248624   0.        ]
  [ 0.0643307   0.        ]]

 [[ 0.          0.        ]
  [-1.0625075   0.6851857 ]
  [ 0.          0.2256455 ]
  [ 0.          0.        ]]

 [[-0.333903   -0.58232504]
  [-0.17550832  0.        ]
  [ 0.         -0.5921095 ]
  [-0.3152326   0.        ]]

 [[ 0.9080981   0.        ]
  [ 0.          0.        ]
  [-0.5857895   0.48094872]
  [-0.55297816  0.        ]]]
conv3.weight: [[[ 0.72908664 -0.73809487]
  [-0.6613518   0.6334338 ]
  [-0.11626436  0.14112219]
  [ 0.09499758 -0.05636486]]]

Final Loss: 0.0002
Distance Metric: 6.6941
L1 norm: 1e-05
L2 norm: 0
Batch size: 32
Clipping: 0

================================================================================

nonoverlapping_CNN_sigmoid -> overlapping_CNN_tanh

Student Model Parameters:
conv1.weight: [[[-1.8656288   0.7033951   0.8303525 ]]

 [[ 1.1212682  -0.6932193  -0.5104702 ]]

 [[ 0.5447133  -0.81949574  0.17494942]]

 [[-1.0107968  -1.2640402   0.53110194]]]
conv2.weight: [[[-0.99186844  0.06592749]
  [ 1.1584634   0.1298581 ]
  [ 0.397925   -1.0725093 ]
  [ 0.52302575  0.64919645]]

 [[ 0.         -0.784845  ]
  [ 0.18405142  0.23603562]
  [-0.62699956 -0.50251687]
  [ 0.10934746 -0.13762261]]

 [[ 1.3007268   1.0257639 ]
  [-0.37376022  0.2467286 ]
  [ 0.73228097 -0.02350405]
  [-0.6256725   0.30308038]]

 [[ 0.6923998  -0.47877112]
  [-0.7366389   0.03877456]
  [ 0.         -0.04768538]
  [-0.33651987 -0.11662976]]]
conv3.weight: [[[-0.2738752   0.32000163]
  [-0.11974097 -0.45794493]
  [-0.07409042 -0.4346429 ]
  [-0.10691046  0.709781  ]]]

Final Loss: 0.2367
Distance Metric: 8.2427
L1 norm: 1e-05
L2 norm: 0
Batch size: 32
Clipping: 0

================================================================================

nonoverlapping_CNN_tanh -> overlapping_CNN_relu

Student Model Parameters:
conv1.weight: [[[-1.3339926   1.4788159  -0.53183943]]

 [[ 0.92859435 -0.05921658 -1.1625363 ]]

 [[ 1.0608829  -0.65836394 -0.04712784]]

 [[ 0.7991857  -0.83922344  0.3438081 ]]]
conv2.weight: [[[-0.06003086 -0.8892171 ]
  [ 0.10364451  0.44660625]
  [ 0.16364034 -0.9871549 ]
  [-0.0440526   0.704791  ]]

 [[ 0.08946048  0.04193404]
  [-0.40116298 -0.11684263]
  [ 0.703871    0.41569206]
  [-0.10813541  0.25750268]]

 [[-1.3152381   0.2546913 ]
  [ 0.25327903  0.21282864]
  [-0.24564803 -0.3925524 ]
  [ 0.5693634   0.2646006 ]]

 [[ 0.43401545 -1.0363058 ]
  [ 0.48300934  0.11692811]
  [-0.8697878   0.08888283]
  [-1.0066497   0.08035967]]]
conv3.weight: [[[ 0.921386   -0.1952534 ]
  [ 0.24761416 -0.09028406]
  [-0.8335045   0.44301158]
  [ 0.25358486 -1.4043131 ]]]

Final Loss: 0.2141
Distance Metric: 8.8520
L1 norm: 1e-05
L2 norm: 0
Batch size: 32
Clipping: 0

================================================================================

nonoverlapping_CNN_tanh -> overlapping_CNN_sigmoid

Student Model Parameters:
conv1.weight: [[[ 3.991212   -4.3355074   1.637434  ]]

 [[-0.26142704  0.4737439  -0.07069485]]

 [[ 5.926912   -6.5826097   1.895667  ]]

 [[ 0.02674517 -1.1180699   0.01873998]]]
conv2.weight: [[[-2.1641362   0.16717057]
  [-0.9770335  -0.24723145]
  [-2.3010204   2.51841   ]
  [-0.29918832 -0.52425385]]

 [[-1.5170112   1.8330339 ]
  [-0.02130386 -0.35309568]
  [-3.5120823   3.271125  ]
  [-0.11332611 -0.0153147 ]]

 [[ 1.5226618  -2.3701892 ]
  [ 0.          0.03778578]
  [ 2.8354099  -2.30364   ]
  [ 0.02833953 -0.04888407]]

 [[ 1.3151913  -1.4426115 ]
  [-1.0727595  -1.5257113 ]
  [ 3.1056082  -2.1376433 ]
  [-0.7519696  -0.02060278]]]
conv3.weight: [[[-0.58336246 -3.8231828 ]
  [ 2.6997406  -3.7385209 ]
  [-2.7674313   2.0763795 ]
  [-4.9933534   0.2922959 ]]]

Final Loss: 0.1855
Distance Metric: 30.1255
L1 norm: 1e-05
L2 norm: 0
Batch size: 32
Clipping: 0

================================================================================

nonoverlapping_CNN_tanh -> overlapping_CNN_tanh

Student Model Parameters:
conv1.weight: [[[-1.0975671   0.28528178  0.06391108]]

 [[ 0.68880916 -0.72656167  0.        ]]

 [[ 2.5833678  -2.8226912   0.86749905]]

 [[-0.5328395  -1.0241858   0.        ]]]
conv2.weight: [[[-0.02655487  0.        ]
  [ 0.24961041  0.01555784]
  [ 0.         -0.8576349 ]
  [ 0.34241617  0.45790237]]

 [[ 0.          0.        ]
  [ 0.          0.        ]
  [-0.23560569  0.17615344]
  [ 0.          0.        ]]

 [[ 0.          0.        ]
  [ 0.          0.        ]
  [-1.3776228   1.2876263 ]
  [ 0.          0.        ]]

 [[ 0.          0.        ]
  [-0.24677205  0.16918004]
  [ 0.          0.        ]
  [ 0.          0.        ]]]
conv3.weight: [[[ 0.          0.        ]
  [ 0.          0.        ]
  [ 0.8602049  -0.84025395]
  [ 0.          0.        ]]]

Final Loss: 0.0002
Distance Metric: 3.0589
L1 norm: 1e-05
L2 norm: 0
Batch size: 32
Clipping: 0

================================================================================

