Experiment Summary:
================================================================================

Teacher Model Parameters:
layers.0.weight: [[[ 2.59 -2.83  0.87]]]
layers.1.weight: [[[-1.38  1.29]]]
layers.2.weight: [[[ 0.86 -0.84]]]

================================================================================

nonoverlapping_CNN_relu -> overlapping_CNN_relu

Student Model Parameters:
layers.0.weight: [[[ 1.5177276  -1.6583655   0.50980765]]

 [[ 0.          0.          0.        ]]

 [[ 0.          0.          0.        ]]

 [[ 0.          0.          0.18134098]]]
layers.1.weight: [[[ 0.          0.        ]
  [ 0.          0.        ]
  [ 0.          0.        ]
  [ 0.         -0.10414365]]

 [[-1.4217186   1.3290071 ]
  [ 0.          0.        ]
  [-0.01103798  0.        ]
  [ 0.          0.        ]]

 [[ 0.          0.        ]
  [ 0.          0.        ]
  [ 0.          0.        ]
  [ 0.          0.        ]]

 [[ 0.          0.        ]
  [ 0.          0.        ]
  [ 0.          0.        ]
  [ 0.          0.        ]]]
layers.2.weight: [[[ 0.        0.      ]
  [ 1.424504 -1.39133 ]
  [ 0.        0.      ]
  [ 0.        0.      ]]]

Final Loss: 0.0001
Distance Metric: 2.7612
L1 norm: 1e-05
L2 norm: 0
Batch size: 16
Clipping: 0

================================================================================

nonoverlapping_CNN_relu -> overlapping_CNN_relu

Student Model Parameters:
layers.0.weight: [[[ 0.          0.          0.        ]]

 [[ 0.          0.          0.        ]]

 [[ 1.3228817  -1.4454683   0.44436544]]

 [[ 0.          0.          0.        ]]]
layers.1.weight: [[[ 0.         0.       ]
  [ 0.         0.       ]
  [-1.5135821  1.4148831]
  [ 0.         0.       ]]

 [[ 0.         0.       ]
  [ 0.         0.       ]
  [ 0.         0.       ]
  [ 0.         0.       ]]

 [[ 0.         0.       ]
  [ 0.         0.       ]
  [ 0.         0.       ]
  [ 0.         0.       ]]

 [[ 0.         0.       ]
  [ 0.         0.       ]
  [ 0.         0.       ]
  [ 0.         0.       ]]]
layers.2.weight: [[[ 1.5351243 -1.4993821]
  [ 0.         0.       ]
  [ 0.         0.       ]
  [ 0.         0.       ]]]

Final Loss: 0.0001
Distance Metric: 3.0511
L1 norm: 1e-05
L2 norm: 0
Batch size: 16
Clipping: 0

================================================================================

nonoverlapping_CNN_sigmoid -> overlapping_CNN_sigmoid

Student Model Parameters:
layers.0.weight: [[[-0.10104488  0.28410807  0.        ]]

 [[-0.7356048   0.9617323   0.        ]]

 [[ 2.2293591  -2.438317    0.7358464 ]]

 [[ 0.          0.          0.        ]]]
layers.1.weight: [[[ 0.         0.       ]
  [ 0.         0.       ]
  [ 1.1085829 -1.0353767]
  [ 0.         0.       ]]

 [[ 0.         0.       ]
  [ 0.         0.       ]
  [ 0.         0.       ]
  [ 0.         0.       ]]

 [[ 0.         0.       ]
  [ 0.         0.       ]
  [ 0.         0.       ]
  [ 0.         0.       ]]

 [[ 0.         0.       ]
  [ 0.         0.       ]
  [ 0.         0.       ]
  [ 0.         0.       ]]]
layers.2.weight: [[[-1.0645937   1.0529444 ]
  [ 0.02735599  0.        ]
  [ 0.          0.        ]
  [ 0.          0.        ]]]

Final Loss: 0.0001
Distance Metric: 2.3365
L1 norm: 1e-05
L2 norm: 0
Batch size: 16
Clipping: 0

================================================================================

nonoverlapping_CNN_tanh -> overlapping_CNN_tanh

Student Model Parameters:
layers.0.weight: [[[ 0.          0.          0.        ]]

 [[-0.14669803  0.22955784  0.        ]]

 [[ 2.5845327  -2.8239465   0.8680611 ]]

 [[ 0.          0.          0.        ]]]
layers.1.weight: [[[ 0.          0.        ]
  [ 0.          0.        ]
  [ 0.4011082  -0.50951654]
  [ 0.          0.        ]]

 [[ 0.          0.        ]
  [ 0.          0.        ]
  [-1.3773015   1.28728   ]
  [ 0.          0.        ]]

 [[ 0.          0.        ]
  [ 0.          0.        ]
  [ 0.          0.        ]
  [ 0.          0.        ]]

 [[ 0.          0.        ]
  [ 0.          0.        ]
  [ 0.          0.        ]
  [ 0.          0.        ]]]
layers.2.weight: [[[ 0.          0.        ]
  [ 0.8601902  -0.84022164]
  [ 0.          0.        ]
  [ 0.          0.        ]]]

Final Loss: 0.0001
Distance Metric: 0.9334
L1 norm: 1e-05
L2 norm: 0
Batch size: 16
Clipping: 0

================================================================================

