Experiment Summary:
================================================================================

Teacher Model Parameters:
layers.0.weight: [[[ 2.59 -2.83  0.87]]]
layers.1.weight: [[[-1.38  1.29]]]
layers.2.weight: [[[ 0.86 -0.84]]]

================================================================================

nonoverlappingCNN_relu -> fcnn_decreasing_relu

Student Model Parameters:
layers.0.weight: [[-0.47963953 -0.5205858   0.64187187 ...  0.55547905 -0.11023921
  -0.61179   ]
 [-0.40662056  0.60541    -0.19867113 ...  0.11052677 -0.5319747
  -0.67818403]
 [-0.0724258  -0.43324077  0.26887932 ...  0.7265802   0.09925417
   0.26558197]
 ...
 [-0.09279662 -0.7494785   0.00221343 ... -0.46285692 -0.24707922
   0.41861513]
 [-0.50207025  0.06220429 -0.09723776 ... -0.04414887 -0.23164748
   0.32402113]
 [ 0.40719286 -0.13321026  0.         ...  0.4220184   0.27368766
   0.25203747]]
layers.1.weight: [[-0.00903555 -0.06154115  0.         ... -0.06473612 -0.0343052
   0.07286815]
 [-0.09126268  0.         -0.14401422 ...  0.0627753  -0.01901102
  -0.08162647]
 [ 0.         -0.23745891  0.00414724 ... -0.04774038  0.
  -0.09248444]
 ...
 [-0.3709556  -0.25834578 -0.00940175 ...  0.20224483 -0.1292522
   0.06256548]
 [ 0.07700315  0.03819543 -0.04852971 ...  0.          0.02046239
  -0.23246025]
 [ 0.07894419  0.00707249  0.05628616 ... -0.18072642 -0.03495776
   0.        ]]
layers.2.weight: [[-1.55317083e-01 -3.85913029e-02 -5.04122674e-02  0.00000000e+00
  -1.56927392e-01 -1.94045126e+00 -2.19909266e-01 -4.17996138e-01
   2.26233736e-01 -8.30029428e-01  0.00000000e+00 -6.77360743e-02
  -5.28871441e+00 -2.35854136e-03 -4.49290797e-02  1.01423010e-01
   2.32682675e-01 -2.93381363e-01 -3.32588941e-01  5.19008413e-02
  -6.36664629e-01 -4.08249676e-01  1.31058209e-02  1.33752510e-01
  -2.75150448e-01 -2.14130998e-01 -1.23814836e-01  3.00265640e-01
  -1.94580719e-01 -6.56847656e-01 -1.25585258e-01 -6.74934328e-01]]

Final Loss: 4.5397
Distance Metric: 41.8555
L1 norm: 1e-05
L2 norm: 0
Batch size: 16
Clipping: 0

================================================================================

nonoverlappingCNN_tanh -> fcnn_decreasing_tanh

Student Model Parameters:
layers.0.weight: [[0. 0. 0. ... 0. 0. 0.]
 [0. 0. 0. ... 0. 0. 0.]
 [0. 0. 0. ... 0. 0. 0.]
 ...
 [0. 0. 0. ... 0. 0. 0.]
 [0. 0. 0. ... 0. 0. 0.]
 [0. 0. 0. ... 0. 0. 0.]]
layers.1.weight: [[0. 0. 0. ... 0. 0. 0.]
 [0. 0. 0. ... 0. 0. 0.]
 [0. 0. 0. ... 0. 0. 0.]
 ...
 [0. 0. 0. ... 0. 0. 0.]
 [0. 0. 0. ... 0. 0. 0.]
 [0. 0. 0. ... 0. 0. 0.]]
layers.2.weight: [[ 0.          0.          0.          0.          0.          0.
   0.          0.          0.          0.          0.          0.
   0.47868022 -0.3797099   0.          0.          0.          0.
   0.          0.          0.          0.          0.          0.
   0.         -0.4685727   0.          0.          0.          0.
   0.         -0.36931995]]

Final Loss: 0.0004
Distance Metric: 11.5362
L1 norm: 1e-05
L2 norm: 0
Batch size: 16
Clipping: 0

================================================================================

nonoverlappingCNN_sigmoid -> fcnn_decreasing_sigmoid

Student Model Parameters:
layers.0.weight: [[0. 0. 0. ... 0. 0. 0.]
 [0. 0. 0. ... 0. 0. 0.]
 [0. 0. 0. ... 0. 0. 0.]
 ...
 [0. 0. 0. ... 0. 0. 0.]
 [0. 0. 0. ... 0. 0. 0.]
 [0. 0. 0. ... 0. 0. 0.]]
layers.1.weight: [[0. 0. 0. ... 0. 0. 0.]
 [0. 0. 0. ... 0. 0. 0.]
 [0. 0. 0. ... 0. 0. 0.]
 ...
 [0. 0. 0. ... 0. 0. 0.]
 [0. 0. 0. ... 0. 0. 0.]
 [0. 0. 0. ... 0. 0. 0.]]
layers.2.weight: [[ 1.3765696e-04  1.3806157e-04  1.3694627e-04  1.3780576e-04
   1.3840647e-04  1.3823435e-04  1.3770151e-04  1.3820207e-04
   2.4319389e-01  1.3747904e-04 -9.3895161e-01  4.3549201e-01
   1.3821560e-04  1.3777279e-04  1.3749831e-04  3.3209872e-01
   1.3780466e-04  3.7954026e-01  1.3752014e-04  8.6175084e-02
   1.3821787e-04  1.3652045e-04  1.3750703e-04  1.9935758e-01
   4.3482956e-01  1.3773431e-04  1.3656939e-04  1.3751023e-04
  -1.7367644e+00  1.3831731e-04  1.3750189e-04  7.9200190e-04]]

Final Loss: 0.0003
Distance Metric: 9.7755
L1 norm: 1e-05
L2 norm: 0
Batch size: 16
Clipping: 0

================================================================================

nonoverlappingCNN_relu -> fcnn_decreasing_relu

Student Model Parameters:
layers.0.weight: [[-0.06960367 -0.78562945 -0.3178741  ...  0.22161606  0.05180494
  -0.16798453]
 [ 0.04387752 -0.09577092  0.20101804 ...  0.0473221  -0.7257359
  -0.42662656]
 [ 0.16668594  0.2619139  -0.0872623  ... -0.01868898 -0.12228359
  -0.11744887]
 ...
 [ 0.09463111 -0.14816147  0.8500867  ...  0.28235766  0.12359877
  -0.18615471]
 [ 0.2375524  -0.04771077  0.26101947 ... -0.54444647 -0.01954657
   0.16103575]
 [ 0.38065526 -0.1933456   0.02090533 ...  0.13739575  0.45146754
   0.49704063]]
layers.1.weight: [[-0.02870038 -0.22144479  0.03013016 ...  0.07672653  0.04779822
   0.        ]
 [-0.05274466  0.         -0.11685434 ... -0.07777578  0.
   0.04884073]
 [ 0.         -0.03722013 -0.04320224 ...  0.00998522  0.05024289
  -0.06909662]
 ...
 [-0.09545482  0.05701659  0.16175665 ... -0.12161285  0.0708963
  -0.14741759]
 [-0.06453413 -0.15450846  0.         ...  0.03668789  0.04237853
  -0.00533479]
 [ 0.02321824 -0.04675335  0.07927442 ... -0.20400995  0.02690277
  -0.03778022]]
layers.2.weight: [[ 0.         -0.39372322  0.12146097 -0.32830933 -0.550707    0.
   0.         -0.24513054  0.         -0.3450506  -0.11451341 -0.276673
  -0.45317906 -0.17676975 -0.25358468 -0.3097618  -0.36890748 -0.00530055
  -0.14106995  0.10905306 -0.57190424  0.4494677  -0.27171335  0.
  -0.35634214 -0.05566552 -0.07644775 -0.08381194 -0.02071263  0.058722
  -0.35912436 -0.04744967]]

Final Loss: 4.9935
Distance Metric: 35.0150
L1 norm: 1e-05
L2 norm: 0
Batch size: 16
Clipping: 0

================================================================================

