Experiment Summary:
================================================================================

Teacher Model Parameters:
layers.0.weight: [[[ 2.59 -2.83  0.87]]]
layers.1.weight: [[[-1.38  1.29]]]
layers.2.weight: [[[ 0.86 -0.84]]]

================================================================================

nonoverlapping_CNN_relu -> overlapping_CNN_relu

Student Model Parameters:
layers.0.weight: [[[ 1.0464835  -1.1436243   0.35134503]]

 [[ 0.9044319   0.          0.20861915]]

 [[ 1.204811   -1.316384    0.4048155 ]]

 [[-0.01021646  0.          0.        ]]]
layers.1.weight: [[[ 0.2780876  -0.93363875]
  [ 0.08983096 -0.11079698]
  [ 0.61420363  0.        ]
  [ 0.5209805  -0.22149283]]

 [[-0.6535859   0.7550186 ]
  [ 0.          0.        ]
  [-1.4144615   1.1971028 ]
  [ 0.          0.        ]]

 [[ 0.11897396 -0.7713355 ]
  [-0.29119962  0.58900124]
  [-0.14063776  0.        ]
  [ 0.          0.30800253]]

 [[ 0.         -0.15724196]
  [-0.8941838  -0.70568824]
  [-0.17611766 -0.26519933]
  [-0.16561583  0.0567637 ]]]
layers.2.weight: [[[-0.6493179   0.        ]
  [ 1.2870773  -1.2571291 ]
  [ 0.          0.        ]
  [ 0.07375684  0.8185496 ]]]

Final Loss: 0.0000
Distance Metric: 8.0969
L1 norm: 0
L2 norm: 1e-05
Batch size: 16
Clipping: 0.01

================================================================================

nonoverlapping_CNN_tanh -> overlapping_CNN_tanh

Student Model Parameters:
layers.0.weight: [[[ 0.         -1.423895    0.        ]]

 [[ 0.          0.60455215  0.        ]]

 [[ 0.30257574 -0.8304384   0.        ]]

 [[ 0.53828216  0.          0.25245854]]]
layers.1.weight: [[[ 0.          0.        ]
  [-0.8246061   0.        ]
  [ 0.         -4.1450663 ]
  [ 1.0047692  -3.7328072 ]]

 [[ 0.          0.        ]
  [-2.798443   -1.4688004 ]
  [ 2.7835705  -2.0789297 ]
  [ 5.330204    0.        ]]

 [[-0.6488224   0.        ]
  [ 0.          4.925953  ]
  [ 1.401658    0.        ]
  [ 0.         -4.9670053 ]]

 [[ 0.22489223  0.96299887]
  [-0.3950633  -1.034494  ]
  [-1.4567497   0.        ]
  [ 0.          0.        ]]]
layers.2.weight: [[[ 0.          0.39228004]
  [-0.45479593  0.46237162]
  [-0.40228707  0.        ]
  [ 0.          0.        ]]]

Final Loss: 0.0079
Distance Metric: 16.0754
L1 norm: 0
L2 norm: 1e-05
Batch size: 16
Clipping: 0.01

================================================================================

nonoverlapping_CNN_sigmoid -> overlapping_CNN_sigmoid

Student Model Parameters:
layers.0.weight: [[[ 0.         -1.1856325   0.47178787]]

 [[ 1.1584476   0.          0.05137702]]

 [[ 0.          0.96620536  0.        ]]

 [[-1.7927873   1.9850665   0.        ]]]
layers.1.weight: [[[-0.16272043  0.32395554]
  [ 0.          0.49955973]
  [ 0.         -0.4552598 ]
  [ 0.09281109  0.        ]]

 [[ 0.21871376 -0.1942693 ]
  [-0.2796959   0.10131426]
  [-0.31273693  0.05556624]
  [ 0.15323265 -0.0268716 ]]

 [[-0.06789399 -0.04215764]
  [ 0.         -0.42654654]
  [ 0.09789632  0.5191099 ]
  [ 0.         -0.88094115]]

 [[ 0.71155405 -0.5790331 ]
  [ 0.         -0.5495139 ]
  [ 0.94988644  0.        ]
  [-0.9580366   0.        ]]]
layers.2.weight: [[[ 0.        -0.7006995]
  [ 0.         0.       ]
  [ 1.015766   0.       ]
  [-1.2274411  1.1769269]]]

Final Loss: 0.0002
Distance Metric: 7.1922
L1 norm: 0
L2 norm: 1e-05
Batch size: 16
Clipping: 0.01

================================================================================

