Experiment Summary:
================================================================================

Teacher Model Parameters:
conv1.weight: [[[ 2.59 -2.83  0.87]]]
conv2.weight: [[[-1.38  1.29]]]
conv3.weight: [[[ 0.86 -0.84]]]

================================================================================

nonoverlapping_CNN_relu -> overlapping_CNN_relu

Student Model Parameters:
conv1.weight: [[[ 0.41516843 -0.3757207   0.2189549 ]]

 [[ 1.6055558  -1.7543398   0.5393294 ]]

 [[-0.5722784   0.7582895   0.        ]]

 [[-0.6942663   0.35052618 -0.11633138]]]
conv2.weight: [[[ 0.          0.        ]
  [-1.5799571   1.4769236 ]
  [ 0.          0.        ]
  [ 0.          0.        ]]

 [[ 0.5467949  -0.5972938 ]
  [ 0.2464257  -0.6454493 ]
  [ 0.          0.7470568 ]
  [ 0.          0.        ]]

 [[ 0.          0.        ]
  [ 0.          0.        ]
  [-0.5251945  -0.5279537 ]
  [-0.27764457 -0.08195934]]

 [[ 0.15694867 -0.37671784]
  [ 0.          0.        ]
  [ 0.         -0.1009102 ]
  [-0.34531683  0.        ]]]
conv3.weight: [[[ 1.2117095  -1.1834944 ]
  [-1.2526711   0.        ]
  [ 0.          0.        ]
  [-0.20958316  0.        ]]]

Final Loss: 0.0002
Distance Metric: 6.3824
L1 norm: 1e-05
L2 norm: 0
Batch size: 32
Clipping: 0.01

================================================================================

nonoverlapping_CNN_relu -> overlapping_CNN_sigmoid

Student Model Parameters:
conv1.weight: [[[-1.602542    1.5895215  -0.4439496 ]]

 [[ 0.          0.          0.        ]]

 [[ 0.23497605  0.          0.        ]]

 [[ 0.         -0.67155695  0.9020407 ]]]
conv2.weight: [[[ -0.18804966   0.        ]
  [  0.25535837   0.9065488 ]
  [  0.          -0.78238964]
  [  0.6079627    0.972063  ]]

 [[  4.853043   -11.6205845 ]
  [  0.           1.6301135 ]
  [ -3.8599243    0.        ]
  [  0.           1.9356288 ]]

 [[  0.5819728   -2.2244182 ]
  [  0.           2.0334404 ]
  [ -1.3893303    0.        ]
  [  0.           0.        ]]

 [[  0.15598774   0.        ]
  [ -0.8627681    0.        ]
  [  0.           0.21705352]
  [  0.           0.5007585 ]]]
conv3.weight: [[[  0.         0.      ]
  [ 14.625933   0.      ]
  [  0.       -13.990861]
  [  0.         0.      ]]]

Final Loss: 3.4975
Distance Metric: 38.0495
L1 norm: 1e-05
L2 norm: 0
Batch size: 32
Clipping: 0.01

================================================================================

nonoverlapping_CNN_relu -> overlapping_CNN_tanh

Student Model Parameters:
conv1.weight: [[[-0.4148765   0.37158749 -0.28215206]]

 [[-1.6359378   2.1620839   0.        ]]

 [[ 0.30058268 -0.37917644  0.06309512]]

 [[ 0.46840745 -0.7318384  -0.15754914]]]
conv2.weight: [[[ 0.          0.4736884 ]
  [ 0.          0.        ]
  [ 0.          0.        ]
  [ 0.         -0.15811786]]

 [[ 1.3026079  -2.06919   ]
  [ 0.          2.015146  ]
  [ 0.          1.126785  ]
  [-0.9888842   0.77478415]]

 [[ 0.          0.        ]
  [ 0.         -0.8895515 ]
  [ 2.5183835   0.39138088]
  [ 0.          1.435341  ]]

 [[ 0.24247941  0.        ]
  [ 1.2537984  -0.6237246 ]
  [ 0.42494074  0.        ]
  [ 0.          0.27627677]]]
conv3.weight: [[[ 0.          0.3961453 ]
  [ 1.864396    0.        ]
  [ 1.7729568   0.        ]
  [ 0.         -0.11456233]]]

Final Loss: 3.7654
Distance Metric: 10.9453
L1 norm: 1e-05
L2 norm: 0
Batch size: 32
Clipping: 0.01

================================================================================

nonoverlapping_CNN_sigmoid -> overlapping_CNN_relu

Student Model Parameters:
conv1.weight: [[[ 0.61696553  0.9093137   1.0089475 ]]

 [[ 0.         -0.8120533   0.        ]]

 [[-0.5859863   0.35377982 -1.0894369 ]]

 [[ 0.71671396  0.53328466 -1.2635576 ]]]
conv2.weight: [[[ 0.          0.        ]
  [ 1.1814781   0.        ]
  [-0.2439919   0.        ]
  [ 0.          0.        ]]

 [[ 0.          0.25489873]
  [ 0.          0.        ]
  [ 0.61447936  0.        ]
  [ 0.          0.        ]]

 [[ 0.          0.        ]
  [-0.18423258  0.22035167]
  [-0.4948629  -0.72174585]
  [ 0.0707074   0.31205013]]

 [[ 0.590593    0.        ]
  [-0.14007863  0.6367231 ]
  [ 0.          0.        ]
  [ 0.          0.        ]]]
conv3.weight: [[[0.13151772 0.16701733]
  [0.21494138 0.14735691]
  [0.         0.        ]
  [0.18535134 0.14793132]]]

Final Loss: 0.0243
Distance Metric: 7.4783
L1 norm: 1e-05
L2 norm: 0
Batch size: 32
Clipping: 0.01

================================================================================

nonoverlapping_CNN_sigmoid -> overlapping_CNN_sigmoid

Student Model Parameters:
conv1.weight: [[[-2.0393257   2.1858225  -0.6340782 ]]

 [[-1.0395765  -1.1452217   0.        ]]

 [[ 0.90963626 -0.17236136  0.        ]]

 [[ 0.          0.          0.        ]]]
conv2.weight: [[[ 1.1262094  -1.3723713 ]
  [ 0.14458308  0.12800655]
  [ 0.30225313 -0.18172607]
  [-0.2696788   0.        ]]

 [[-0.65835804  0.        ]
  [-0.10625117  0.310818  ]
  [ 0.03202171  0.        ]
  [ 0.          0.        ]]

 [[-0.40108877  0.        ]
  [-0.08265868  0.        ]
  [ 0.22847243  0.        ]
  [-0.36264735 -0.43794602]]

 [[ 0.          0.        ]
  [ 0.8328909   0.        ]
  [ 0.13544063 -0.02933039]
  [ 0.         -1.0531001 ]]]
conv3.weight: [[[ 0.8794534  -0.86252236]
  [-0.4938067   0.4840726 ]
  [ 0.          0.        ]
  [-0.10424805  0.11610253]]]

Final Loss: 0.0002
Distance Metric: 5.2445
L1 norm: 1e-05
L2 norm: 0
Batch size: 32
Clipping: 0.01

================================================================================

nonoverlapping_CNN_sigmoid -> overlapping_CNN_tanh

Student Model Parameters:
conv1.weight: [[[-1.3699228   0.7274339   1.0516397 ]]

 [[ 0.6171434  -0.5382072  -0.17766252]]

 [[ 0.61341614 -0.71723586  0.34677032]]

 [[-0.6555173  -1.2973033   0.        ]]]
conv2.weight: [[[-0.44336796  0.33483404]
  [ 0.60455334  0.1899613 ]
  [ 0.         -1.1399505 ]
  [ 0.68283165  0.70773244]]

 [[ 0.6417858  -0.07021536]
  [ 0.          0.        ]
  [-0.10900825 -0.10976567]
  [ 0.04156932  0.        ]]

 [[ 1.7604517   0.4737971 ]
  [ 0.          0.5711233 ]
  [-0.7308766   0.        ]
  [ 0.          0.        ]]

 [[ 1.428508    0.        ]
  [-1.2689263   0.        ]
  [ 0.          0.24082865]
  [ 0.08813147  0.        ]]]
conv3.weight: [[[ 0.         0.       ]
  [-0.5350219  0.       ]
  [ 0.        -0.8849306]
  [ 0.3547326  0.8552496]]]

Final Loss: 0.2437
Distance Metric: 7.7157
L1 norm: 1e-05
L2 norm: 0
Batch size: 32
Clipping: 0.01

================================================================================

nonoverlapping_CNN_tanh -> overlapping_CNN_relu

Student Model Parameters:
conv1.weight: [[[-0.5184783  -2.5868397   0.5307906 ]]

 [[ 0.87274593  0.          0.        ]]

 [[-0.8916879  -0.5294281  -0.13867816]]

 [[-1.3676627  -0.5213111   0.        ]]]
conv2.weight: [[[ 0.          0.46044594]
  [-0.6851693   0.26333007]
  [ 0.         -0.61400545]
  [-0.15459047  0.        ]]

 [[ 0.         -0.395775  ]
  [-0.5678214   0.6095521 ]
  [ 0.          0.        ]
  [-0.0222485  -0.7289432 ]]

 [[ 0.4401476   0.15601136]
  [ 0.79986817  0.        ]
  [-0.38470018  0.        ]
  [ 0.          0.        ]]

 [[ 0.          0.40853524]
  [ 0.          0.32049617]
  [ 0.14419515  0.45528996]
  [ 0.         -0.5916503 ]]]
conv3.weight: [[[ 0.         -0.05522835]
  [ 0.28208494  0.        ]
  [-0.3850128   0.361313  ]
  [ 0.4700834  -0.42251742]]]

Final Loss: 0.2598
Distance Metric: 7.4204
L1 norm: 1e-05
L2 norm: 0
Batch size: 32
Clipping: 0.01

================================================================================

nonoverlapping_CNN_tanh -> overlapping_CNN_sigmoid

Student Model Parameters:
conv1.weight: [[[ 3.9759045 -4.744188   1.5448782]]

 [[ 0.        -0.778844   2.130558 ]]

 [[-3.754752   3.6086347  0.       ]]

 [[ 0.         0.         0.       ]]]
conv2.weight: [[[  8.12346      0.        ]
  [  0.           0.        ]
  [  0.           0.        ]
  [  0.         -12.752806  ]]

 [[ -5.4845676    0.        ]
  [ -1.5093563    2.378974  ]
  [  4.420077    -8.398047  ]
  [  2.1449227    0.        ]]

 [[  0.58222234  -0.34710634]
  [  0.1663691    0.        ]
  [  0.17448369   0.        ]
  [  0.8905955    0.        ]]

 [[ -5.1814737    0.        ]
  [ -2.6934755    0.        ]
  [  0.           0.        ]
  [  0.          -3.6969428 ]]]
conv3.weight: [[[-6.034805   0.       ]
  [ 0.        -8.53028  ]
  [ 0.         0.       ]
  [ 0.        -1.0780509]]]

Final Loss: 0.2509
Distance Metric: 40.3842
L1 norm: 1e-05
L2 norm: 0
Batch size: 32
Clipping: 0.01

================================================================================

nonoverlapping_CNN_tanh -> overlapping_CNN_tanh

Student Model Parameters:
conv1.weight: [[[ 0.          0.          0.        ]]

 [[ 0.4104091  -0.47037673 -0.05366875]]

 [[ 1.1783657  -1.2777452   0.        ]]

 [[-2.5846202   2.824055   -0.8680813 ]]]
conv2.weight: [[[ 0.3478163   0.        ]
  [ 0.28565925  0.        ]
  [ 0.         -0.12568922]
  [ 0.32428437  0.        ]]

 [[-0.5669182   0.        ]
  [ 0.         -0.2209599 ]
  [-0.27041352  1.1295295 ]
  [ 1.5854241   0.        ]]

 [[ 0.          0.        ]
  [ 0.          0.        ]
  [ 0.          0.        ]
  [ 1.3772682  -1.2872939 ]]

 [[ 0.         -0.25371468]
  [-0.28412426  0.        ]
  [ 0.          0.5422039 ]
  [-0.23304644  0.        ]]]
conv3.weight: [[[ 0.          0.        ]
  [ 0.          0.        ]
  [ 0.8601886  -0.84021264]
  [ 0.          0.        ]]]

Final Loss: 0.0002
Distance Metric: 4.1072
L1 norm: 1e-05
L2 norm: 0
Batch size: 32
Clipping: 0.01

================================================================================

