Experiment Summary:
================================================================================

Teacher Model Parameters:
layers.0.weight: [[[ 2.59 -2.83  0.87]]]
layers.1.weight: [[[-1.38  1.29]]]
layers.2.weight: [[[ 0.86 -0.84]]]

================================================================================

nonoverlappingCNN_sigmoid -> fcnn_decreasing_sigmoid

Student Model Parameters:
layers.0.weight: [[0. 0. 0. ... 0. 0. 0.]
 [0. 0. 0. ... 0. 0. 0.]
 [0. 0. 0. ... 0. 0. 0.]
 ...
 [0. 0. 0. ... 0. 0. 0.]
 [0. 0. 0. ... 0. 0. 0.]
 [0. 0. 0. ... 0. 0. 0.]]
layers.1.weight: [[0. 0. 0. ... 0. 0. 0.]
 [0. 0. 0. ... 0. 0. 0.]
 [0. 0. 0. ... 0. 0. 0.]
 ...
 [0. 0. 0. ... 0. 0. 0.]
 [0. 0. 0. ... 0. 0. 0.]
 [0. 0. 0. ... 0. 0. 0.]]
layers.2.weight: [[0.00065484 0.00065477 0.00065464 0.00065581 0.0006553  0.00065452
  0.00065495 0.00065436 0.00065568 0.00065488 0.00065432 0.00065589
  0.00065434 0.00065506 0.00065525 0.00065499 0.00065589 0.0006544
  0.00065594 0.0006561  0.00065497 0.00065441 0.0006555  0.00065595
  0.00065544 0.00065479 0.00065605 0.00065554 0.00065545 0.00065495
  0.0006543  0.00065606]]

Final Loss: 0.0026
Distance Metric: 7.0285
L1 norm: 1e-05
L2 norm: 0
Batch size: 16
Clipping: 0
Learning rate: 0.01
data size: 100000
init: 0.2
seed: 4

================================================================================

nonoverlappingCNN_sigmoid -> fcnn_decreasing_relu

Student Model Parameters:
layers.0.weight: [[0. 0. 0. ... 0. 0. 0.]
 [0. 0. 0. ... 0. 0. 0.]
 [0. 0. 0. ... 0. 0. 0.]
 ...
 [0. 0. 0. ... 0. 0. 0.]
 [0. 0. 0. ... 0. 0. 0.]
 [0. 0. 0. ... 0. 0. 0.]]
layers.1.weight: [[0. 0. 0. ... 0. 0. 0.]
 [0. 0. 0. ... 0. 0. 0.]
 [0. 0. 0. ... 0. 0. 0.]
 ...
 [0. 0. 0. ... 0. 0. 0.]
 [0. 0. 0. ... 0. 0. 0.]
 [0. 0. 0. ... 0. 0. 0.]]
layers.2.weight: [[0.         0.         0.         0.         0.         0.676998
  0.         0.         0.         0.         0.         0.32622737
  0.         0.3347041  0.         0.         0.         0.
  0.         0.33432576 0.         0.         0.         0.
  0.32632834 0.         0.         0.         0.         0.
  0.32308188 0.        ]]

Final Loss: 0.0110
Distance Metric: 9.1978
L1 norm: 1e-05
L2 norm: 0
Batch size: 16
Clipping: 0
Learning rate: 0.01
data size: 100000
init: 0.2
seed: 4

================================================================================

nonoverlappingCNN_sigmoid -> fcnn_decreasing_tanh

Student Model Parameters:
layers.0.weight: [[0. 0. 0. ... 0. 0. 0.]
 [0. 0. 0. ... 0. 0. 0.]
 [0. 0. 0. ... 0. 0. 0.]
 ...
 [0. 0. 0. ... 0. 0. 0.]
 [0. 0. 0. ... 0. 0. 0.]
 [0. 0. 0. ... 0. 0. 0.]]
layers.1.weight: [[0. 0. 0. ... 0. 0. 0.]
 [0. 0. 0. ... 0. 0. 0.]
 [0. 0. 0. ... 0. 0. 0.]
 ...
 [0. 0. 0. ... 0. 0. 0.]
 [0. 0. 0. ... 0. 0. 0.]
 [0. 0. 0. ... 0. 0. 0.]]
layers.2.weight: [[ 0.          0.          0.          0.          0.          0.
   0.          0.          0.          0.          0.          0.
   0.          0.          0.          0.          0.          0.
   0.          0.          0.          0.          0.          0.
   0.          0.          0.          0.          0.          0.
  -0.20023045  0.        ]]

Final Loss: 0.2528
Distance Metric: 5.9706
L1 norm: 1e-05
L2 norm: 0
Batch size: 16
Clipping: 0
Learning rate: 0.01
data size: 100000
init: 0.2
seed: 4

================================================================================

nonoverlappingCNN_relu -> fcnn_decreasing_sigmoid

Student Model Parameters:
layers.0.weight: [[ 0.          0.          0.         ...  0.          0.
   0.        ]
 [ 0.          0.          0.         ...  0.          0.
   0.        ]
 [ 0.          0.          0.         ...  0.          0.
   0.        ]
 ...
 [-3.4923613   3.8127751  -1.1570768  ...  0.15437101 -0.13406907
   0.01869555]
 [ 0.          0.          0.         ...  0.          0.
   0.        ]
 [ 0.          0.          0.         ...  0.          0.
   0.        ]]
layers.1.weight: [[0. 0. 0. ... 0. 0. 0.]
 [0. 0. 0. ... 0. 0. 0.]
 [0. 0. 0. ... 0. 0. 0.]
 ...
 [0. 0. 0. ... 0. 0. 0.]
 [0. 0. 0. ... 0. 0. 0.]
 [0. 0. 0. ... 0. 0. 0.]]
layers.2.weight: [[-4.1280215e-04 -4.1229243e-04 -4.1159213e-04 -4.1240887e-04
  -4.1247311e-04 -4.1167552e-04 -4.1291915e-04 -4.1263111e-04
   8.0712900e+00 -4.1223373e-04  2.1780906e+00  6.9803514e+00
  -4.1206757e-04 -4.1264683e-04 -4.1149446e-04 -4.1260640e-04
  -4.1269115e-04  1.1731267e+01 -3.8342412e+00 -4.1210218e-04
  -9.7593546e+00 -4.1171577e-04 -4.1265835e-04 -4.1287742e-04
  -4.1190913e-04 -4.1284409e-04 -4.1230852e-04 -4.1262250e-04
  -4.1295571e-04 -4.1270786e-04 -4.1171213e-04 -4.1194251e-04]]

Final Loss: 3.3335
Distance Metric: 59.8140
L1 norm: 1e-05
L2 norm: 0
Batch size: 16
Clipping: 0
Learning rate: 0.01
data size: 100000
init: 0.2
seed: 4

================================================================================

nonoverlappingCNN_relu -> fcnn_decreasing_relu

Student Model Parameters:
layers.0.weight: [[0. 0. 0. ... 0. 0. 0.]
 [0. 0. 0. ... 0. 0. 0.]
 [0. 0. 0. ... 0. 0. 0.]
 ...
 [0. 0. 0. ... 0. 0. 0.]
 [0. 0. 0. ... 0. 0. 0.]
 [0. 0. 0. ... 0. 0. 0.]]
layers.1.weight: [[0. 0. 0. ... 0. 0. 0.]
 [0. 0. 0. ... 0. 0. 0.]
 [0. 0. 0. ... 0. 0. 0.]
 ...
 [0. 0. 0. ... 0. 0. 0.]
 [0. 0. 0. ... 0. 0. 0.]
 [0. 0. 0. ... 0. 0. 0.]]
layers.2.weight: [[ 0.         0.         0.         0.         0.         1.0639683
   0.         0.         0.         0.         0.         0.
   0.         0.         0.         0.         0.         0.
   0.         0.         0.         0.         0.        -1.1602486
   0.         0.         1.1403958  0.         0.         0.
   0.         0.       ]]

Final Loss: 0.0005
Distance Metric: 12.2606
L1 norm: 1e-05
L2 norm: 0
Batch size: 16
Clipping: 0
Learning rate: 0.01
data size: 100000
init: 0.2
seed: 4

================================================================================

nonoverlappingCNN_relu -> fcnn_decreasing_tanh

Student Model Parameters:
layers.0.weight: [[ 0.          0.          0.         ...  0.          0.
   0.        ]
 [ 0.          0.          0.         ...  0.          0.
   0.        ]
 [ 0.          0.          0.         ...  0.          0.
   0.        ]
 ...
 [ 0.          0.          0.         ...  0.          0.
   0.        ]
 [ 0.          0.          0.         ...  0.          0.
   0.        ]
 [ 0.013756   -0.04672923  0.02629129 ... -1.4613354   1.4764302
  -0.5652717 ]]
layers.1.weight: [[ 0.          0.          0.         ...  0.          0.
  -0.24450621]
 [ 0.          0.          0.         ...  0.          0.
  -0.11290813]
 [ 0.          0.          0.         ...  0.          0.
  -0.07164988]
 ...
 [ 0.          0.          0.         ...  0.          0.
   0.        ]
 [ 0.          0.          0.         ...  0.          0.
   0.        ]
 [ 0.          0.          0.         ...  0.          0.
   0.        ]]
layers.2.weight: [[ 1.216871   -0.46145156 -1.5228847   0.         -1.536679   -0.11698399
   0.          0.          0.          0.          0.          0.
  -0.44824305  0.          0.          0.          0.          0.
   0.          0.         -1.1878313   0.          0.          0.
   0.          0.          0.          0.          0.          0.
   0.          0.        ]]

Final Loss: 3.5763
Distance Metric: 43.7627
L1 norm: 1e-05
L2 norm: 0
Batch size: 16
Clipping: 0
Learning rate: 0.01
data size: 100000
init: 0.2
seed: 4

================================================================================

nonoverlappingCNN_tanh -> fcnn_decreasing_sigmoid

Student Model Parameters:
layers.0.weight: [[0. 0. 0. ... 0. 0. 0.]
 [0. 0. 0. ... 0. 0. 0.]
 [0. 0. 0. ... 0. 0. 0.]
 ...
 [0. 0. 0. ... 0. 0. 0.]
 [0. 0. 0. ... 0. 0. 0.]
 [0. 0. 0. ... 0. 0. 0.]]
layers.1.weight: [[0. 0. 0. ... 0. 0. 0.]
 [0. 0. 0. ... 0. 0. 0.]
 [0. 0. 0. ... 0. 0. 0.]
 ...
 [0. 0. 0. ... 0. 0. 0.]
 [0. 0. 0. ... 0. 0. 0.]
 [0. 0. 0. ... 0. 0. 0.]]
layers.2.weight: [[-0.2553593  -0.39310944 -0.35473385 -0.41510573 -0.47662792 -0.34459063
  -0.31560203 -0.4337778  -0.4539107  -0.3404556  -0.39872077 -0.2854536
  -0.2429233  -0.36354354 -0.26307073 -0.31348267 -0.3516224  -0.39359426
  -0.2725961  -0.2369953  -0.4637772  -0.2532948  -0.2993587  -0.4025212
  -0.4348972  -0.28756034 -0.32070252 -0.48972926 -0.38842404 -0.37812725
  -0.3851643  -0.4934294 ]]

Final Loss: 0.3661
Distance Metric: 8.9764
L1 norm: 1e-05
L2 norm: 0
Batch size: 16
Clipping: 0
Learning rate: 0.01
data size: 100000
init: 0.2
seed: 4

================================================================================

nonoverlappingCNN_tanh -> fcnn_decreasing_relu

Student Model Parameters:
layers.0.weight: [[ 0.          0.          0.         ...  0.          0.
   0.        ]
 [-0.04474845 -0.2569562   0.00098502 ...  0.04639868 -0.04629502
  -0.08062551]
 [ 0.08186082  0.00086269 -0.08642812 ... -0.0138848  -0.04318782
   0.04349798]
 ...
 [ 0.          0.          0.         ...  0.          0.
   0.        ]
 [ 0.          0.          0.         ...  0.          0.
   0.        ]
 [ 0.          0.          0.         ...  0.          0.
   0.        ]]
layers.1.weight: [[ 0.          0.          0.         ...  0.          0.
   0.        ]
 [ 0.          0.          0.         ...  0.          0.
   0.        ]
 [ 0.          0.          0.         ...  0.          0.
   0.        ]
 ...
 [ 0.          0.          0.         ...  0.          0.
   0.        ]
 [ 0.          0.00199689 -0.00156632 ...  0.          0.
   0.        ]
 [ 0.          0.          0.         ...  0.          0.
   0.        ]]
layers.2.weight: [[ 0.          0.          0.          0.          0.         -0.70196176
   0.20534149 -1.0933058  -0.2574295   0.          0.          0.
   0.          0.          0.         -0.44687814  0.38269064  0.
   0.36515117  0.          0.13721117  0.25166804  0.         -0.91829777
  -0.45410198  0.          0.         -0.52984744  0.32433924  0.
   0.25754783  0.        ]]

Final Loss: 0.1935
Distance Metric: 14.4389
L1 norm: 1e-05
L2 norm: 0
Batch size: 16
Clipping: 0
Learning rate: 0.01
data size: 100000
init: 0.2
seed: 4

================================================================================

nonoverlappingCNN_tanh -> fcnn_decreasing_tanh

Student Model Parameters:
layers.0.weight: [[0. 0. 0. ... 0. 0. 0.]
 [0. 0. 0. ... 0. 0. 0.]
 [0. 0. 0. ... 0. 0. 0.]
 ...
 [0. 0. 0. ... 0. 0. 0.]
 [0. 0. 0. ... 0. 0. 0.]
 [0. 0. 0. ... 0. 0. 0.]]
layers.1.weight: [[0. 0. 0. ... 0. 0. 0.]
 [0. 0. 0. ... 0. 0. 0.]
 [0. 0. 0. ... 0. 0. 0.]
 ...
 [0. 0. 0. ... 0. 0. 0.]
 [0. 0. 0. ... 0. 0. 0.]
 [0. 0. 0. ... 0. 0. 0.]]
layers.2.weight: [[ 0.         -0.361946    0.          0.          0.          0.
   0.          0.          0.          0.          0.4774026   0.
   0.          0.          0.          0.          0.          0.
   0.          0.          0.          0.          0.37118268 -0.48829323
   0.          0.          0.          0.          0.          0.
   0.          0.        ]]

Final Loss: 0.0004
Distance Metric: 11.4325
L1 norm: 1e-05
L2 norm: 0
Batch size: 16
Clipping: 0
Learning rate: 0.01
data size: 100000
init: 0.2
seed: 4

================================================================================

