Experiment Summary:
================================================================================

Teacher Model Parameters:
layers.0.weight: [[[ 2.59 -2.83  0.87]]]
layers.1.weight: [[[-1.38  1.29]]]
layers.2.weight: [[[ 0.86 -0.84]]]

================================================================================

nonoverlapping_CNN_all_tanh -> overlapping_CNN_all_tanh

Student Model Parameters:
layers.0.weight: [[[ 0.          0.          0.        ]]

 [[ 0.          0.          0.        ]]

 [[ 0.          0.         -0.97718877]]

 [[-2.584137    2.8235855  -0.86793983]]]
layers.1.weight: [[[ 0.          0.        ]
  [ 0.          0.        ]
  [ 0.          0.        ]
  [ 0.          0.        ]]

 [[ 0.          0.        ]
  [ 0.          0.        ]
  [ 0.          0.        ]
  [-1.3770397   1.2870514 ]]

 [[ 0.          0.        ]
  [ 0.36987102  0.        ]
  [ 0.          0.        ]
  [ 0.          0.        ]]

 [[ 0.          0.        ]
  [ 0.          0.        ]
  [ 0.          0.        ]
  [ 0.          0.        ]]]
layers.2.weight: [[[ 0.          0.        ]
  [-0.86017406  0.8402426 ]
  [ 0.          0.        ]
  [ 0.          0.        ]]]

Final Loss: 0.0001
Distance Metric: 1.3605
L1 norm: 1e-05
L2 norm: 0
Batch size: 32
Clipping: 0

================================================================================

nonoverlapping_CNN_all_tanh -> overlapping_CNN_all_tanh

Student Model Parameters:
layers.0.weight: [[[-0.24349877  1.3024656   0.        ]]

 [[ 0.          0.          0.        ]]

 [[ 2.5838575  -2.8233683   0.8678099 ]]

 [[-0.0892899   0.          0.        ]]]
layers.1.weight: [[[ 0.          0.        ]
  [ 0.          0.        ]
  [-1.377182    1.2870916 ]
  [ 0.          0.        ]]

 [[ 0.          0.        ]
  [ 0.          0.40479618]
  [ 0.5022311  -0.089587  ]
  [ 0.          0.        ]]

 [[ 0.          0.        ]
  [ 0.          0.        ]
  [-0.3244502   0.        ]
  [ 0.          0.        ]]

 [[ 0.          0.        ]
  [ 0.          0.        ]
  [ 0.          0.        ]
  [ 0.          0.        ]]]
layers.2.weight: [[[ 0.86020285 -0.8402349 ]
  [ 0.          0.        ]
  [ 0.          0.        ]
  [ 0.          0.        ]]]

Final Loss: 0.0001
Distance Metric: 2.0693
L1 norm: 1e-05
L2 norm: 0
Batch size: 32
Clipping: 0

================================================================================

nonoverlapping_CNN_all_tanh -> overlapping_CNN_all_tanh

Student Model Parameters:
layers.0.weight: [[[ 0.         0.         0.       ]]

 [[ 0.         0.         0.       ]]

 [[ 2.5842776 -2.82368    0.8679901]]

 [[ 0.         0.         0.       ]]]
layers.1.weight: [[[ 0.         0.       ]
  [ 0.         0.       ]
  [-1.3771008  1.2871103]
  [ 0.         0.       ]]

 [[ 0.         0.       ]
  [ 0.         0.       ]
  [ 0.         0.       ]
  [ 0.         0.       ]]

 [[ 0.         0.       ]
  [ 0.         0.       ]
  [ 0.         0.       ]
  [ 0.         0.       ]]

 [[ 0.         0.       ]
  [ 0.         0.       ]
  [ 0.         0.       ]
  [ 0.         0.       ]]]
layers.2.weight: [[[ 0.8602025 -0.8402227]
  [ 0.         0.       ]
  [ 0.         0.       ]
  [ 0.         0.       ]]]

Final Loss: 0.0001
Distance Metric: 0.0132
L1 norm: 1e-05
L2 norm: 0
Batch size: 16
Clipping: 0

================================================================================

