Experiment Summary:
================================================================================

Teacher Model Parameters:
layers.0.weight: [[[ 2.59 -2.83  0.87]]]
layers.1.weight: [[[-1.38  1.29]]]
layers.2.weight: [[[ 0.86 -0.84]]]

================================================================================

nonoverlapping_CNN_relu -> overlapping_CNN_relu

Student Model Parameters:
layers.0.weight: [[[-0.22099258  0.25780055  0.        ]]

 [[-0.12935577  0.15122777  0.        ]]

 [[ 1.5267224  -1.6680709   0.51269305]]

 [[ 0.          0.          0.        ]]]
layers.1.weight: [[[-0.1314381  -0.34670758]
  [-0.3026336   0.        ]
  [-0.29130203  0.        ]
  [ 0.76165134 -0.3699457 ]]

 [[ 0.01926076 -0.54276264]
  [-0.82626534  0.        ]
  [ 0.         -0.42105776]
  [-0.13319284 -0.02850368]]

 [[ 0.3405147   0.30951345]
  [-0.5776261  -0.5374774 ]
  [-0.47759202 -0.61310184]
  [ 0.52901036 -0.07565984]]

 [[ 0.          0.        ]
  [ 0.         -0.16478752]
  [-1.9237967   1.7984087 ]
  [ 0.          0.        ]]]
layers.2.weight: [[[ 0.         -0.25260064]
  [ 1.0462881   0.5025201 ]
  [-0.6104857   0.5175909 ]
  [ 1.0464277  -1.0225986 ]]]

Final Loss: 0.0000
Distance Metric: 6.4352
L1 norm: 0
L2 norm: 0
Batch size: 16
Clipping: 0.01

================================================================================

nonoverlapping_CNN_tanh -> overlapping_CNN_tanh

Student Model Parameters:
layers.0.weight: [[[ 0.5396501   0.          0.4434051 ]]

 [[ 0.5396501   0.          0.44339973]]

 [[ 1.4214318   0.          0.66161513]]

 [[-2.5898612   2.8298435  -0.86995226]]]
layers.1.weight: [[[-0.06710932 -0.6125249 ]
  [ 0.2070633   0.14131655]
  [ 0.77588415 -0.5672733 ]
  [ 0.08917782  0.51467365]]

 [[-0.3379774   0.12059136]
  [ 0.         -0.07890264]
  [-0.65394723  0.1566095 ]
  [ 0.         -0.24459426]]

 [[ 0.          0.23186171]
  [ 0.          0.        ]
  [ 0.2956735  -0.31412208]
  [ 0.64094293 -0.5089998 ]]

 [[ 0.          0.25890386]
  [ 0.         -0.2589134 ]
  [ 0.          0.        ]
  [ 1.3799559  -1.2899586 ]]]
layers.2.weight: [[[ 0.         0.       ]
  [ 0.         0.       ]
  [ 0.         0.       ]
  [ 0.8600035 -0.8400046]]]

Final Loss: 0.0000
Distance Metric: 3.6782
L1 norm: 0
L2 norm: 0
Batch size: 16
Clipping: 0.01

================================================================================

nonoverlapping_CNN_sigmoid -> overlapping_CNN_sigmoid

Student Model Parameters:
layers.0.weight: [[[ 0.          0.         -1.3673887 ]]

 [[ 0.         -1.7992444   0.4619303 ]]

 [[-2.3660443   2.5722203  -0.84507835]]

 [[-1.075082    0.         -0.3657832 ]]]
layers.1.weight: [[[ 0.02702248 -0.17349046]
  [ 0.01503257 -0.6475757 ]
  [-0.7805275   0.        ]
  [ 0.          0.781227  ]]

 [[-0.03293716  0.        ]
  [ 0.         -0.06032413]
  [-1.0569837   0.88974416]
  [ 0.12182798  0.        ]]

 [[-0.19097869  0.8045157 ]
  [ 0.7411764   0.26280063]
  [ 0.          0.47910824]
  [ 0.          0.44958764]]

 [[ 0.556687   -0.4471333 ]
  [ 0.          0.4237641 ]
  [ 0.          0.5711771 ]
  [-0.7727937   0.50694996]]]
layers.2.weight: [[[ 0.23332357  1.4635872 ]
  [-1.2706974   0.        ]
  [ 0.          0.        ]
  [-0.11160906  0.        ]]]

Final Loss: 0.0001
Distance Metric: 7.0999
L1 norm: 0
L2 norm: 0
Batch size: 16
Clipping: 0.01

================================================================================

