Experiment Summary:
================================================================================

Teacher Model Parameters:
layers.0.weight: [[[ 2.59 -2.83  0.87]]]
layers.1.weight: [[[-1.38  1.29]]]
layers.2.weight: [[[ 0.86 -0.84]]]

================================================================================

nonoverlappingCNN_relu -> fcnn_decreasing_relu

Student Model Parameters:
layers.0.weight: [[ 0.          0.          0.         ...  0.          0.
   0.        ]
 [ 0.          0.          0.         ...  0.          0.
   0.        ]
 [ 0.         -0.03272787  0.         ...  0.          0.
   0.        ]
 ...
 [ 0.          0.          0.         ...  0.          0.
   0.        ]
 [ 0.00948873  0.          0.         ...  0.03709253  0.
   0.        ]
 [ 0.          0.          0.         ...  0.          0.
   0.        ]]
layers.1.weight: [[0. 0. 0. ... 0. 0. 0.]
 [0. 0. 0. ... 0. 0. 0.]
 [0. 0. 0. ... 0. 0. 0.]
 ...
 [0. 0. 0. ... 0. 0. 0.]
 [0. 0. 0. ... 0. 0. 0.]
 [0. 0. 0. ... 0. 0. 0.]]
layers.2.weight: [[ 0.         -0.14922631  0.          0.          0.         -0.11271258
   0.         -0.02979861  0.          0.          0.         -2.475304
   0.          0.         -2.6871397   0.          0.          0.
   1.3897185   0.          0.          0.          0.          0.
   3.762313   -0.47511873  0.          0.          0.          0.70481735
   0.         -1.371531  ]]

Final Loss: 0.0007
Distance Metric: 14.5534
L1 norm: 1e-05
L2 norm: 0
Batch size: 32
Clipping: 0.0001

================================================================================

nonoverlappingCNN_tanh -> fcnn_decreasing_tanh

Student Model Parameters:
layers.0.weight: [[0. 0. 0. ... 0. 0. 0.]
 [0. 0. 0. ... 0. 0. 0.]
 [0. 0. 0. ... 0. 0. 0.]
 ...
 [0. 0. 0. ... 0. 0. 0.]
 [0. 0. 0. ... 0. 0. 0.]
 [0. 0. 0. ... 0. 0. 0.]]
layers.1.weight: [[0. 0. 0. ... 0. 0. 0.]
 [0. 0. 0. ... 0. 0. 0.]
 [0. 0. 0. ... 0. 0. 0.]
 ...
 [0. 0. 0. ... 0. 0. 0.]
 [0. 0. 0. ... 0. 0. 0.]
 [0. 0. 0. ... 0. 0. 0.]]
layers.2.weight: [[0.         0.         0.         0.         0.         0.
  0.33155403 0.         0.         0.         0.44696388 0.
  0.         0.         0.         0.         0.         0.
  0.         0.         0.         0.         0.         0.
  0.         0.         0.         0.52140737 0.         0.
  0.39077675 0.        ]]

Final Loss: 0.0004
Distance Metric: 11.8817
L1 norm: 1e-05
L2 norm: 0
Batch size: 32
Clipping: 0.0001

================================================================================

nonoverlappingCNN_sigmoid -> fcnn_decreasing_sigmoid

Student Model Parameters:
layers.0.weight: [[0. 0. 0. ... 0. 0. 0.]
 [0. 0. 0. ... 0. 0. 0.]
 [0. 0. 0. ... 0. 0. 0.]
 ...
 [0. 0. 0. ... 0. 0. 0.]
 [0. 0. 0. ... 0. 0. 0.]
 [0. 0. 0. ... 0. 0. 0.]]
layers.1.weight: [[0. 0. 0. ... 0. 0. 0.]
 [0. 0. 0. ... 0. 0. 0.]
 [0. 0. 0. ... 0. 0. 0.]
 ...
 [0. 0. 0. ... 0. 0. 0.]
 [0. 0. 0. ... 0. 0. 0.]
 [0. 0. 0. ... 0. 0. 0.]]
layers.2.weight: [[ 0.8998051   0.          0.         -1.7145139   0.          0.
   0.          0.          0.          0.          0.          0.
   0.          0.          0.          0.          0.          0.
   0.48918596  0.          0.          0.          0.          0.15648958
   0.          0.02597399  0.          0.          0.          0.
   0.16698729  0.        ]]

Final Loss: 0.0003
Distance Metric: 9.7984
L1 norm: 1e-05
L2 norm: 0
Batch size: 32
Clipping: 0.0001

================================================================================

