Experiment Summary:
================================================================================

Teacher Model Parameters:
layers.0.weight: [[[ 0.39619118 -0.12871106 -0.5455256 ]]

 [[ 0.24943684 -0.4651776  -0.3649972 ]]

 [[ 0.29281586  0.27781588 -0.10876609]]

 [[ 0.17981832 -0.6304572  -0.3911423 ]]]
layers.1.weight: [[[-0.11600953 -0.10954599]
  [ 0.24539216  0.46769446]
  [-0.44517952  0.54882276]
  [ 0.1899826   0.09306306]]

 [[ 0.42182967 -0.5146727 ]
  [ 0.33695784  0.34628677]
  [ 0.399544    0.2772948 ]
  [-0.27930045 -0.12879235]]

 [[ 0.43124643 -0.01346706]
  [-0.47614202 -0.06687187]
  [ 0.07835865 -0.05110406]
  [-0.3460766   0.00080381]]

 [[ 0.10095478  0.45444256]
  [-0.5590832  -0.12033079]
  [ 0.43816695  0.03313952]
  [ 0.07297924  0.2917828 ]]]
layers.2.weight: [[[-0.4566022   0.5432014 ]
  [ 0.589889    0.44554245]
  [-0.63263     0.52665615]
  [ 0.5186485   0.19178309]]]

================================================================================

multiChannelCNN_sigmoid -> fcn_256_32_sigmoid

Student Model Parameters:
layers.0.weight: [[-0.00992421  0.09551471 -0.1170174  ... -0.03227925  0.12472699
  -0.04453273]
 [-0.07111161  0.02378262 -0.13857454 ...  0.01224804  0.00965586
   0.1482933 ]
 [-0.01893977 -0.06619192 -0.06478101 ...  0.06355949 -0.07038169
   0.10172022]
 ...
 [ 0.12515423 -0.0810561   0.08908388 ... -0.05668087 -0.1298435
   0.13832836]
 [-0.06472103 -0.08058359  0.11454153 ... -0.07774833  0.00504694
   0.08111596]
 [-0.05537134 -0.12560408  0.00910051 ... -0.06849738 -0.09651022
   0.08002906]]
layers.1.weight: [[-0.10678209  0.05065352 -0.05561151 ... -0.01452881 -0.12030049
  -0.07081714]
 [ 0.12092748  0.06646095 -0.06068264 ...  0.10517067  0.08237784
  -0.06455886]
 [ 0.0751934  -0.06604608  0.04359175 ...  0.06788577  0.1015835
  -0.07979844]
 ...
 [ 0.12854463  0.08961239 -0.07982407 ... -0.10169411  0.07377716
   0.04699918]
 [ 0.05032162 -0.13013865  0.12531365 ...  0.08037463 -0.10207031
  -0.03605719]
 [ 0.06996512 -0.03707607 -0.04409055 ...  0.07068413  0.06872328
   0.11965097]]
layers.2.weight: [[ 0.3816315   0.3162042  -0.03659619  0.42671794  0.02727027  0.37454996
  -0.2953429  -0.17900304 -0.36688143 -0.14879015  0.22557962 -0.3409297
   0.07179643 -0.16790746  0.05346634  0.22968978  0.37617412  0.3659426
  -0.19835204 -0.1526752  -0.18617618  0.06340457 -0.31732726  0.1345842
  -0.26715684  0.18822263 -0.3162767   0.2788924  -0.3756729   0.39291236
   0.03248893  0.27813044]]

Final Loss: 0.0000
Distance Metric: 15.7501
L1 norm: 0
L2 norm: 0
Batch size: 16
Clipping: 0
Learning rate: 0.005
data size: 100000
init: 1
seed: 2
stopped after epoch: 1999

================================================================================

multiChannelCNN_sigmoid -> fcn_256_32_relu

Student Model Parameters:
layers.0.weight: [[-0.03039657  0.16189963 -0.09504829 ... -0.10599762  0.19008361
   0.0516719 ]
 [ 0.01747023 -0.0194086  -0.02896057 ...  0.11678264  0.10368672
   0.05935286]
 [-0.0482688   0.03792411  0.0457705  ...  0.06992787  0.18380375
  -0.01756206]
 ...
 [-0.06803919  0.1824739   0.17764813 ... -0.11135171  0.29282013
   0.11019146]
 [-0.02916845 -0.01376307  0.03590757 ... -0.08641201  0.02944244
   0.03634094]
 [-0.06822727 -0.05763519  0.14831142 ...  0.0758184   0.11167827
  -0.05323694]]
layers.1.weight: [[ 0.05685752 -0.23521753  0.07698148 ... -0.14613079  0.21987192
  -0.5359368 ]
 [ 0.02391251 -0.01961634 -0.49766186 ...  0.4009214   0.26591802
  -0.07242957]
 [-0.3143581   0.07996166  0.13166142 ...  0.22160211  0.23894417
   0.19613048]
 ...
 [ 0.16614842  0.04544991 -0.05901663 ...  0.05255244 -0.1933464
  -0.2968146 ]
 [-0.20451717 -0.09733332 -0.30125356 ... -0.23511952  0.02553514
   0.05449773]
 [-0.17658354 -0.13390711 -0.31199363 ...  0.04660594 -0.30046096
  -0.21841022]]
layers.2.weight: [[ 0.94211733 -0.12055726  0.7782835  -1.854357   -0.4140184   1.913244
  -1.0446755   1.907247   -0.1373433  -0.34031644 -1.3881685  -0.83657944
   0.2729401   1.1007764  -1.1070725   0.9327188  -0.47226062  1.3890879
  -0.86003983  0.54852986 -0.4297393  -0.30391353 -1.1061268   0.75209314
  -2.1537986   0.72854143 -0.77286947  1.5981822  -1.1570925   0.96500176
  -2.4664667  -1.4365276 ]]

Final Loss: 0.3734
Distance Metric: 34.8897
L1 norm: 0
L2 norm: 0
Batch size: 16
Clipping: 0
Learning rate: 0.005
data size: 100000
init: 1
seed: 2
stopped after epoch: 145

================================================================================

multiChannelCNN_sigmoid -> fcn_256_32_tanh

Student Model Parameters:
layers.0.weight: [[-2.30898540e-02  2.16181064e+00 -1.76314209e-02 ...  1.02306759e+00
  -1.45644069e+00 -1.11843801e+00]
 [-4.79037613e-02 -1.51044223e-03 -8.91614854e-02 ...  2.49920674e-02
  -1.55388191e-02  1.12655889e-02]
 [ 2.31332564e+00  1.38918531e+00  1.88644493e+00 ...  4.20279860e-01
  -2.40591094e-01  5.87872803e-01]
 ...
 [-2.25698631e-02 -2.15141103e-02 -1.64823234e-02 ...  4.19425918e-03
   8.57060999e-02 -1.10074105e-02]
 [-3.69200148e-02  1.90064441e-02 -8.71089101e-02 ...  1.56151094e-02
  -6.16111457e-02  2.49357671e-02]
 [-5.05840242e-01 -7.53767908e-01 -1.37504828e+00 ... -4.57319647e-01
  -6.70539320e-01  1.95294902e-01]]
layers.1.weight: [[-0.01324638  0.0005882  -0.00157018 ... -0.00488337  0.00617621
  -0.01897036]
 [ 0.04817864 -0.00442488  0.01381489 ... -0.00601418 -0.00231801
  -0.02693992]
 [-0.07716718  0.01442308 -0.0567307  ...  0.00585672  0.00800643
  -0.0030201 ]
 ...
 [ 0.01960481  0.0003452   0.00695773 ... -0.00127356  0.00812605
   0.00231524]
 [ 0.00116769 -0.00335704 -0.03365204 ... -0.00884449 -0.0022886
   0.00636231]
 [ 0.00092571  0.00464563 -0.02085368 ... -0.00679123  0.00548482
   0.03616446]]
layers.2.weight: [[ 0.01923896  0.00553697 -0.04891861  0.00718045  0.01803929  0.01339264
   0.00293891  0.20640479 -0.00607307  0.10583591  0.06136178 -0.00594809
  -0.00697123  0.00632006 -0.00955129  0.0076151  -0.04309459  0.00890112
   0.01005446  0.01182192  0.16564214 -0.015665   -0.00848225 -0.02327588
   0.13127385  0.00790345  0.00139845  0.02753268  0.00684255 -0.01285537
  -0.01863771  0.04198425]]

Final Loss: 0.3731
Distance Metric: 109.3985
L1 norm: 0
L2 norm: 0
Batch size: 16
Clipping: 0
Learning rate: 0.005
data size: 100000
init: 1
seed: 2
stopped after epoch: 1999

================================================================================

multiChannelCNN_relu -> fcn_256_32_sigmoid

Student Model Parameters:
layers.0.weight: [[-0.24168594  0.29844633  0.2618054  ...  0.42517236  0.07903058
  -0.40504265]
 [-0.94564     0.3165438   1.2906762  ...  0.06626496 -0.0351677
  -0.08955691]
 [ 0.31772745  1.124723    0.02034593 ...  0.25170505  0.2953899
  -0.25760806]
 ...
 [-0.351241   -0.7590118   0.16748002 ... -0.18366058 -0.08844251
  -0.15440816]
 [-0.08353981 -0.12242287  0.12920542 ...  0.17518505 -0.23265393
  -0.12508354]
 [ 0.3035811  -0.5917351  -0.745254   ... -1.2075095   0.37693918
   1.09219   ]]
layers.1.weight: [[ 0.1681268  -0.23829165 -0.03522967 ... -0.02157822 -0.05636476
  -0.03241082]
 [ 0.17874357 -0.11886816  0.10335603 ...  0.00815617  0.13806947
   0.05063142]
 [ 0.04983082 -0.6638318   0.05387297 ... -0.5631469   0.07759654
   0.09955271]
 ...
 [-0.33844766 -0.1684859   0.32957754 ...  0.09945429 -0.18331087
   0.5828973 ]
 [-0.13625537  0.09288764  0.0869355  ...  0.24301194  0.243751
   0.30241653]
 [ 0.0726722   0.0994634   0.0762521  ... -0.08161905 -0.09510542
   0.04986223]]
layers.2.weight: [[-1.680813   -1.9842583   2.616774   -2.3065135   3.5119443  -2.9897301
   1.6126857  -4.5524354   1.8318505  -2.9752624   1.6723646   5.2319536
   2.041729    1.7011919  -1.4243113  -4.221653    0.46229085  2.606382
   3.8964095  -3.0795696   2.1734095   3.2004466   4.228738    1.5152481
  -4.0464396   3.9016652   4.0500655   4.9525266   2.0647352  -3.7217
  -3.070751    2.947036  ]]

Final Loss: 0.0540
Distance Metric: 69.6077
L1 norm: 0
L2 norm: 0
Batch size: 16
Clipping: 0
Learning rate: 0.005
data size: 100000
init: 1
seed: 2
stopped after epoch: 1999

================================================================================

multiChannelCNN_relu -> fcn_256_32_relu

Student Model Parameters:
layers.0.weight: [[-0.07636312  0.16235499  0.10540008 ... -0.07713393  0.05807912
  -0.00043818]
 [ 0.1302272  -0.09506816 -0.00674095 ...  0.00248649  0.0005532
  -0.05981668]
 [-0.13599019 -0.05339235  0.03026773 ... -0.15683576  0.03405032
   0.02358665]
 ...
 [-0.03821615  0.09851921  0.0552602  ... -0.02978456 -0.01078016
   0.02207783]
 [ 0.01896084  0.11249907  0.11086536 ...  0.11444079  0.02249783
   0.09663349]
 [ 0.00671997  0.08933014  0.10160849 ...  0.06805852 -0.13375692
  -0.05499597]]
layers.1.weight: [[-0.132848    0.03586574 -0.06400719 ... -0.22401744  0.33584812
   0.30658096]
 [-0.44528514  0.10000725  0.5499258  ...  0.35949728 -0.2449518
   0.21979018]
 [-0.4551296  -0.06074379 -0.20387247 ...  0.32159904 -0.4565101
  -0.34358972]
 ...
 [ 0.07812025 -0.12633747  0.10969399 ...  0.20058244  0.2744888
  -0.07143726]
 [ 0.08662254  0.50672865  0.3240716  ... -0.2564462  -0.03123965
  -0.14167246]
 [-0.22007333  0.3781298   0.01786228 ... -0.08860834  0.4748192
  -0.05214437]]
layers.2.weight: [[-0.44652614 -0.30983654 -1.0941851   0.8540022  -0.5737667  -0.4056475
  -1.1329684   0.65291595 -1.1404709   0.9409322  -2.4411254  -1.4643307
  -2.2095988  -0.42056495  1.5180368   0.5836328   1.4802114  -1.8598646
   1.6242151   0.47315446 -0.8081097  -0.82464087  0.4901997  -0.1277439
   0.47346732 -1.1616917  -2.1634133  -0.31063494 -1.3475866   1.990922
   3.4265144  -2.2240899 ]]

Final Loss: 0.3600
Distance Metric: 36.5252
L1 norm: 0
L2 norm: 0
Batch size: 16
Clipping: 0
Learning rate: 0.005
data size: 100000
init: 1
seed: 2
stopped after epoch: 128

================================================================================

multiChannelCNN_relu -> fcn_256_32_tanh

Student Model Parameters:
layers.0.weight: [[-1.6687832  -1.8161255   0.09069834 ... -1.1117752  -3.7632291
   2.6283724 ]
 [-0.80655026  0.08805297 -0.9900893  ... -1.532142    0.9518275
  -2.5010524 ]
 [ 0.07328567  0.03123429  0.45831338 ... -0.15800789  0.11091243
  -0.21654162]
 ...
 [-1.2314221  -0.62882745  0.76672083 ... -0.615394    0.0557216
   0.81615996]
 [ 1.2855531  -1.8952374   0.5292961  ...  1.5756177   1.7048413
   1.2814955 ]
 [-0.19987565 -0.64604574 -1.4503466  ... -0.43278027  1.0585588
  -1.145412  ]]
layers.1.weight: [[ 0.07907106  0.37672448 -0.39192352 ... -0.5755176   1.7698486
  -0.13556622]
 [-0.1303901  -0.14782883 -0.20355156 ... -0.22926676 -0.5120382
  -0.8028425 ]
 [ 0.27200007  0.04567273 -0.0537788  ... -1.1117659  -2.3641582
   0.566479  ]
 ...
 [ 0.15064971  0.7123856  -0.34907052 ... -1.4619876   0.03737019
   0.54464227]
 [ 0.4556198  -0.79385245 -0.10773157 ... -0.01637219 -0.10463715
   0.514715  ]
 [ 2.0730567   0.83518815 -0.72152954 ...  0.69221616  1.1896067
   0.44938922]]
layers.2.weight: [[ 0.08696048 -0.0688569  -0.8480613  -0.4610974  -0.54738957  0.23739634
  -0.06193969 -0.05657049  0.08472694 -0.2653844   0.04768926 -0.53435755
   0.46616876  0.10177723  0.56390864 -0.10318564  0.09292981 -0.10106729
   0.08074923  0.22404943  0.08600523  0.03100478  0.17957462 -0.30056515
   0.23608837  0.22862238  0.8222417  -0.048259   -0.06204502  0.1240673
  -0.22891594  0.5421515 ]]

Final Loss: 0.1625
Distance Metric: 156.4416
L1 norm: 0
L2 norm: 0
Batch size: 16
Clipping: 0
Learning rate: 0.005
data size: 100000
init: 1
seed: 2
stopped after epoch: 1805

================================================================================

multiChannelCNN_tanh -> fcn_256_32_sigmoid

Student Model Parameters:
layers.0.weight: [[-0.02462583 -0.18215954  0.27458543 ...  0.04497494 -0.24476866
  -0.04649466]
 [ 0.05243564  0.09383014 -0.05096832 ...  0.20111257 -0.07154153
   0.0727879 ]
 [ 0.09244532 -0.10008939 -0.1069614  ...  0.08535566  0.06589834
   0.09750906]
 ...
 [-0.10036736  0.03820904  0.01575168 ...  0.12823938 -0.25938866
   0.05790206]
 [ 0.02610551 -0.07176944 -0.2795845  ... -0.0332765  -0.04991419
   0.00203681]
 [-0.0219397  -0.05416455  0.03905603 ...  0.08854    -0.08553517
  -0.15772471]]
layers.1.weight: [[ 0.10744438 -0.13606288 -0.16707397 ... -0.07282625 -0.03283591
   0.00573926]
 [-0.04595968 -0.1268512  -0.12337456 ...  0.05684621 -0.12469129
   0.04285154]
 [ 0.03867436  0.12171266 -0.18688835 ...  0.03682089  0.0586711
  -0.07069822]
 ...
 [-0.01210893  0.14552169 -0.02042201 ...  0.264388    0.10025544
  -0.05274199]
 [-0.07670557  0.01568942  0.1217404  ...  0.12560622 -0.07466757
  -0.07983711]
 [-0.10971694 -0.02588704  0.00746302 ...  0.08801654 -0.13350886
  -0.07761756]]
layers.2.weight: [[ 0.33564618 -1.2294493   1.4830768  -0.9825235  -2.7267597  -1.4528409
  -0.0383217   1.4973758  -0.5862506  -4.469819   -1.965267    2.5410423
   1.7592018  -1.1992668  -0.5545202  -1.6469002   1.6225758  -8.388848
  -0.39159238  1.7150639   1.8174176  -0.41135332  1.2328649   1.4953929
   0.43835926 -1.4077145  -2.1838639  -0.6483502  -2.4659262  -4.2672334
  -8.0516405  -1.2997853 ]]

Final Loss: 0.2776
Distance Metric: 64.5631
L1 norm: 0
L2 norm: 0
Batch size: 16
Clipping: 0
Learning rate: 0.005
data size: 100000
init: 1
seed: 2
stopped after epoch: 1999

================================================================================

multiChannelCNN_tanh -> fcn_256_32_relu

Student Model Parameters:
layers.0.weight: [[-0.02693167  0.16193329 -0.10207518 ... -0.12713787  0.22278394
   0.03405932]
 [ 0.01225633  0.01485858 -0.0186742  ...  0.11036336  0.19197664
  -0.00162885]
 [-0.04077872  0.02762982  0.0144499  ...  0.02896845  0.16951542
  -0.00825095]
 ...
 [-0.09441717  0.16658631  0.16573894 ... -0.08323783  0.27182275
   0.13759086]
 [-0.03940742  0.00188393  0.0362397  ... -0.08099566  0.0028846
   0.03653926]
 [-0.07424723 -0.05416032  0.13463296 ...  0.06202785  0.093113
  -0.04813714]]
layers.1.weight: [[ 0.04570958 -0.23987433  0.07071114 ... -0.14990366  0.2174828
  -0.545655  ]
 [ 0.0237755  -0.0193739  -0.49752775 ...  0.40091938  0.2659654
  -0.07219565]
 [-0.3110426   0.07895031  0.13073471 ...  0.22128348  0.23967183
   0.19652204]
 ...
 [ 0.16219401  0.04683168 -0.062567   ...  0.04919333 -0.19605215
  -0.3008431 ]
 [-0.19161516 -0.09684525 -0.29595202 ... -0.22386615  0.03036587
   0.08389873]
 [-0.15133958 -0.12508821 -0.30106074 ...  0.06636115 -0.29591417
  -0.1850035 ]]
layers.2.weight: [[ 0.9434663  -0.12959148  0.78110605 -1.8751783  -0.42530918  1.9070219
  -1.0540136   1.878817   -0.157644   -0.37056574 -1.3895195  -0.8593845
   0.24527773  1.1271182  -1.1065497   0.87829596 -0.4968091   1.3554727
  -0.8607492   0.5338344  -0.4454094  -0.32284597 -1.1178766   0.7156521
  -2.1639845   0.7419236  -0.82052183  1.5898048  -1.1545295   0.9542971
  -2.4893365  -1.4783044 ]]

Final Loss: 0.3051
Distance Metric: 35.6048
L1 norm: 0
L2 norm: 0
Batch size: 16
Clipping: 0
Learning rate: 0.005
data size: 100000
init: 1
seed: 2
stopped after epoch: 128

================================================================================

multiChannelCNN_tanh -> fcn_256_32_tanh

Student Model Parameters:
layers.0.weight: [[ 0.0444988   0.01925522  0.00684205 ...  0.06845705  0.05624836
  -0.05946978]
 [ 0.02410922  0.02437349 -0.03939165 ... -0.1863479  -0.20369798
   0.15242624]
 [ 0.04652434 -0.00994946 -0.00538028 ...  0.12908003 -0.07601732
  -0.05251053]
 ...
 [-0.012317   -0.0144639  -0.00197542 ... -0.01929566  0.02969538
  -0.01146794]
 [-0.08136602  0.09154014 -0.02599064 ...  0.00639612  0.00903742
  -0.00653056]
 [-0.01805751 -0.02942428 -0.01095357 ... -0.13236392  0.28662023
  -0.01505375]]
layers.1.weight: [[-0.10233478 -0.03606224  0.13845052 ... -0.15838954 -0.2879887
   0.06124189]
 [ 0.20866013  0.03170608  0.03103686 ...  0.05934653  0.1250215
  -0.06238111]
 [ 0.14725372 -0.17786324  0.13379589 ...  0.05261627  0.2517088
   0.13613501]
 ...
 [-0.11566751  0.15139422  0.01739696 ...  0.05848043  0.23779136
  -0.16213998]
 [-0.11938103  0.02845477 -0.1781563  ... -0.17519799  0.09082005
   0.02953764]
 [-0.09439377 -0.15617034 -0.1677609  ... -0.06735332 -0.33167976
  -0.01790681]]
layers.2.weight: [[ 0.08524822 -0.08519855 -0.00294642 -0.1682805   0.03998783  0.0219248
  -0.24422559  0.03544952 -0.17279236  0.67391944 -0.01935977  0.4141132
  -0.28254434  0.0011622  -0.0559989   0.1705944  -0.31041583 -0.34462085
   0.46028176  0.00252355  0.05624068 -0.01084296 -0.14426482 -0.00720159
  -0.02481883  0.13494064 -0.5084014  -0.0403273  -0.43313754 -0.02354652
   0.01837661 -0.00203503]]

Final Loss: 0.0000
Distance Metric: 20.5927
L1 norm: 0
L2 norm: 0
Batch size: 16
Clipping: 0
Learning rate: 0.005
data size: 100000
init: 1
seed: 2
stopped after epoch: 1999

================================================================================

