Experiment Summary:
================================================================================

Teacher Model Parameters:
conv1.weight: [[[ 2.59 -2.83  0.87]]]
conv2.weight: [[[-1.38  1.29]]]
conv3.weight: [[[ 0.86 -0.84]]]

================================================================================

nonoverlapping_CNN_relu -> overlapping_CNN_relu

Student Model Parameters:
conv1.weight: [[[ 1.1418064  -1.2476093   0.38353905]]

 [[ 0.74213874 -0.81090915  0.2492928 ]]

 [[-0.4854824   0.54769784 -0.16668905]]

 [[ 0.          0.          0.        ]]]
conv2.weight: [[[-0.06696964 -0.6552816 ]
  [ 1.3076752  -0.09669536]
  [ 0.         -0.1930027 ]
  [ 0.06863429 -0.08435613]]

 [[-0.14555016  0.21521766]
  [-0.40808833  0.25696042]
  [ 0.         -0.26041466]
  [ 0.          0.5021918 ]]

 [[-0.4886268  -0.5443102 ]
  [-0.10255936 -0.05004556]
  [ 0.          0.24919985]
  [ 0.9733607   0.6662561 ]]

 [[-1.5443965   1.4399455 ]
  [-0.59742254  0.5616194 ]
  [ 0.         -0.2496364 ]
  [ 0.51174307  0.        ]]]
conv3.weight: [[[-0.98060006  0.        ]
  [-0.6729256  -0.5392974 ]
  [-0.8656272   0.        ]
  [ 1.5373507  -1.2470392 ]]]

Final Loss: 0.0000
Distance Metric: 8.4804
L1 norm: 0
L2 norm: 0
Batch size: 32
Clipping: 0

================================================================================

nonoverlapping_CNN_relu -> overlapping_CNN_sigmoid

Student Model Parameters:
conv1.weight: [[[-0.83909047  0.9193297  -0.1385508 ]]

 [[ 5.229096   -5.4762106   1.4435916 ]]

 [[ 0.60981315 -0.37247142  0.1464858 ]]

 [[-0.39088988  0.7307398  -0.43572327]]]
conv2.weight: [[[ 0.4130692   0.13420896]
  [-3.3452716   2.7087758 ]
  [ 1.6970878  -0.5930828 ]
  [ 0.78162664 -1.1999557 ]]

 [[ 2.1288002   2.4301198 ]
  [-0.8526956  -0.16779907]
  [-3.279477   -3.9086492 ]
  [-0.43945023  5.2699094 ]]

 [[-9.016653    3.939788  ]
  [ 6.0944304  -3.4803653 ]
  [ 6.0427375  -5.4458036 ]
  [-4.8601804   3.6189418 ]]

 [[ 1.183298   -7.2407866 ]
  [-1.4331156   4.949514  ]
  [-5.755818    2.72664   ]
  [ 0.07370792 -3.9570818 ]]]
conv3.weight: [[[  0.72362906   5.905949  ]
  [-12.213264     2.4999006 ]
  [-14.335058     4.8731694 ]
  [ 11.003208   -13.130424  ]]]

Final Loss: 3.4445
Distance Metric: 60.6432
L1 norm: 0
L2 norm: 0
Batch size: 32
Clipping: 0

================================================================================

nonoverlapping_CNN_relu -> overlapping_CNN_tanh

Student Model Parameters:
conv1.weight: [[[ 0.27618456 -0.46354222 -0.02903456]]

 [[-0.5055118   0.3098851  -0.15415312]]

 [[ 1.6820418  -2.083004    1.0001199 ]]

 [[-0.36761633  0.5481356  -0.46453232]]]
conv2.weight: [[[ 0.20049065 -0.47937903]
  [ 0.4789489   0.2228346 ]
  [-0.22569807 -0.39287052]
  [-0.24227825 -0.24389671]]

 [[ 0.837421    0.5636389 ]
  [-0.9385856  -0.6999756 ]
  [ 0.54809844  0.46426237]
  [ 0.87284625 -0.04878142]]

 [[-0.68844694 -0.7561929 ]
  [ 1.3592775  -0.32795742]
  [-0.50984484 -1.5370369 ]
  [ 0.16781226  0.76813155]]

 [[ 1.1760912  -1.3328111 ]
  [-1.2229891   1.3725357 ]
  [ 0.20419179  2.1530707 ]
  [-0.16169217  1.5429084 ]]]
conv3.weight: [[[ 0.21514668  0.17924793]
  [ 0.6400806   0.14372689]
  [-1.6127044   0.14922315]
  [-2.167556    0.16524504]]]

Final Loss: 3.7472
Distance Metric: 9.9790
L1 norm: 0
L2 norm: 0
Batch size: 32
Clipping: 0

================================================================================

nonoverlapping_CNN_sigmoid -> overlapping_CNN_relu

Student Model Parameters:
conv1.weight: [[[ 0.44095385  0.10747947  0.15747376]]

 [[ 0.02221896 -0.9313864  -1.8106637 ]]

 [[-0.52371544  0.8069064  -0.21564032]]

 [[-0.2962562  -0.31244978  0.3807828 ]]]
conv2.weight: [[[ 0.48388907  0.4733727 ]
  [ 0.1021324   0.10908775]
  [ 0.20708849  0.15721606]
  [ 0.3596852   0.40164667]]

 [[-0.08987517 -0.14544538]
  [ 0.03469531 -0.7177065 ]
  [ 0.10351771 -0.13509339]
  [ 0.05456564 -0.2366252 ]]

 [[ 0.02260267  0.16181879]
  [ 0.02683803  0.22773603]
  [-0.8930732   1.2521297 ]
  [-0.6425731  -0.61998045]]

 [[-0.2078794  -0.58068556]
  [-0.7326497  -0.12197873]
  [-0.06188669  0.13163154]
  [-0.22371261 -0.17379586]]]
conv3.weight: [[[ 0.3760725   0.3359508 ]
  [ 0.57240933  0.01877225]
  [-0.02254532  0.04692147]
  [ 0.7295031   0.26457235]]]

Final Loss: 0.0121
Distance Metric: 7.5909
L1 norm: 0
L2 norm: 0
Batch size: 32
Clipping: 0

================================================================================

nonoverlapping_CNN_sigmoid -> overlapping_CNN_sigmoid

Student Model Parameters:
conv1.weight: [[[ 0.9363055   1.592971   -0.6078971 ]]

 [[-2.1483805   2.361147   -0.7554651 ]]

 [[ 0.8601026   1.8666089  -0.28924352]]

 [[ 0.6839487  -0.50905883  0.20864783]]]
conv2.weight: [[[-0.66038996  0.0530796 ]
  [ 0.67634    -0.939589  ]
  [ 0.4283396  -0.2878818 ]
  [ 0.30182523  0.03825828]]

 [[ 0.0729647  -0.01358003]
  [-1.1976014   0.73912674]
  [-0.06625765  0.49983627]
  [-0.04587504 -0.07448058]]

 [[-0.5992546  -0.8770197 ]
  [-0.42273676  0.01472037]
  [-0.0935133  -0.877489  ]
  [-0.70448077 -0.19663894]]

 [[ 1.1868166   0.03160064]
  [ 0.10550862  0.09594072]
  [-0.9633539   0.8059435 ]
  [-0.8023106  -0.10029337]]]
conv3.weight: [[[ 0.72428304 -0.71350724]
  [-0.56056106  0.5517864 ]
  [-0.22049706  0.23113897]
  [ 0.28945652 -0.2757342 ]]]

Final Loss: 0.0000
Distance Metric: 7.7983
L1 norm: 0
L2 norm: 0
Batch size: 32
Clipping: 0

================================================================================

nonoverlapping_CNN_sigmoid -> overlapping_CNN_tanh

Student Model Parameters:
conv1.weight: [[[-1.857644    0.70438397  0.823866  ]]

 [[ 1.148372   -0.711521   -0.52354383]]

 [[ 0.5720804  -0.836282    0.17316663]]

 [[-1.0120108  -1.2688906   0.54498273]]]
conv2.weight: [[[-1.0064024   0.07483932]
  [ 1.1907958   0.14143659]
  [ 0.40049875 -1.0942526 ]
  [ 0.5281216   0.6451492 ]]

 [[ 0.01118776 -0.778744  ]
  [ 0.19712535  0.23786141]
  [-0.63091373 -0.49763036]
  [ 0.12309831 -0.12594362]]

 [[ 1.2876924   1.0114493 ]
  [-0.37768576  0.251358  ]
  [ 0.74045867 -0.03269012]
  [-0.6281742   0.3034514 ]]

 [[ 0.7075967  -0.48833314]
  [-0.7723672   0.0595192 ]
  [ 0.         -0.05233953]
  [-0.33656803 -0.10547404]]]
conv3.weight: [[[-0.26976067  0.32889947]
  [-0.12596585 -0.45632488]
  [-0.07729869 -0.43091127]
  [-0.09515495  0.71073157]]]

Final Loss: 0.2363
Distance Metric: 8.2640
L1 norm: 0
L2 norm: 0
Batch size: 32
Clipping: 0

================================================================================

nonoverlapping_CNN_tanh -> overlapping_CNN_relu

Student Model Parameters:
conv1.weight: [[[-1.3436738   1.4851828  -0.5312454 ]]

 [[ 0.9211145  -0.04472471 -1.175907  ]]

 [[ 1.0834974  -0.70587486  0.        ]]

 [[ 0.8602208  -0.8786493   0.346546  ]]]
conv2.weight: [[[-0.05646573 -0.8872074 ]
  [ 0.10053965  0.41782635]
  [ 0.24059252 -1.0154691 ]
  [-0.14555115  0.75939155]]

 [[ 0.10395731  0.01031835]
  [-0.4169734  -0.06381905]
  [ 0.7586586   0.32607457]
  [-0.09640172  0.29210436]]

 [[-1.3292657   0.26182318]
  [ 0.25733754  0.20024797]
  [-0.2741342  -0.39178053]
  [ 0.5911009   0.27562317]]

 [[ 0.42780447 -1.0579212 ]
  [ 0.49239913  0.12064629]
  [-0.89216053  0.09009679]
  [-1.0311662   0.07490078]]]
conv3.weight: [[[ 0.9390207  -0.18402094]
  [ 0.25369582 -0.08981072]
  [-0.8314486   0.4355957 ]
  [ 0.24586022 -1.4229784 ]]]

Final Loss: 0.2139
Distance Metric: 8.9655
L1 norm: 0
L2 norm: 0
Batch size: 32
Clipping: 0

================================================================================

nonoverlapping_CNN_tanh -> overlapping_CNN_sigmoid

Student Model Parameters:
conv1.weight: [[[ 4.1378226  -4.441828    1.7224213 ]]

 [[-0.39142066  0.6101055  -0.13822179]]

 [[ 6.0540557  -6.766645    1.9252614 ]]

 [[ 0.3881782  -1.4438978   0.24081472]]]
conv2.weight: [[[-2.333264    0.284552  ]
  [-1.0942056  -0.17385443]
  [-2.443373    2.6781175 ]
  [-0.37885675 -0.7759369 ]]

 [[-1.619542    1.846594  ]
  [-0.05607059 -0.40976873]
  [-3.546693    3.3010747 ]
  [-0.12898178 -0.11793353]]

 [[ 1.6381612  -2.599487  ]
  [-0.18708308  0.33589718]
  [ 2.8844724  -2.4559026 ]
  [ 0.04303866 -0.3698345 ]]

 [[ 1.5160314  -1.5949581 ]
  [-1.2033108  -1.6709065 ]
  [ 3.2615     -2.1762018 ]
  [-0.944456    0.09819967]]]
conv3.weight: [[[-0.5067246  -3.9485853 ]
  [ 2.5480776  -3.799134  ]
  [-2.98818     1.9760772 ]
  [-4.9916244   0.44796485]]]

Final Loss: 0.1846
Distance Metric: 31.8681
L1 norm: 0
L2 norm: 0
Batch size: 32
Clipping: 0

================================================================================

nonoverlapping_CNN_tanh -> overlapping_CNN_tanh

Student Model Parameters:
conv1.weight: [[[-1.4069514   0.6143758   0.36553887]]

 [[ 1.0157534  -1.063307    0.2543364 ]]

 [[ 2.590213   -2.8302364   0.87008804]]

 [[-0.8525033  -1.3301827   0.2798664 ]]]
conv2.weight: [[[-0.3469275   0.22228903]
  [ 0.57355547  0.33630648]
  [-0.06733797 -1.1711769 ]
  [ 0.66635835  0.7818345 ]]

 [[ 0.29142937 -0.23989345]
  [ 0.01771386 -0.05458607]
  [-0.5774379   0.5144854 ]
  [-0.07017188  0.16772117]]

 [[ 0.          0.        ]
  [ 0.          0.        ]
  [-1.3801302   1.2901024 ]
  [ 0.          0.        ]]

 [[ 0.24814257 -0.1569662 ]
  [-0.5503128   0.4775224 ]
  [-0.17391795  0.1266759 ]
  [-0.02576273  0.16142258]]]
conv3.weight: [[[ 0.         0.       ]
  [ 0.         0.       ]
  [ 0.8588919 -0.8389647]
  [ 0.         0.       ]]]

Final Loss: 0.0000
Distance Metric: 4.8314
L1 norm: 0
L2 norm: 0
Batch size: 32
Clipping: 0

================================================================================

