Experiment Summary:
================================================================================

Teacher Model Parameters:
layers.0.weight: [[[ 2.59 -2.83  0.87]]]
layers.1.weight: [[[-1.38  1.29]]]
layers.2.weight: [[[ 0.86 -0.84]]]

================================================================================

nonoverlappingCNN_sigmoid -> fcnn_decreasing_sigmoid

Student Model Parameters:
layers.0.weight: [[ 0.12996294  0.07923266  0.06719834 ...  0.08260008  0.06926689
   0.02633396]
 [-0.02193788  0.14758793  0.02659546 ...  0.1173231   0.1428668
  -0.08905654]
 [ 0.11235872  0.08424143 -0.09426411 ...  0.04223547  0.11797928
   0.08102289]
 ...
 [ 0.05729078 -0.12688315  0.10711655 ...  0.11923416  0.15026629
  -0.10625047]
 [-0.022033   -0.11263038  0.12976311 ... -0.13892555  0.02085564
   0.14852272]
 [-0.05189971 -0.06333056 -0.10343157 ... -0.14670368  0.10989334
  -0.0316711 ]]
layers.1.weight: [[ 2.42958460e-02  6.13468792e-03  1.29744327e-02 ...  3.32178883e-02
  -1.42005906e-01 -1.16062358e-01]
 [ 1.19888440e-01  8.37043449e-02 -8.49776417e-02 ... -1.00891002e-01
  -8.34596828e-02 -3.96527126e-02]
 [-5.86696751e-02  3.03443894e-02  4.92816307e-02 ...  1.23863369e-01
   8.68081301e-02  8.95726457e-02]
 ...
 [ 7.44004548e-02  1.22376956e-01  2.92425174e-02 ...  1.80476010e-02
  -6.61455188e-03  1.06487766e-01]
 [-1.41603291e-01  8.93657207e-02  8.57082456e-02 ...  3.99545990e-02
  -1.22074842e-01 -1.33492897e-04]
 [ 6.06835559e-02  4.35397290e-02 -1.03476733e-01 ... -1.35587603e-01
   8.29454586e-02  2.47941390e-02]]
layers.2.weight: [[-0.03608005 -0.06155299  0.04708225  0.4973744   0.02982848 -0.11494007
  -0.15837967 -0.10194356  0.12789257  0.25918153  0.30563778  0.00449723
   0.17198141  0.09738862 -0.3830692  -0.55057895  0.22794785  0.4359267
   0.26755667 -0.15214647 -0.32688278 -0.10547728  0.3041312   0.3593044
  -0.06350542  0.06550574 -0.28322816  0.46394393 -0.1955673  -0.04963107
   0.2625266  -0.45352563]]

Final Loss: 0.0088
Distance Metric: 19.5033
L1 norm: 1e-05
L2 norm: 0
Batch size: 16
Clipping: 0
Learning rate: 0.01
data size: 5120
init: 1
seed: 1

================================================================================

nonoverlappingCNN_sigmoid -> fcnn_decreasing_relu

Student Model Parameters:
layers.0.weight: [[ 0.02106656 -0.23570316  0.23031984 ...  0.4384096   0.25268537
   0.32961687]
 [-0.2620829  -0.47375372  0.42293233 ... -0.2709674  -0.23330349
  -0.01122087]
 [ 0.21488108  0.50236994  0.13500568 ...  0.10566503 -0.2573134
   0.33546132]
 ...
 [-0.14298895  0.45437995  0.8266776  ... -1.0167211  -1.2043033
   0.7911876 ]
 [ 0.5810536   1.1860543   0.24491316 ...  0.23408979  0.14542587
   0.2974181 ]
 [-0.36443374 -0.7607955  -0.15544145 ... -0.00178197 -0.05947539
   0.28898865]]
layers.1.weight: [[-0.18644398 -0.25027993 -0.25179893 ... -0.217739    0.08006782
  -0.4818061 ]
 [ 0.10995067 -0.52977544 -0.13502985 ... -0.45917806 -0.4129283
  -0.5195697 ]
 [-0.29054484  0.21548964 -0.06069783 ... -0.1910064  -0.20003551
  -0.19709632]
 ...
 [-0.5478544   0.15526319 -0.4630421  ... -0.46129817 -0.03215603
  -0.582815  ]
 [ 0.17197378  0.6125646  -0.34659088 ...  0.4608878  -0.08126119
   0.28960922]
 [-0.37703544 -0.08222194 -0.18575601 ... -0.1276868  -0.20535912
  -0.37664098]]
layers.2.weight: [[-0.9601656   0.40884185 -0.6454703  -0.09384429  0.12413345  0.02419937
  -0.25714588 -1.2326347  -1.2422103   0.6647027  -1.3271334  -0.82913035
   0.6998569  -0.92062867  0.24797173 -2.1696596   2.3111522  -0.2223225
  -0.6991608  -1.7650658  -1.1637179  -1.4116299  -1.6483632  -0.05546134
   1.2982761   0.00909662 -0.23023371  1.1078261   1.6123176   0.05433781
  -1.6567618  -0.78358024]]

Final Loss: 0.2879
Distance Metric: 64.7270
L1 norm: 1e-05
L2 norm: 0
Batch size: 16
Clipping: 0
Learning rate: 0.01
data size: 5120
init: 1
seed: 1

================================================================================

nonoverlappingCNN_sigmoid -> fcnn_decreasing_tanh

Student Model Parameters:
layers.0.weight: [[-0.9496213   0.07091469 -0.43107367 ...  0.33792996  0.23680088
  -0.0157174 ]
 [ 0.07006815 -0.37072155 -0.39164442 ... -0.02874979  0.02048887
  -0.39563018]
 [-0.3930621  -0.6701233  -1.0972378  ...  0.41835704 -0.4586345
   0.51113856]
 ...
 [-0.00154122 -0.16732731  1.3061228  ... -0.23786838 -0.15161175
  -0.38400137]
 [ 0.11011043 -0.03687727 -0.32414913 ...  0.05764017 -0.03737964
  -0.19771363]
 [ 0.7205655   0.1014514  -0.14155267 ... -0.05061581  0.26880285
  -0.32738042]]
layers.1.weight: [[-0.25797802 -0.2265961  -0.33160192 ...  0.02469691 -0.1379527
  -0.04795144]
 [-0.00349111  0.0725598   0.15320756 ... -0.1521601   0.09946921
   0.12464532]
 [-0.14846937 -0.17365424  0.5851749  ... -0.40321362 -0.15378185
   0.0358916 ]
 ...
 [ 0.06635319  0.11499898 -0.23596753 ...  0.43717152  0.07561886
   0.15574844]
 [ 0.35488656 -0.0201619   0.01038129 ... -0.92602694  0.13484684
   0.3112821 ]
 [ 0.05605989  0.7787109  -0.82942575 ...  0.02405503  0.10859049
   0.29793054]]
layers.2.weight: [[ 0.33307767 -0.21080028  0.3172765   0.45531526 -0.47871068 -0.22998685
   0.30195817  0.1727165  -0.15954842 -0.28041688  0.2256764  -0.38989466
  -0.48529813  0.44996542  0.06639741  0.4582446   0.27371404 -0.43781367
  -0.24595597  0.47287217  0.52077734  0.36702657 -0.16286401 -0.39293632
   0.25682282 -0.25473526  0.31106701  0.05728671  0.29093888  0.27109313
  -0.47010446 -0.47231877]]

Final Loss: 0.0290
Distance Metric: 57.1256
L1 norm: 1e-05
L2 norm: 0
Batch size: 16
Clipping: 0
Learning rate: 0.01
data size: 5120
init: 1
seed: 1

================================================================================

nonoverlappingCNN_relu -> fcnn_decreasing_sigmoid

Student Model Parameters:
layers.0.weight: [[ 0.04891174 -0.18953748  0.10917869 ... -0.00313905  0.0514442
  -0.11896808]
 [-2.6962566   2.8023372  -1.2136556  ...  0.79461277 -0.98246354
  -0.03430921]
 [ 0.220178    0.11196776  0.0341307  ... -0.2850832   0.30707076
  -0.01283505]
 ...
 [-0.5474501   0.75800073 -0.32926425 ... -0.34428853  0.28232607
  -0.2371901 ]
 [-0.8008624   1.0101341  -0.49057266 ...  1.3516685  -1.8844162
   0.53736556]
 [-0.58140546  0.243275    0.25668857 ...  0.48176667 -0.63511777
  -0.00770067]]
layers.1.weight: [[ 0.15527925 -0.4925281  -0.06974132 ... -0.1083113  -0.25253582
   0.09151121]
 [-0.14801015  0.1880137  -0.16048649 ...  0.06575786  0.2076489
   0.15816258]
 [ 0.02587263  0.69076383  0.00912095 ... -0.14955659  0.25895756
   0.00165337]
 ...
 [-0.09645007  0.8214462   0.35081166 ...  0.31335175 -0.15006216
  -0.49543485]
 [ 0.12856703 -1.0736961  -0.16417822 ...  0.05274825 -0.64512473
   0.12870981]
 [-0.04985424 -1.2597681   0.01054775 ... -0.08721149 -0.01474963
   0.07423206]]
layers.2.weight: [[ 1.0888238  -0.53399074 -1.8269185   2.361081   -0.9351541   2.6588702
  -0.5104029  -2.2600214   1.8792502   4.3947344   0.5976835  -1.6879126
  -3.7484398  -3.408109    3.6076221  -1.1835011  -1.9274246  -1.6538281
   1.5488076  -1.472279    3.4040117  -1.9612672  -2.2827837  -2.0643373
  -2.311377    2.5135784   1.9951346   0.29038373  2.900497   -3.123446
   3.3532984   3.4400792 ]]

Final Loss: 3.3154
Distance Metric: 51.1578
L1 norm: 1e-05
L2 norm: 0
Batch size: 16
Clipping: 0
Learning rate: 0.01
data size: 5120
init: 1
seed: 1

================================================================================

nonoverlappingCNN_relu -> fcnn_decreasing_relu

Student Model Parameters:
layers.0.weight: [[ 0.03375882 -0.16527471 -0.07328358 ...  0.07385375 -0.30414003
   0.03219774]
 [-0.11967863 -0.19797976  0.16990334 ... -0.07945836  0.24749607
  -0.12596911]
 [-0.03593517 -0.2102337  -0.07782968 ... -0.35642764 -0.00340857
  -0.16976106]
 ...
 [ 0.02241818  0.11944505  0.14572707 ...  0.2802047   0.5395137
   0.03802412]
 [ 0.38134468  0.49767953  0.00062107 ... -0.03170623  0.25492665
   0.3765458 ]
 [ 0.09843354  0.18377846  0.0449134  ...  0.11887673  0.11697806
  -0.06074144]]
layers.1.weight: [[-0.03701825  0.086162    0.10111854 ...  0.15465188 -0.15748228
  -0.15970472]
 [ 0.01430123  0.30691957  0.48389092 ...  0.28166035 -0.23948431
  -0.5636176 ]
 [-0.27286294  0.19079871  0.07277728 ... -0.10736527 -0.08559058
   0.03867406]
 ...
 [ 0.41449922  0.29553714  0.00451278 ... -0.19922405 -0.2822689
  -0.07075465]
 [-0.24564473 -0.15832894  0.07363702 ...  0.14563791  0.10470784
   0.25512147]
 [-0.02057361 -0.20933984  0.09914549 ... -0.11286424  0.20425153
  -0.03439178]]
layers.2.weight: [[-0.6881786  -0.9208652  -0.23352459  1.6992114  -0.6518825   0.7888025
  -0.04579961 -2.5252419  -0.7734117  -1.2883594  -1.2279297  -0.5629677
   0.6075703  -0.8064946  -1.2995766   1.379646   -0.6087526  -0.8797597
  -2.549134    3.5578701   1.6652408  -0.34463388  0.40523446 -0.6854613
   1.4552898  -0.06817278 -1.1510054  -0.5624993  -0.28454164  0.17555664
   0.41477746  2.5148928 ]]

Final Loss: 4.9860
Distance Metric: 49.0644
L1 norm: 1e-05
L2 norm: 0
Batch size: 16
Clipping: 0
Learning rate: 0.01
data size: 5120
init: 1
seed: 1

================================================================================

nonoverlappingCNN_relu -> fcnn_decreasing_tanh

Student Model Parameters:
layers.0.weight: [[-1.1324781  -0.3810668  -0.6944713  ...  1.0541539   0.25815672
   0.43648502]
 [-0.3353365   0.705915    0.42132524 ...  0.3681538   0.78824735
   0.50106037]
 [-0.44337675  0.57283     0.32814398 ... -0.12258032 -0.13469233
  -0.5170012 ]
 ...
 [ 0.3776127  -0.19959053  0.47996494 ...  0.55787784 -1.7586613
  -0.09295514]
 [ 0.82912934  0.24954209 -0.1418835  ...  0.42991292 -0.0165435
   0.6971544 ]
 [ 0.01646049  0.8376468   0.81191987 ...  0.5266993  -0.3303255
  -0.68780315]]
layers.1.weight: [[ 0.3230742  -0.32880327 -0.060722   ...  0.02521858 -0.10393526
  -0.37385008]
 [-0.01667658 -0.34524077  0.15334408 ...  0.14316793 -0.07916175
  -0.34166053]
 [ 0.39663312  0.09219226  0.3461513  ...  0.3850321  -0.39462703
  -0.32444292]
 ...
 [ 0.04596958 -0.305465    0.030311   ... -0.86815995 -0.41394457
  -0.20158467]
 [-0.73525506  0.42406896 -0.4324747  ... -0.3167859  -0.15990165
  -0.14753519]
 [ 0.7563957  -0.09048179  0.30861232 ...  0.8525679   0.12002703
   0.1301691 ]]
layers.2.weight: [[-0.3604718  -0.44958082  0.49950224  0.53710973  0.42357537 -0.6855394
  -0.56389916  0.51046085 -0.5568772   0.6432281  -0.41350982 -0.48453733
   0.64096206  0.43945172  0.7374632  -0.5298614   0.48942798  0.31332183
  -0.635431   -0.46688825  0.42461622  0.5004101   0.5116192  -0.29691184
  -0.51948214  0.4765998   0.4300814  -0.34753025 -0.5754797  -0.56699365
  -0.54679316 -0.3432608 ]]

Final Loss: 3.3907
Distance Metric: 72.5429
L1 norm: 1e-05
L2 norm: 0
Batch size: 16
Clipping: 0
Learning rate: 0.01
data size: 5120
init: 1
seed: 1

================================================================================

nonoverlappingCNN_tanh -> fcnn_decreasing_sigmoid

Student Model Parameters:
layers.0.weight: [[-0.03828238  0.18284787  0.04230509 ... -0.10099271  0.12044179
  -0.11784022]
 [-0.28842193  0.38423616  0.06695595 ... -0.06214708 -0.01127813
  -0.08022736]
 [ 0.03438336 -0.21184935 -0.08156646 ...  0.02539457  0.02254048
  -0.01201515]
 ...
 [-0.7132588   0.88474286 -0.369584   ...  0.03163364  0.07180815
  -0.11684424]
 [ 0.19305453 -0.23224808  0.15563592 ...  0.14940166 -0.12717946
  -0.03398367]
 [-0.51805174  0.65139216 -0.23377456 ... -0.04016776  0.10800087
  -0.04875767]]
layers.1.weight: [[-7.89232552e-02  3.79872732e-02 -1.65710777e-01 ... -1.40788689e-01
   8.73062238e-02 -1.36203319e-01]
 [-1.88462920e-02 -4.14304510e-02  2.63884179e-02 ... -1.69688776e-01
  -1.09981284e-01 -1.92744080e-02]
 [ 8.96530002e-02  6.50686547e-02  1.06920972e-01 ...  1.31728098e-01
   1.07470863e-01  1.00942835e-01]
 ...
 [-2.82664709e-02 -9.65799019e-02 -1.78076550e-01 ... -1.37667507e-01
   5.05124293e-02 -4.02715951e-02]
 [-2.72647419e-04 -1.26402050e-01  6.57965615e-02 ... -3.25949520e-01
  -1.34050041e-01 -2.71567166e-01]
 [-1.67894706e-01 -1.76772743e-01 -6.31537139e-02 ...  1.16460258e-03
   2.79276334e-02 -2.19102636e-01]]
layers.2.weight: [[-1.3897102  -6.7822514  -0.5341742  -2.3843768   0.15285878  0.86374193
   1.9513527  -1.1511524  -1.483523    0.616303    0.62302595  0.5979346
  -1.8425877  -2.891066   -1.868217   -0.25419533 -1.6366706  -0.14101434
  -1.5648191  -0.9137536  -2.079458    0.11987438 -2.0709698   1.6940457
  -1.1927904   2.4920924   0.7944248  -0.7549131   0.15737161 -0.85851854
   0.91685146 -1.8280673 ]]

Final Loss: 0.1981
Distance Metric: 48.9678
L1 norm: 1e-05
L2 norm: 0
Batch size: 16
Clipping: 0
Learning rate: 0.01
data size: 5120
init: 1
seed: 1

================================================================================

nonoverlappingCNN_tanh -> fcnn_decreasing_relu

Student Model Parameters:
layers.0.weight: [[-0.04496143  0.25730783 -0.03402312 ...  0.02255606  0.15125896
   0.13036925]
 [ 0.02955446 -0.24184994 -0.12182304 ...  0.05541872  0.0151391
  -0.10508671]
 [ 0.19834468  0.34721875  0.1809997  ... -0.04349456  0.31943887
  -0.02965189]
 ...
 [ 0.0338313   0.24588396 -0.25506565 ...  0.01898074  0.28619006
  -0.01633799]
 [ 0.20852552  0.48310268 -0.27766404 ... -0.02768086 -0.34857056
   0.27856433]
 [ 0.2816002   0.06349669  0.39916313 ...  0.00807498  0.1899381
  -0.10996785]]
layers.1.weight: [[-0.03582538 -0.12871172  0.18390778 ...  0.15335253  0.20869595
  -0.22677992]
 [ 0.23761919 -0.24549139  0.3182484  ... -0.10095864 -0.16628005
  -0.18462527]
 [-0.5444365   0.22792146 -0.02422295 ... -0.00606743 -0.10642872
  -0.26415846]
 ...
 [-0.02301201 -0.09713653  0.04290104 ... -0.26130396 -0.05789916
  -0.0786723 ]
 [-0.17857225 -0.01752196  0.53586614 ... -0.14981456 -0.101776
  -0.09678795]
 [ 0.21269156  0.1269943   0.29477715 ...  0.02814001  0.08621806
  -0.37588552]]
layers.2.weight: [[-1.1162988  -1.1662141  -1.3072557   1.4998652  -0.5609612  -0.1698504
   1.2724283  -1.0944895   0.23339793  0.47312707 -0.685966   -2.7345223
  -0.7654205   1.0004442   1.8541539   1.8960948  -0.8726256  -0.67496467
   2.1020539   0.64363754 -2.4005148   1.0694124  -2.1153796   0.63394624
   3.6443188   1.2011317   0.438932    2.8178513   1.5550907   1.6277566
  -0.39491615 -0.9773613 ]]

Final Loss: 0.3914
Distance Metric: 47.4865
L1 norm: 1e-05
L2 norm: 0
Batch size: 16
Clipping: 0
Learning rate: 0.01
data size: 5120
init: 1
seed: 1

================================================================================

Experiment Summary:
================================================================================

Teacher Model Parameters:
layers.0.weight: [[[ 2.59 -2.83  0.87]]]
layers.1.weight: [[[-1.38  1.29]]]
layers.2.weight: [[[ 0.86 -0.84]]]

================================================================================

nonoverlappingCNN_sigmoid -> fcnn_decreasing_sigmoid

Student Model Parameters:
layers.0.weight: [[-0.03449141  0.03033066 -0.09636547 ... -0.01589259 -0.1231822
  -0.01356819]
 [-0.06873366  0.10320605  0.07655758 ...  0.01671349  0.10949714
  -0.14792101]
 [-0.09881871 -0.13639803 -0.13114752 ... -0.1313546   0.02048526
  -0.05999942]
 ...
 [ 0.01627315 -0.00118361 -0.10702564 ... -0.00571883 -0.13072973
   0.04321684]
 [-0.13709144  0.02962856 -0.14345384 ...  0.12403851  0.07445339
  -0.0315086 ]
 [ 0.09459174  0.1336113   0.14070587 ...  0.13227223 -0.06692591
   0.03842344]]
layers.1.weight: [[-0.05544376 -0.05803345 -0.11063424 ...  0.00809762  0.02705701
  -0.09059111]
 [-0.00298624 -0.10237663 -0.11277264 ... -0.09922297 -0.11273185
   0.0916035 ]
 [-0.15007722 -0.1210355   0.04905047 ...  0.09775809 -0.03369702
  -0.04124416]
 ...
 [-0.09565271 -0.05309443  0.04642268 ... -0.04693704 -0.10389461
   0.03111951]
 [-0.05233017 -0.01425447  0.13883083 ... -0.02764371  0.04729608
  -0.06316397]
 [-0.05284085 -0.12211381 -0.10138556 ... -0.04300743 -0.01148149
   0.01477247]]
layers.2.weight: [[-0.10750879 -0.29148442 -0.52953845  0.39740175 -0.40799233  0.37549353
   0.03714817 -0.14969581 -0.31727022 -0.35594258  0.11499349 -0.48521587
   0.21828634  0.04177353  0.4730539   0.22170918  0.17185798  0.06511891
  -0.08392538  0.17661871 -0.14810424 -0.22429693  0.29695478 -0.03870237
   0.3981134   0.10246331 -0.09668769  0.31401008  0.43670234  0.01506356
  -0.2471781   0.4391267 ]]

Final Loss: 0.0088
Distance Metric: 19.7504
L1 norm: 1e-05
L2 norm: 0
Batch size: 16
Clipping: 0
Learning rate: 0.01
data size: 5120
init: 1
seed: 2

================================================================================

nonoverlappingCNN_sigmoid -> fcnn_decreasing_relu

Student Model Parameters:
layers.0.weight: [[ 0.15551144 -0.0541556  -0.01649649 ...  0.13477616  0.00933765
  -0.05915108]
 [-0.09896587  0.0192745   0.44960222 ...  0.04303382  0.14654392
   0.06884167]
 [ 0.05559381  0.30331284  0.04860707 ... -0.10585941 -0.00972208
   0.32384086]
 ...
 [-0.3790802  -0.18143046  0.356703   ... -0.04830569 -0.01756627
  -0.01716312]
 [ 0.0059274  -0.02424725 -0.83661795 ... -0.17480005  0.47407904
  -0.0318912 ]
 [ 0.2458746   0.1778604   0.33862874 ...  0.19464262 -0.36804163
   0.13678235]]
layers.1.weight: [[ 0.10743926 -0.08371087  0.23241965 ... -0.1030578  -0.5811458
   0.36617297]
 [ 0.00867289  0.16613206 -0.06159857 ... -0.3389048   0.14988482
  -0.10540951]
 [-0.0174333   0.24685292  0.24711509 ...  0.16921566  0.20345981
   0.06769974]
 ...
 [-0.14462692  0.17144558 -0.07533692 ...  0.40792885  0.1679415
   0.27464634]
 [-0.11631908 -0.13928829 -0.24545127 ...  0.14517969 -0.16417065
  -0.18445908]
 [-0.28176475  0.01107188  0.09185982 ...  0.43561438 -0.00854037
   0.48081616]]
layers.2.weight: [[ 2.07037     2.4114728  -0.7040223  -0.04747646 -1.6299013   2.3528683
   0.62653935 -3.1246047   0.91203713 -0.8689224  -1.6034366   1.9777111
  -1.1549107   0.22039585  0.0209336   0.29418752  0.05425068 -1.771791
   0.01215502  1.7878857  -0.71747243 -0.01117147 -0.50932866 -0.63193583
   0.66525024 -1.608458    0.9216774   2.2504735  -0.87245315 -2.1428103
   1.8277153  -0.8878137 ]]

Final Loss: 0.2777
Distance Metric: 47.3895
L1 norm: 1e-05
L2 norm: 0
Batch size: 16
Clipping: 0
Learning rate: 0.01
data size: 5120
init: 1
seed: 2

================================================================================

nonoverlappingCNN_sigmoid -> fcnn_decreasing_tanh

Student Model Parameters:
layers.0.weight: [[-1.2269247   1.2947867  -0.123785   ...  0.47632843 -1.7016947
   0.43676758]
 [ 0.19810462 -0.90731025  0.47241837 ...  1.2200904   0.50176734
   1.0337324 ]
 [-0.8437672  -0.78116035  0.27332798 ...  1.3367977   1.2152295
   0.04682789]
 ...
 [-0.15834844  0.40860796  0.6708704  ... -0.6458376   0.38906014
  -0.66596293]
 [ 0.1852926  -0.39356318 -1.1464689  ...  0.8648071   0.50131434
  -0.28209087]
 [-1.096847   -0.53462225  0.49497187 ...  0.25688523  0.3729724
  -0.4093159 ]]
layers.1.weight: [[ 0.05418182 -0.18368241 -0.06301931 ... -0.1563938  -0.14522947
   0.19057374]
 [ 0.24992464  0.13471165  0.2228982  ...  0.05049114  0.15079336
   0.2148167 ]
 [-0.08943389 -0.30398554 -0.7185618  ... -0.9201428   0.2829143
   0.2268386 ]
 ...
 [ 0.7743957  -0.6648943  -0.42969346 ... -0.69013184  0.07658553
  -0.6286059 ]
 [-0.44061026  0.25354174  1.0766288  ... -0.45678347  0.13604674
   0.03698415]
 [-0.07901237  0.07738652  0.01653635 ...  0.04271009 -0.03335334
  -0.22403248]]
layers.2.weight: [[ 0.2401719   0.30542865 -0.5612552   0.34300095  0.23093913 -0.37645742
   0.14404087  0.34396794  0.20960017  0.16528007 -0.21939237 -0.08091001
  -0.33860227 -0.33275482  0.52205706 -0.39304847  0.21717189  0.50387424
  -0.17759334  0.1779257   0.31363714  0.34498554 -0.20666133  0.25271705
   0.2841102   0.61637616  0.46768978  0.31334892  0.37697083  0.46805462
  -0.50763863 -0.21245915]]

Final Loss: 0.0288
Distance Metric: 57.7554
L1 norm: 1e-05
L2 norm: 0
Batch size: 16
Clipping: 0
Learning rate: 0.01
data size: 5120
init: 1
seed: 2

================================================================================

nonoverlappingCNN_relu -> fcnn_decreasing_sigmoid

Student Model Parameters:
layers.0.weight: [[-0.06346748  0.275763    0.17183818 ... -0.09397888 -0.20953134
  -0.0371138 ]
 [-0.62631506  0.4036246  -0.06541575 ... -0.7371834   0.95413643
  -0.2126101 ]
 [-0.08486211 -0.00977533  0.03323489 ... -0.4427311   0.25296307
  -0.28575495]
 ...
 [ 0.06398462  0.02151644  0.15871404 ... -0.1650552   0.19266805
  -0.06032312]
 [ 0.15572697 -0.02666073  0.04130651 ...  0.10914983  0.07641178
   0.0800103 ]
 [-0.16605765  0.16553645 -0.0654699  ...  0.03604365 -0.25210664
   0.05450958]]
layers.1.weight: [[-0.00384667  0.30215052 -0.01437807 ... -0.0794747  -0.05668268
  -0.18821812]
 [ 0.0462143  -0.05565678 -0.12862864 ...  0.00997366 -0.05429119
   0.11025405]
 [-0.09768597  0.2854447   0.16326536 ... -0.17356245  0.06187904
  -0.01786729]
 ...
 [ 0.11697648 -0.21027733  0.04833991 ...  0.09026311 -0.12305254
  -0.06657973]
 [ 0.11454504  0.00075737  0.14346752 ...  0.04631628  0.11257804
   0.03075826]
 [ 0.17941134  0.17717142  0.06705724 ...  0.20297155  0.01627131
  -0.01769459]]
layers.2.weight: [[ 3.1627889   0.04735359  3.5768957  -1.7953603   0.69252443  1.0337117
  -0.83924794 -2.9395273  -0.5824191   3.1915798  -1.8114412  -2.963434
  -6.7280083  -2.7454019   0.3624764   1.6809677   1.3163824  -1.9594753
   1.2770289   3.0804627   2.503731    2.4357665  -0.9931894  -1.746676
   2.1515598   0.8827549  -4.024715    2.0400252   5.1026464  -1.1255784
   1.2640508  -3.2152987 ]]

Final Loss: 3.3985
Distance Metric: 52.2733
L1 norm: 1e-05
L2 norm: 0
Batch size: 16
Clipping: 0
Learning rate: 0.01
data size: 5120
init: 1
seed: 2

================================================================================

nonoverlappingCNN_relu -> fcnn_decreasing_relu

Student Model Parameters:
layers.0.weight: [[-0.56042385 -0.15270916 -0.37064874 ... -0.3653202   0.3959331
   0.25521973]
 [-0.47039822 -0.14562204 -0.30053425 ... -0.8153035   0.07579632
   0.30268815]
 [ 0.19685078 -0.24791597  0.1418802  ...  0.02051582  0.01853031
   0.30441216]
 ...
 [-0.03629291 -0.14233544  0.01359088 ... -0.20352377 -0.1325443
   0.22536285]
 [ 0.0176737   0.07891353  0.17833084 ...  0.02965685 -0.02636367
   0.21771783]
 [ 0.03082491  0.04336469  0.0475064  ...  0.02131123  0.08962234
   0.06049866]]
layers.1.weight: [[ 0.08987341 -0.00422851 -0.26479357 ... -0.09233345  0.04290779
   0.17527997]
 [-0.02489416 -0.06145857 -0.08071503 ...  0.10384526  0.17667776
  -0.3672791 ]
 [-0.21718411  0.2911872   0.23529272 ...  0.41728413 -0.13742311
   0.09278403]
 ...
 [-0.18203789  0.5901653  -0.10370245 ...  0.2041937   0.22337738
   0.08932921]
 [-0.13548677  0.02552389  0.35061032 ...  0.07296275  0.25335583
   0.25399584]
 [ 0.16847612  0.39497975 -0.2199097  ...  0.17756742 -0.04112469
  -0.00444809]]
layers.2.weight: [[ 0.40760842  0.82279664 -0.2642432   0.25332853 -1.6467973  -1.0614083
  -1.444252   -0.6742496  -1.0060861  -0.9030229  -1.2884277   0.76072514
   0.64162457 -1.4810205   0.48000044 -0.6533898  -2.947794    1.59815
   0.68273306 -2.330888    0.97368765 -0.59262556  1.4511844   0.42013806
  -1.8226473  -1.991707   -1.6116676  -1.0694448   1.5490755  -0.48818773
  -0.52504116 -1.1920114 ]]

Final Loss: 5.0586
Distance Metric: 49.9103
L1 norm: 1e-05
L2 norm: 0
Batch size: 16
Clipping: 0
Learning rate: 0.01
data size: 5120
init: 1
seed: 2

================================================================================

nonoverlappingCNN_relu -> fcnn_decreasing_tanh

Student Model Parameters:
layers.0.weight: [[ 0.8682684   0.16685113  0.47692183 ...  0.46446174  0.46543238
  -0.01412756]
 [-0.35100314  0.08472173  0.73487705 ... -0.4969948   0.0322402
   0.13396159]
 [ 0.20698857  0.55774647  0.9076166  ...  0.691294    0.37710953
  -0.7464286 ]
 ...
 [-0.32932255  0.32890856  0.14088212 ... -0.04798762  0.74237037
   0.8362899 ]
 [ 0.5452778  -0.09304175 -0.2526336  ...  0.3994568  -1.6502908
   0.26583457]
 [-0.20804514  0.94359577 -0.83326423 ... -1.5313375  -0.54650986
   0.39129913]]
layers.1.weight: [[-0.08671764  0.26990014  0.43509734 ... -0.14903827 -0.12794809
  -0.5760911 ]
 [-0.37489066 -0.23461501 -0.11962551 ... -0.20664777  0.1294303
   0.11638759]
 [-0.0840378  -0.04355583 -0.14601523 ... -0.16367769  0.241549
   0.40208626]
 ...
 [-0.20902854 -0.40069512 -0.09645834 ... -0.475737    0.6141509
   0.03225719]
 [-0.03082693  0.02407909  0.42953584 ...  0.5029158   0.63580596
   0.27199978]
 [-0.11559055  0.05791078  0.4467151  ...  0.2738094   0.50270295
  -0.49294138]]
layers.2.weight: [[-0.23934634  0.24477862 -0.3658258   0.31712064  0.24382745 -0.24478883
  -0.7021595  -0.32716024 -0.9587118   0.26678777  0.23101225 -3.0220802
  -0.7376927  -0.1535946  -0.41261223 -0.67266864 -0.35541993 -0.17672218
  -0.4951731   0.3893962   0.20282273  3.0387764  -0.26787534  0.40443322
   0.7749976   0.47285742 -0.341696    0.33938703 -0.2786787  -0.8832781
   0.52520114 -0.58395827]]

Final Loss: 3.5049
Distance Metric: 61.6859
L1 norm: 1e-05
L2 norm: 0
Batch size: 16
Clipping: 0
Learning rate: 0.01
data size: 5120
init: 1
seed: 2

================================================================================

nonoverlappingCNN_tanh -> fcnn_decreasing_sigmoid

Student Model Parameters:
layers.0.weight: [[ 0.11268829 -0.1636988  -0.04812084 ...  0.06930717  0.13567865
   0.00673539]
 [ 0.00758438  0.02118305  0.12163185 ... -0.2642869   0.13583788
  -0.17365848]
 [-0.6959713   0.7589768  -0.20020144 ...  0.02879119 -0.02465035
   0.04605843]
 ...
 [ 0.19035308 -0.14695744  0.08749159 ... -0.06998345  0.13441414
  -0.11334904]
 [-0.2748488   0.21652134 -0.18998303 ... -0.10200345 -0.04676922
  -0.06257347]
 [ 0.0392726  -0.06458064  0.08706555 ...  0.2605708  -0.2852104
  -0.06367823]]
layers.1.weight: [[ 0.01382369 -0.1135082  -0.00673926 ...  0.13502078  0.02435331
  -0.0290688 ]
 [ 0.11969628 -0.10110796 -0.13570933 ...  0.06471852  0.02812419
   0.05875651]
 [ 0.07942907 -0.04799408  0.03978793 ...  0.06146631  0.11351701
   0.10949143]
 ...
 [ 0.07518627  0.22463812  0.12114144 ...  0.17857966  0.22489125
  -0.19769444]
 [ 0.13576743 -0.01817096 -0.00967053 ...  0.14879265 -0.08104407
  -0.11342649]
 [ 0.04336031 -0.0962358   0.04956922 ...  0.07360053 -0.17935354
  -0.03255753]]
layers.2.weight: [[ 0.04139705 -0.01543258  0.76490355 -0.15762964 -2.706638   -1.3108493
  -4.303782    1.5847625   1.6075054  -3.856604    0.81760025 -2.4547563
  -1.5875912  -1.9183275  -0.51259613 -1.2637557  -1.2721546   0.8637471
   0.19515654  0.12827708 -2.7864742   1.1999694  -1.005462   -1.1374124
   1.6491357  -2.6125898   1.7438788   2.0235462   0.7535689  -1.9372303
   0.66116744 -2.6622849 ]]

Final Loss: 0.2000
Distance Metric: 44.9926
L1 norm: 1e-05
L2 norm: 0
Batch size: 16
Clipping: 0
Learning rate: 0.01
data size: 5120
init: 1
seed: 2

================================================================================

nonoverlappingCNN_tanh -> fcnn_decreasing_relu

Student Model Parameters:
layers.0.weight: [[-0.30211174 -0.39727572  0.10978378 ... -0.25275338  0.34474835
  -0.69560915]
 [-0.03294177 -0.10032759 -0.22223918 ... -0.30206925  0.37270758
  -0.22473061]
 [-0.25947103  0.30291244  0.341764   ...  0.0061933   0.01213325
  -0.03303939]
 ...
 [ 0.49177495 -0.14737885 -0.25281405 ... -0.20947184 -0.3776718
   0.48237237]
 [-0.15129618  0.01209911 -0.32027635 ... -0.07474354  0.29615033
   0.01333541]
 [ 0.10120883 -0.00523091 -0.23676673 ... -0.10857698 -0.0467483
   0.11959404]]
layers.1.weight: [[ 0.00843015 -0.38159722  0.44856802 ...  0.5636856  -0.16117835
   0.37096137]
 [ 0.505207   -0.32072285  0.46357816 ...  0.14032787 -0.20501253
  -0.27318472]
 [ 0.4116415   0.32319513  0.18083245 ...  0.4510732   0.18122458
   0.57000166]
 ...
 [ 0.11524215 -0.29996318 -0.02021692 ...  0.20356314 -0.27583405
   0.16929513]
 [ 0.5665454  -0.00806172  0.3485654  ...  0.82240885  0.3493409
   0.09417153]
 [-0.10373038  0.19612713 -0.10835218 ... -0.24075137 -0.2134946
  -0.20038965]]
layers.2.weight: [[-3.1819715  -1.0326116  -0.49197677 -0.58034414 -0.53401995 -2.31478
   0.94420815  0.43656078 -0.7141673  -0.746212   -3.1000912  -2.2231712
  -1.8127661  -0.93159515  0.9123746  -0.4540008   0.30796337  1.1802684
  -0.10991956  0.9621451  -0.4051533  -0.1320406  -0.8421719   0.37377033
   1.8174365   0.9262051  -0.65698403  0.4438238   2.0685089   0.48233667
  -2.4461443   1.9931016 ]]

Final Loss: 0.3920
Distance Metric: 47.9507
L1 norm: 1e-05
L2 norm: 0
Batch size: 16
Clipping: 0
Learning rate: 0.01
data size: 5120
init: 1
seed: 2

================================================================================

Experiment Summary:
================================================================================

Teacher Model Parameters:
layers.0.weight: [[[ 2.59 -2.83  0.87]]]
layers.1.weight: [[[-1.38  1.29]]]
layers.2.weight: [[[ 0.86 -0.84]]]

================================================================================

nonoverlappingCNN_sigmoid -> fcnn_decreasing_sigmoid

Student Model Parameters:
layers.0.weight: [[-0.1358493  -0.0185277   0.06197857 ... -0.1262984  -0.1170329
   0.0665685 ]
 [-0.06996381 -0.14722104  0.08867832 ...  0.02686683  0.00580007
  -0.02553247]
 [ 0.04369984  0.02222333 -0.1261508  ...  0.01146097 -0.07143344
   0.08352719]
 ...
 [ 0.01417363  0.0092486  -0.05085456 ...  0.02207376 -0.09256041
  -0.05525897]
 [ 0.05105442  0.12011041  0.07520682 ...  0.07823519  0.1515271
   0.00523923]
 [-0.09687009 -0.10954071  0.09457447 ...  0.03446235  0.07977951
   0.05520849]]
layers.1.weight: [[-0.05777675  0.01937884  0.04115796 ... -0.11599416 -0.14027661
   0.02795793]
 [-0.0956894   0.05070156  0.01558944 ...  0.00797805 -0.10945256
   0.06597576]
 [-0.03828206 -0.01272275 -0.12229731 ... -0.05626147 -0.10443994
  -0.08739728]
 ...
 [ 0.13889572 -0.03862071 -0.0110667  ...  0.09236623  0.13969457
  -0.08802396]
 [ 0.08068679  0.06447794  0.08205852 ...  0.04738476  0.1401213
  -0.12987843]
 [ 0.12017974  0.0379531  -0.01838261 ... -0.10099345  0.10377984
   0.09086949]]
layers.2.weight: [[-1.0694471e-01  1.5422314e-01 -5.4231964e-02 -1.1855095e-01
  -2.2660120e-01 -3.2916698e-01  3.6138650e-02  2.9511526e-01
  -2.0571759e-01 -2.7838701e-01  1.2493525e-02 -8.7955274e-02
   2.0026512e-01  4.0736023e-01  3.9242646e-01  1.1190949e-01
  -4.3957537e-01 -2.6631060e-01  2.1035427e-01 -4.3688202e-01
   1.3662118e-02 -5.1637673e-01 -1.3261767e-01 -8.2326181e-02
   4.5632440e-01 -4.4979820e-01 -2.3486626e-01  2.2339627e-01
   3.8225576e-01  1.6549730e-01  4.9573746e-01 -1.3989631e-04]]

Final Loss: 0.0088
Distance Metric: 19.7010
L1 norm: 1e-05
L2 norm: 0
Batch size: 16
Clipping: 0
Learning rate: 0.01
data size: 5120
init: 1
seed: 3

================================================================================

nonoverlappingCNN_sigmoid -> fcnn_decreasing_relu

Student Model Parameters:
layers.0.weight: [[-0.21470669  0.07461765  0.11766683 ... -0.1759359  -0.00731369
  -0.0696478 ]
 [ 0.11424001  0.16859412  0.22004905 ... -0.11112089  0.2323085
  -0.11407207]
 [-0.08631297 -0.05890194 -0.03731457 ... -0.12133224  0.01867578
   0.11817563]
 ...
 [-0.07070427  0.24791428 -0.2148453  ... -0.01663027 -0.17798297
  -0.18578601]
 [-0.00494717 -0.08558488 -0.09822449 ... -0.00152198 -0.05167985
  -0.04783527]
 [-0.14958192  0.13173102 -0.18544018 ... -0.07567286 -0.07408849
   0.14871706]]
layers.1.weight: [[-0.19394127 -0.07453471 -0.578892   ... -0.27913284 -0.04251583
  -0.06054187]
 [-0.14546755 -0.42337424 -0.2312278  ... -0.29601595 -0.01911166
  -0.20424369]
 [ 0.12860112 -0.39662504 -0.21719782 ... -0.3732791   0.04876919
   0.10984515]
 ...
 [-0.07975638  0.13214652  0.06993158 ... -0.29411247  0.23141062
  -0.03689332]
 [-0.39998424 -0.18193892  0.5190964  ...  0.1465108  -0.05080506
   0.28832477]
 [-0.2628547   0.02561846 -0.34998605 ...  0.12441265 -0.09837788
  -0.02233488]]
layers.2.weight: [[-0.12587051 -0.28980434  1.6670673   3.199066   -0.21355642 -1.286433
  -0.16999309  0.2920819   0.9983569  -1.8729182  -1.3662603  -2.9986167
  -1.9381961  -0.05043691  0.6575835  -0.30789042 -0.335763    0.02142604
   0.9461921  -0.70790017 -0.4294611   0.35007837 -0.6973139  -1.3242186
   0.56881785  0.30951878 -0.43863258  2.1688008  -2.067855   -1.0132408
  -1.8082635   0.16786663]]

Final Loss: 0.2749
Distance Metric: 40.3548
L1 norm: 1e-05
L2 norm: 0
Batch size: 16
Clipping: 0
Learning rate: 0.01
data size: 5120
init: 1
seed: 3

================================================================================

nonoverlappingCNN_sigmoid -> fcnn_decreasing_tanh

Student Model Parameters:
layers.0.weight: [[ 4.13133055e-01 -1.99668437e-01  3.54770988e-01 ...  3.40338886e-01
  -3.27200221e-04  5.07622957e-01]
 [-6.20076776e-01 -4.82595414e-01 -1.83343813e-01 ...  1.25423402e-01
  -5.64414635e-02 -1.51481077e-01]
 [ 2.77512699e-01 -1.10940754e-01  1.26430377e-01 ...  2.72727340e-01
  -2.89134175e-01  4.62237895e-01]
 ...
 [ 4.67510939e-01  8.02229345e-01 -2.69458562e-01 ... -1.32643208e-01
  -3.18453200e-02  1.00085390e+00]
 [-1.04426169e+00 -6.87997878e-01  3.51559609e-01 ...  4.62042332e-01
  -3.19643825e-01  3.76766503e-01]
 [ 3.16258669e-01 -1.00024015e-01 -3.51359069e-01 ... -8.53293657e-01
   1.95037261e-01  2.27709144e-01]]
layers.1.weight: [[-3.5283472e-02 -1.8678622e-01  6.2010467e-02 ... -4.0166035e-01
  -1.2078465e+00  8.1659175e-02]
 [-1.0356179e-01 -3.5023600e-01 -1.3300731e-02 ... -2.2727054e-01
   2.1368499e-01  1.0283939e-01]
 [-2.7004349e-01 -5.5202725e-04 -1.1897264e-01 ... -5.2704543e-01
   6.0318336e-03  4.6858290e-01]
 ...
 [ 5.5484574e-02  5.2147336e-02 -8.5606813e-02 ... -1.5809318e-02
  -1.5537316e-03 -5.6186419e-02]
 [-2.4513221e-01 -1.1424917e-01  5.5674322e-02 ...  2.0056592e-01
  -1.7618626e-01  2.7712896e-01]
 [-2.7327546e-01  4.9811654e-02 -3.9500087e-02 ... -5.3417772e-02
  -2.2252770e-01 -1.8183872e-02]]
layers.2.weight: [[-0.5671013  -0.34179443  0.44609725  0.27268955  0.20006442  0.44814944
  -0.48178852  0.1453348  -0.204673   -0.51361364 -0.199947   -0.38341266
   0.2755241   0.3470053   0.21804069 -0.5254981  -0.33060873  0.45354927
  -0.40119737 -0.25586787  0.25119427 -0.28028423 -0.4405275  -0.2276611
  -0.2974978   0.3070662  -0.52324414 -0.1245911   0.2990981  -0.18390933
  -0.29759806 -0.30349734]]

Final Loss: 0.0290
Distance Metric: 57.2055
L1 norm: 1e-05
L2 norm: 0
Batch size: 16
Clipping: 0
Learning rate: 0.01
data size: 5120
init: 1
seed: 3

================================================================================

nonoverlappingCNN_relu -> fcnn_decreasing_sigmoid

Student Model Parameters:
layers.0.weight: [[-0.11953835 -0.04341317  0.00162654 ...  0.0131582  -0.05892425
   0.09268562]
 [ 0.12709074 -0.16568622  0.00592124 ... -0.02023238 -0.05912191
   0.01694223]
 [ 0.06590833  0.00343885 -0.05171432 ... -0.13903496  0.11049671
   0.01634729]
 ...
 [ 0.1987552  -0.09237049 -0.03898555 ... -0.14482085  0.06582613
  -0.02511677]
 [-0.00301002 -0.1963156   0.13566104 ...  0.16377392  0.05649023
   0.01555976]
 [ 0.07808971  0.03814916  0.12939413 ...  0.00667569 -0.00439343
  -0.14200534]]
layers.1.weight: [[-0.00351845  0.11715315 -0.11990395 ... -0.13660023  0.07121986
   0.13500972]
 [-0.10295431 -0.11269233 -0.01584206 ...  0.01366824  0.11352585
  -0.12544383]
 [ 0.10675792 -0.07188647  0.03616536 ...  0.14756578 -0.10774152
   0.15571204]
 ...
 [ 0.00316785  0.07024147 -0.05674817 ... -0.01725568  0.08563887
   0.1239344 ]
 [-0.04347667 -0.07926943 -0.01759161 ...  0.06872012  0.12227936
   0.03113226]
 [-0.00096996 -0.14806497 -0.18655044 ...  0.05270693  0.03526249
  -0.01733316]]
layers.2.weight: [[-0.44130582  4.173541    1.6736045  -1.4056417   0.4340657  -0.72040856
   0.9117674  -0.5668319  -2.103406   -3.9318025   0.06984701  3.7329688
   1.1715422  -1.0324929   1.0371963  -3.4859488   3.2673361   1.4177501
   1.4632199   5.012702   -3.6903443  -2.6754112   2.6253138   1.924647
   1.1418933   3.109451    4.2040434  -3.6420174  -0.51649404 -1.0560248
   0.24247529 -2.3765981 ]]

Final Loss: 3.4754
Distance Metric: 52.8686
L1 norm: 1e-05
L2 norm: 0
Batch size: 16
Clipping: 0
Learning rate: 0.01
data size: 5120
init: 1
seed: 3

================================================================================

nonoverlappingCNN_relu -> fcnn_decreasing_relu

Student Model Parameters:
layers.0.weight: [[-0.10823777  0.10365392  0.2143808  ...  0.06125432  0.10321128
   0.04898253]
 [ 0.26765788 -0.24717034  0.26254186 ...  0.00206092 -0.03396329
   0.03813037]
 [-0.0036094  -0.5856937  -0.5096429  ...  0.83931136 -0.11119936
   0.3882427 ]
 ...
 [ 0.9034086   0.07971054  0.6218637  ...  0.4105538  -0.40210918
  -0.49046147]
 [ 0.15336426  0.08582787  0.12693292 ... -0.22631477  0.21996611
   0.35883486]
 [ 0.12607716 -0.04603031 -0.09011316 ... -0.1072453   0.14351341
  -0.0228207 ]]
layers.1.weight: [[-0.14487581 -0.10192038 -0.19833736 ... -0.25951278 -0.0990018
  -0.33486548]
 [ 0.24277884 -0.01317768  0.3105427  ...  0.26285264 -0.06129751
  -0.00282074]
 [ 0.46896568  0.17038009  0.29336655 ... -0.07243685  0.06430984
  -0.44414228]
 ...
 [ 0.0748136   0.06566834  0.28011155 ... -0.11009517 -0.02848234
   0.24907213]
 [-0.11174967  0.33763173  0.02492358 ... -0.46419826  0.2580797
   0.35522494]
 [ 0.1465732  -0.04377696 -0.21946399 ...  0.24154943 -0.2672757
  -0.43713316]]
layers.2.weight: [[-0.8659976  -0.04135611 -1.1730229  -0.14202634 -0.3859207   0.20821603
  -1.0244979  -1.3784474   2.194437   -1.640839   -0.29974    -1.0851645
   0.95259076 -0.9512575  -1.2838818   0.44577017 -0.5165372  -0.3034854
   1.1236818  -0.6041191  -2.697335    0.8991773   0.48919168  0.85396916
  -0.91580266 -0.43861443 -0.55727905  0.517304   -1.7962507  -0.23100157
  -1.6868346   1.2794188 ]]

Final Loss: 5.1487
Distance Metric: 53.0171
L1 norm: 1e-05
L2 norm: 0
Batch size: 16
Clipping: 0
Learning rate: 0.01
data size: 5120
init: 1
seed: 3

================================================================================

nonoverlappingCNN_relu -> fcnn_decreasing_tanh

Student Model Parameters:
layers.0.weight: [[-0.50458306  1.1891547   1.3945731  ...  0.20058414 -0.3002443
   0.12812905]
 [ 0.3044702  -0.32391435  1.2285978  ... -0.64115727  0.15893295
   0.06563757]
 [-0.42543232 -0.4802154  -0.47641632 ... -1.1589881   0.669548
  -0.7649795 ]
 ...
 [ 0.8660327   1.0606072  -0.06105858 ... -0.03076696 -0.69614846
   0.32454848]
 [ 0.2640341  -0.00685584  0.04536938 ...  1.0777053  -0.22583306
   1.4454437 ]
 [-0.44168693  2.5206776   0.4151707  ... -1.0782231   1.2766906
  -0.4240009 ]]
layers.1.weight: [[ 0.28113502 -0.7953001   0.40061566 ... -0.27128512 -0.01899163
   0.49051648]
 [-0.12097549  0.28230035 -0.85323185 ... -0.21947245  0.6361213
  -0.5182217 ]
 [-0.01678415 -0.3368029   0.64095527 ... -0.6152529  -0.09649662
   0.57316524]
 ...
 [-0.6904816  -0.33240473  0.2996945  ... -0.43497768  0.10353772
   0.89925045]
 [-0.6778604  -0.7411184   0.5630704  ... -0.10294374 -0.6694973
   0.40608394]
 [-0.8307097  -0.20168437  0.759973   ... -0.35543588 -0.6760521
  -0.2092412 ]]
layers.2.weight: [[ 0.6486401  -0.44926322 -0.5283372  -0.5292468  -0.47151542  0.697617
   0.5803941   0.2943012  -0.5948966  -0.34568495 -0.6402738  -0.61474603
  -0.20470062 -0.5477929   0.6586355  -0.57663083 -0.42054406  0.55938375
  -0.40968934 -0.5255657  -0.49712202  0.5006756   0.5279914  -0.6191589
   0.6012443  -0.20802878  0.43134606 -0.4367317  -0.61140525 -0.9374625
   0.6862574   0.47451204]]

Final Loss: 3.5351
Distance Metric: 86.9608
L1 norm: 1e-05
L2 norm: 0
Batch size: 16
Clipping: 0
Learning rate: 0.01
data size: 5120
init: 1
seed: 3

================================================================================

nonoverlappingCNN_tanh -> fcnn_decreasing_sigmoid

Student Model Parameters:
layers.0.weight: [[-0.22933048  0.01059199 -0.11289217 ...  0.          0.12820715
  -0.13204153]
 [ 0.16250302 -0.19091024 -0.05736949 ...  0.38707379 -0.234852
  -0.00763765]
 [-0.06043468  0.06621265 -0.05867493 ... -0.04147135  0.0045652
   0.02020705]
 ...
 [ 0.04262057 -0.11672079 -0.14378749 ... -0.00160198  0.00121194
   0.02668547]
 [ 0.37226602 -0.38938636  0.21366431 ... -0.13440381  0.11035927
  -0.09082159]
 [ 0.11308002 -0.08879691  0.13100272 ...  0.17644776 -0.04489579
  -0.02463078]]
layers.1.weight: [[ 0.18937533 -0.32175937 -0.253682   ... -0.7161557  -0.12300574
   0.41997558]
 [-0.09753668  0.14191651 -0.10989691 ...  0.12356736 -0.10076409
  -0.1365656 ]
 [-0.10790827  0.08763079  0.15924875 ...  0.01633542  0.04466842
   0.11765721]
 ...
 [-0.05090981  0.02262314  0.28703547 ... -0.13329428 -0.05538062
  -0.10234488]
 [-0.12756011 -0.0936439   0.66213375 ... -0.06501486 -0.0661824
  -0.00344429]
 [-0.01328522 -0.09457008 -0.04303781 ... -0.16233927 -0.01229532
   0.13186434]]
layers.2.weight: [[-3.5523717  -0.6872418   0.42196518 -0.40694726  0.17899658 -3.7764165
   0.3580978  -1.3337474  -0.8189291  -3.8272607  -2.3712263   0.1182273
   3.3013947   0.60677993 -2.2209108   0.26776004 -0.9617356   1.3753949
  -0.9886022  -0.09366388  0.44525245  0.60454994  0.2510383  -0.06115805
  -0.0202999  -0.9035743  -1.6529233   0.91736716  0.10409854  0.80625135
  -2.9090574   0.35874245]]

Final Loss: 0.1990
Distance Metric: 42.4318
L1 norm: 1e-05
L2 norm: 0
Batch size: 16
Clipping: 0
Learning rate: 0.01
data size: 5120
init: 1
seed: 3

================================================================================

nonoverlappingCNN_tanh -> fcnn_decreasing_relu

Student Model Parameters:
layers.0.weight: [[ 0.06092301  0.06542789  0.10758361 ... -0.13076963 -0.23846065
   0.04725568]
 [-0.08810513  0.21406297 -0.09551053 ... -0.10547543  0.21502843
   0.15237789]
 [ 0.04304377  0.05459208  0.04928927 ...  0.00456644 -0.04431786
  -0.14601724]
 ...
 [-0.02205475  0.0910698  -0.15771975 ...  0.11151818 -0.06436867
   0.14704612]
 [-0.06964296 -0.02717107 -0.09794518 ... -0.10363124 -0.02140469
  -0.19674301]
 [-0.06659932  0.12224372  0.07098344 ...  0.05561661  0.03267758
   0.01655347]]
layers.1.weight: [[-0.30723584  0.00426611 -0.00289098 ...  0.0488933   0.41103932
   0.3359586 ]
 [ 0.16620596  0.37210137 -0.10309208 ...  0.08982288 -0.0511406
  -0.3227455 ]
 [ 0.17781405 -0.05738922 -0.20090821 ... -0.02760483  0.1613629
  -0.00799649]
 ...
 [-0.05403606  0.3031762  -0.45209485 ... -0.09581289  0.396013
  -0.02347068]
 [ 0.03634795 -0.08793783 -0.40973595 ... -0.2260993   0.11561248
   0.01121658]
 [-0.14044835 -0.18661633 -0.45794672 ... -0.28333473 -0.23768046
  -0.19279702]]
layers.2.weight: [[-0.7389394  -1.087439    0.53964645 -0.21025954  1.5000166  -0.49474433
   0.458995   -1.8848956  -2.3567786  -0.53355485  0.4450612   1.905712
   0.34809655  1.4871595   1.2200365  -1.5713601  -0.14579426  0.97629136
  -0.94589686 -1.5481708  -0.2786289  -0.20731077 -1.3619868  -1.0304211
  -2.4129317   0.6142063  -3.5768712   1.5005621   1.9581481  -0.33944646
  -2.1633635  -2.5752554 ]]

Final Loss: 0.3865
Distance Metric: 41.2500
L1 norm: 1e-05
L2 norm: 0
Batch size: 16
Clipping: 0
Learning rate: 0.01
data size: 5120
init: 1
seed: 3

================================================================================

nonoverlappingCNN_tanh -> fcnn_decreasing_tanh

Student Model Parameters:
layers.0.weight: [[ 0.2628224  -0.14191964  0.19263479 ...  0.12759452 -0.09094658
  -0.04664992]
 [ 0.03104787 -0.08158705  0.1353292  ... -0.05741807  0.04580236
  -0.02615198]
 [-0.00783891 -0.04263879  0.07578855 ...  0.14536417 -0.07061024
  -0.00428475]
 ...
 [ 0.02902521 -0.21855105  0.1440476  ... -0.08517501  0.03362044
  -0.04046038]
 [ 0.07440136  0.0713935   0.05501674 ... -0.05586366 -0.0123907
  -0.08641324]
 [-0.02975463 -0.01402939 -0.08270225 ...  0.11606921  0.08805488
   0.05135356]]
layers.1.weight: [[ 0.22553948  0.15528676  0.10400701 ...  0.00346852  0.05593126
   0.00607798]
 [-0.15774165  0.04199859  0.0569368  ... -0.03622172  0.23170066
   0.18133436]
 [-0.02156341  0.06812979 -0.07329412 ... -0.00452139 -0.12991916
  -0.16410445]
 ...
 [-0.22310674 -0.24579549 -0.16992487 ...  0.2254386   0.03640195
  -0.13505356]
 [-0.23775509 -0.17815189  0.07064699 ... -0.21361595 -0.13685182
   0.09722952]
 [-0.00925589 -0.10785309  0.15754624 ... -0.06574978  0.19733398
   0.11527631]]
layers.2.weight: [[ 0.0000000e+00  2.0475059e-03  5.4590567e-03  4.6530757e-03
  -1.6626636e-03  5.3220904e-01 -2.3828249e-04  2.0116752e-03
  -1.2993012e-03 -2.1542892e-02  3.4021849e-03 -1.3445294e-01
  -1.7334324e-03 -3.9998912e-03 -7.2735804e-04 -8.9367824e-03
  -1.5206568e-01 -7.3391974e-02  1.0985617e-02 -3.1951685e-03
   4.6799400e-01  7.3894769e-02 -2.5351827e-03 -2.5072825e-01
   4.5332670e-01 -1.4455369e-01 -2.1254997e-01 -2.0708537e-03
  -1.3994587e-03  2.0528242e-02 -2.2755421e-03 -2.1540566e-01]]

Final Loss: 0.0135
Distance Metric: 24.9019
L1 norm: 1e-05
L2 norm: 0
Batch size: 16
Clipping: 0
Learning rate: 0.01
data size: 5120
init: 1
seed: 3

================================================================================

Experiment Summary:
================================================================================

Teacher Model Parameters:
layers.0.weight: [[[ 2.59 -2.83  0.87]]]
layers.1.weight: [[[-1.38  1.29]]]
layers.2.weight: [[[ 0.86 -0.84]]]

================================================================================

nonoverlappingCNN_sigmoid -> fcnn_decreasing_sigmoid

Student Model Parameters:
layers.0.weight: [[-0.02763639  0.07778866 -0.09218336 ... -0.10414997  0.12426519
   0.13570103]
 [-0.11526846 -0.08414794  0.10084257 ...  0.089012    0.14466906
  -0.04483783]
 [ 0.09462073 -0.05417788  0.02614724 ...  0.08611583  0.05712305
  -0.1327564 ]
 ...
 [-0.01527225  0.10796021  0.13062614 ... -0.16053379  0.16496228
  -0.02244172]
 [ 0.03317066  0.11997453  0.14807199 ... -0.10929805  0.04542044
   0.15208244]
 [-0.00978203  0.10337451  0.01315459 ...  0.03711814 -0.0533977
  -0.0671315 ]]
layers.1.weight: [[-0.0965933  -0.04590506  0.11691315 ...  0.1285033  -0.03674249
   0.06509946]
 [-0.02967835 -0.0095356  -0.14560935 ...  0.02312674 -0.08300466
   0.08707908]
 [-0.06218267  0.09668148  0.1081083  ... -0.14019947 -0.1434462
  -0.0408699 ]
 ...
 [ 0.04585568 -0.02851374  0.11246305 ...  0.06351396 -0.00965924
  -0.06921899]
 [ 0.0770257  -0.02247743 -0.13527931 ... -0.13587672 -0.14040753
   0.03484511]
 [ 0.04564588  0.01895922  0.12777399 ... -0.11260519  0.06378894
   0.13728161]]
layers.2.weight: [[ 0.41680515 -0.30777463 -0.08250196  0.26494026  0.17398636 -0.29843545
  -0.14185286  0.32640722 -0.21700889 -0.41228452 -0.17977941  0.3392511
  -0.25124675 -0.0385484   0.11407965  0.16343676 -0.44201595 -0.1440126
  -0.4031112   0.15279233  0.35908377 -0.134401    0.4805643   0.4641874
   0.10515023  0.2820098  -0.32080016  0.52805936 -0.4375481  -0.18846706
  -0.0126161   0.3362316 ]]

Final Loss: 0.0087
Distance Metric: 19.7095
L1 norm: 1e-05
L2 norm: 0
Batch size: 16
Clipping: 0
Learning rate: 0.01
data size: 5120
init: 1
seed: 4

================================================================================

nonoverlappingCNN_sigmoid -> fcnn_decreasing_relu

Student Model Parameters:
layers.0.weight: [[-0.05262861  0.12253445 -0.13963059 ... -0.05721365  0.29920948
  -0.14835295]
 [ 0.3850448  -0.24466519  0.11692106 ...  0.09085595 -0.02216972
   0.33752713]
 [-0.03717276 -0.14048523 -0.3317668  ...  0.17996696  0.07611167
  -0.19181441]
 ...
 [-0.04073752  0.02151063 -0.06970905 ... -0.07915976 -0.05848693
  -0.02799457]
 [-0.19901374 -0.12274899 -0.10554548 ... -0.01107786  0.4104553
  -0.19260736]
 [-0.01921107 -0.10455673  0.29145116 ... -0.23315586  0.01832272
  -0.02961312]]
layers.1.weight: [[-0.24073683 -0.06772258 -0.21444745 ...  0.2022435  -0.10647628
  -0.31183207]
 [-0.23749475  0.36726096 -0.06959593 ...  0.08704156  0.306046
   0.0177654 ]
 [-0.20206432 -0.00794076  0.71942896 ...  0.06150546 -0.09902189
  -0.21594526]
 ...
 [-0.00462135 -0.29505795  0.1192557  ... -0.31397092 -0.42394495
   0.10490377]
 [ 0.11696541 -0.094262    0.0138276  ...  0.15973668  0.15721631
   0.21794255]
 [ 0.04443163 -0.02531797 -0.16967605 ...  0.13919081 -0.02229591
   0.2631113 ]]
layers.2.weight: [[ 1.7520827  -2.091407   -0.1762637   2.5162306  -0.13521114  1.2454656
  -1.6191169  -0.15663739  0.20603499 -1.0285655   0.6135559  -0.3274741
  -0.31023732 -0.5172718  -1.1659863   1.6771163  -1.0266261  -0.5900634
   1.0987804  -0.55804443  0.6112853  -1.9005678  -0.43034863  0.02912308
  -1.144521   -1.3259029   2.0189085   1.9583403  -1.8950199   0.94139
  -1.2295351  -0.56923807]]

Final Loss: 0.2791
Distance Metric: 48.4237
L1 norm: 1e-05
L2 norm: 0
Batch size: 16
Clipping: 0
Learning rate: 0.01
data size: 5120
init: 1
seed: 4

================================================================================

nonoverlappingCNN_sigmoid -> fcnn_decreasing_tanh

Student Model Parameters:
layers.0.weight: [[-0.0673158  -0.26222074  0.1726552  ...  0.0914819  -0.19125877
   0.19878505]
 [-0.91462433  1.1093041  -0.13643618 ... -0.27959642  0.46201897
   0.07708203]
 [-0.4159367   0.6557343  -0.52286685 ... -0.07871676 -0.10725452
   0.16595258]
 ...
 [-0.03011375 -0.05714476  0.77467453 ...  0.44252616  0.03643423
   0.47251785]
 [-0.28097856  0.12357607 -0.38405007 ...  0.3007137  -0.22762698
   0.7000664 ]
 [ 0.10103404  0.2267405  -1.071721   ... -0.02541181  0.54528475
  -0.5607588 ]]
layers.1.weight: [[ 0.00824713 -0.13358694 -0.20070031 ... -0.11945394 -0.13629262
  -0.13680287]
 [-0.18620029 -0.33353594 -0.00819758 ... -0.0617428  -0.04409391
  -0.04405095]
 [-0.19078532  0.21285601 -0.24728246 ...  0.18536192  0.1172377
   0.01272542]
 ...
 [-0.07810424 -0.24140027  0.0962168  ...  0.1741848   0.01051052
   0.13280486]
 [-0.25806472 -0.571472    0.22785744 ...  0.11157059  0.06811943
  -0.03223975]
 [ 0.18694277 -0.05382733 -0.11053596 ... -0.01346469 -0.07559682
  -0.15668817]]
layers.2.weight: [[-0.20249568  0.33391646 -0.29909348 -0.36998504  0.36153185  0.2877002
   0.49705347 -0.16728377  0.5002806  -0.206196    0.46565175 -0.37277567
   0.55636793 -0.53001887 -0.48850462  0.34460562  0.4971859  -0.11796689
  -0.2852269  -0.48089623  0.18718638  0.19712752  0.2303728   0.16790847
   0.45246017  0.28891808 -0.34231344  0.04994816  0.28508663  0.31389976
   0.34271494 -0.16310151]]

Final Loss: 0.0290
Distance Metric: 56.6231
L1 norm: 1e-05
L2 norm: 0
Batch size: 16
Clipping: 0
Learning rate: 0.01
data size: 5120
init: 1
seed: 4

================================================================================

nonoverlappingCNN_relu -> fcnn_decreasing_sigmoid

Student Model Parameters:
layers.0.weight: [[-0.09840545  0.30924246 -0.05526048 ... -0.10176902  0.03419034
  -0.0358988 ]
 [-0.0600795   0.00929277  0.06415966 ...  0.04182025 -0.16567475
   0.162321  ]
 [ 0.01941921  0.026485    0.06171764 ... -0.11891625  0.14655982
  -0.02277802]
 ...
 [ 0.00837925 -0.07479027 -0.177999   ... -0.08241843 -0.09892066
  -0.0594694 ]
 [-0.01546188  0.23289394 -0.04323031 ... -0.08999833 -0.08271277
   0.01458477]
 [ 0.06860267  0.00834862 -0.07580158 ...  0.01952258 -0.37914398
   0.15603577]]
layers.1.weight: [[ 0.27004635  0.09172477  0.00387601 ...  0.05479675  0.1057865
  -0.01954262]
 [ 0.10026683 -0.05713428 -0.05744389 ... -0.09683593 -0.0298402
  -0.06896032]
 [-0.03771415  0.09169953  0.1317311  ... -0.14928252 -0.03662082
  -0.03251473]
 ...
 [-0.16363275 -0.13974668  0.0390158  ...  0.02053567 -0.12091272
   0.00111206]
 [-0.08685692 -0.1777231   0.03998615 ... -0.0755498  -0.04100805
  -0.1500048 ]
 [ 0.16115232 -0.01073873  0.10562617 ...  0.11386798  0.07942004
  -0.15794383]]
layers.2.weight: [[ 2.87137    -0.7601446  -0.9157703   0.64691293 -3.0277936  -2.850547
   0.5853459  -2.0823736   1.3162427  -0.09183499 -2.3534482   0.6457683
   2.0317323  -2.6295748   1.3459185   3.7033155   3.7237768  -0.66327924
   3.4305904   0.7888605   4.352677   -1.9839334  -2.3511617   0.8358767
  -4.708614   -4.515627   -2.919661    3.0329473  -0.7990366   2.7058284
   2.8822036   0.9453395 ]]

Final Loss: 3.4801
Distance Metric: 52.4596
L1 norm: 1e-05
L2 norm: 0
Batch size: 16
Clipping: 0
Learning rate: 0.01
data size: 5120
init: 1
seed: 4

================================================================================

nonoverlappingCNN_relu -> fcnn_decreasing_relu

Student Model Parameters:
layers.0.weight: [[ 8.30327868e-01  2.89585382e-01  7.80225933e-01 ... -7.73920178e-01
   6.26357198e-02  8.30980539e-01]
 [-5.95367312e-01  4.61425841e-01  5.71350276e-01 ... -6.75176212e-04
  -1.54211670e-02  8.43906123e-03]
 [ 2.26598829e-01 -4.46444936e-02 -2.09678382e-01 ...  3.91731821e-02
  -1.13427758e-01  4.53305066e-01]
 ...
 [-4.84558195e-01 -5.97492933e-01 -9.96020019e-01 ...  6.77762866e-01
  -4.31806803e-01 -6.13959312e-01]
 [ 9.90107432e-02 -3.10626402e-02 -1.02432266e-01 ...  1.65766515e-02
  -3.75978015e-02 -5.13517149e-02]
 [ 3.45384002e-01 -3.61672491e-01  1.43452093e-01 ...  4.22165208e-02
   1.38117686e-01 -1.42712265e-01]]
layers.1.weight: [[ 0.23547414  0.23788224  0.22731264 ... -0.27285895  0.03215147
  -0.56395054]
 [-0.03429488 -0.46675164 -0.28353205 ... -0.00579544  0.13827914
  -0.3656849 ]
 [ 0.08014026  0.04594501 -0.08636655 ...  0.11919124 -0.01509077
   0.26046658]
 ...
 [-0.15427521 -0.48891175 -0.03993492 ... -0.02703917  0.01068864
  -0.13463986]
 [ 0.07555974 -0.30331838  0.12137444 ...  0.3422817   0.11424274
  -0.08444889]
 [-0.12822247  0.43467978 -0.07405481 ... -0.15799     0.17090306
   0.27150035]]
layers.2.weight: [[-2.4805796   1.3368591   0.46127343  1.1803007  -0.96742827 -0.60377514
  -2.6512885  -1.3320929  -0.46393996 -0.8256324  -1.8325126  -0.5768197
  -0.862294    0.6488046   1.561962   -0.48850626 -0.5855545  -0.8078682
   1.1964297  -1.2911946  -0.393574   -1.0687202   0.33798724 -1.0092547
  -1.089293   -0.08524366 -1.2791257  -1.1972026  -0.04187222  0.54076666
  -0.3774577  -1.7673969 ]]

Final Loss: 5.1929
Distance Metric: 48.7020
L1 norm: 1e-05
L2 norm: 0
Batch size: 16
Clipping: 0
Learning rate: 0.01
data size: 5120
init: 1
seed: 4

================================================================================

nonoverlappingCNN_relu -> fcnn_decreasing_tanh

Student Model Parameters:
layers.0.weight: [[ 0.92573935  1.1331679  -0.15641339 ... -1.082008   -0.21979283
  -0.59976166]
 [ 0.7905797  -0.9998531  -0.29651064 ... -1.4575446   0.51577795
   0.24625465]
 [ 1.8116523   0.4317017  -0.389008   ...  0.13929904 -0.4024223
  -0.733329  ]
 ...
 [-1.0598505  -0.6650975  -1.075549   ... -0.43079868 -0.08592232
  -0.66278094]
 [ 0.5169835  -0.7333278   0.11590919 ... -0.6539657  -0.5542709
  -0.40051398]
 [ 0.17166074 -0.06369307  2.1251605  ... -0.04603799  0.6985329
  -0.28694612]]
layers.1.weight: [[ 0.14294045  0.08182291 -0.63928545 ... -0.2063626   0.19448857
  -0.40223733]
 [-0.59760594  0.95969653 -0.7444248  ...  0.57550573 -0.11382509
   1.1865572 ]
 [ 0.26789796  0.23481372 -0.0801323  ... -0.02093102 -0.10726018
   0.34267387]
 ...
 [ 0.21826617  0.19183916  0.0106208  ...  0.5251943  -0.59374386
  -0.32537392]
 [-0.4340675  -0.8746277   0.35154167 ... -0.68869716  0.32478517
  -0.38563034]
 [ 0.5867293   0.46480152 -0.26553038 ... -0.1048256   0.42219833
   0.58183175]]
layers.2.weight: [[-0.3606119   0.6739099   0.39909855 -0.47649595 -0.48938072  0.4489162
   0.7346755  -0.5173649   0.66333973  0.6951635  -0.5561412  -0.41982603
   0.40050447  0.68367517 -0.48992196  0.39653215 -0.49172682  0.3750798
  -0.3828629  -0.5519208   0.5917348  -0.39999768  0.5783812   0.47203937
  -0.42925128 -0.46118423 -0.42632273 -0.8868037   0.40983164 -0.40692934
   0.7737101  -0.82440734]]

Final Loss: 3.5345
Distance Metric: 86.3504
L1 norm: 1e-05
L2 norm: 0
Batch size: 16
Clipping: 0
Learning rate: 0.01
data size: 5120
init: 1
seed: 4

================================================================================

nonoverlappingCNN_tanh -> fcnn_decreasing_sigmoid

Student Model Parameters:
layers.0.weight: [[ 0.20313312 -0.28989953  0.13414079 ...  0.23504972 -0.277958
  -0.04855977]
 [-0.2988946   0.17911443 -0.18145502 ...  0.07613456 -0.07392378
  -0.02479212]
 [-0.11524778  0.00272389 -0.05126136 ...  0.29532188 -0.42569214
   0.17448309]
 ...
 [-0.04009273 -0.16657096 -0.04128945 ...  0.11421403  0.12484564
  -0.12172209]
 [-0.0123437  -0.11509224 -0.08058751 ... -0.09656394 -0.04721775
   0.00598289]
 [ 0.00295798  0.02198568 -0.01645381 ... -0.18375698 -0.09617112
   0.12959531]]
layers.1.weight: [[ 0.05926895  0.02727334  0.03242794 ...  0.00701361  0.12785332
   0.08619679]
 [-0.1592953   0.1367105   0.04997986 ...  0.07072059 -0.04170997
   0.14668843]
 [ 0.03180456 -0.05647496 -0.04860402 ... -0.05171503 -0.0019005
  -0.00622935]
 ...
 [-0.18811312 -0.10397016  0.05126618 ...  0.03224869  0.09476067
  -0.13446817]
 [ 0.04098722  0.06345808 -0.06050921 ... -0.02723472  0.07105137
   0.12414035]
 [-0.15371607 -0.08885783 -0.06529815 ...  0.06899321 -0.02047442
   0.1873129 ]]
layers.2.weight: [[ 1.3252231  -0.78396815  0.30163512 -0.5489844  -2.9901626  -2.5207088
  -0.1206639   2.2532022  -1.199525   -0.3148921  -2.4387686  -0.50350314
  -0.5679439   1.3595742  -1.8889332  -3.440841   -2.3270686   0.66661096
  -1.61318    -1.8210177   0.27515456 -0.47687227 -1.0995793  -2.2655632
  -1.0718263  -0.88969946  1.5113326  -5.8717685   0.79095083 -1.0350173
  -0.12146573  2.1857347 ]]

Final Loss: 0.1999
Distance Metric: 49.6892
L1 norm: 1e-05
L2 norm: 0
Batch size: 16
Clipping: 0
Learning rate: 0.01
data size: 5120
init: 1
seed: 4

================================================================================

nonoverlappingCNN_tanh -> fcnn_decreasing_relu

Student Model Parameters:
layers.0.weight: [[ 0.19050588 -0.07871086  0.04341805 ... -0.0332251   0.17000028
   0.33225203]
 [ 0.22528116  0.04409336  0.11967785 ...  0.12163172  0.19677353
  -0.0661106 ]
 [-0.06068956 -0.11784531  0.02422982 ... -0.24176392  0.06383225
  -0.07788822]
 ...
 [ 0.12243631 -0.14474885  0.00127345 ... -0.1200554   0.02884549
  -0.0704999 ]
 [-0.05663981  0.11104389  0.12781405 ...  0.04002025  0.25924495
   0.07343838]
 [-0.01185482 -0.05463909 -0.02362327 ...  0.07263388  0.08012032
  -0.08341241]]
layers.1.weight: [[ 0.19807787 -0.3447042   0.13849701 ... -0.18338257 -0.27772725
  -0.39154553]
 [ 0.26388565  0.41134664  0.08148579 ...  0.00727112  0.20206486
   0.21451981]
 [ 0.16095486  0.07777353 -0.2849674  ... -0.52258277 -0.04699467
  -0.19366379]
 ...
 [-0.10846807  0.1450468   0.08059017 ... -0.13301149 -0.17791873
  -0.18741207]
 [ 0.00444714  0.16082042 -0.22643955 ... -0.20425305  0.0790337
  -0.10426003]
 [-0.0263785  -0.5156965  -0.17824936 ...  0.09223147  0.1307777
  -0.27395257]]
layers.2.weight: [[-1.3847694   0.04005612 -3.1615357   2.5560942  -0.71183085 -1.5993747
  -1.1665485  -1.0017304  -2.8554685   0.39982826 -2.1628473  -0.88823587
  -1.1186371   1.1102806  -0.01243227 -1.0764956  -0.7439859   1.7650763
  -0.3300898  -0.46021628  0.8017139  -0.5774931   0.40356022 -2.7096715
   0.73545134  2.4549937  -0.22260015  0.64060664  0.22410296 -1.4309531
   0.36782256 -0.68970263]]

Final Loss: 0.3900
Distance Metric: 39.8769
L1 norm: 1e-05
L2 norm: 0
Batch size: 16
Clipping: 0
Learning rate: 0.01
data size: 5120
init: 1
seed: 4

================================================================================

Experiment Summary:
================================================================================

Teacher Model Parameters:
layers.0.weight: [[[ 2.59 -2.83  0.87]]]
layers.1.weight: [[[-1.38  1.29]]]
layers.2.weight: [[[ 0.86 -0.84]]]

================================================================================

nonoverlappingCNN_sigmoid -> fcnn_decreasing_sigmoid

Student Model Parameters:
layers.0.weight: [[ 0.00555946 -0.14625446 -0.01393807 ... -0.01105491  0.03247637
  -0.13187762]
 [-0.06445066  0.0591412  -0.01631119 ...  0.08059353  0.03561748
  -0.04848266]
 [-0.0075185  -0.0423205  -0.12920423 ...  0.08385111  0.13545565
   0.12953551]
 ...
 [ 0.14075574 -0.02728766 -0.05332928 ... -0.0878805  -0.0718284
  -0.14696409]
 [-0.05384096 -0.15383966 -0.0364752  ...  0.09849361 -0.14850202
  -0.0317665 ]
 [ 0.09284433  0.11164821 -0.01283127 ... -0.0351644   0.04754428
  -0.08315728]]
layers.1.weight: [[ 0.13214271  0.04745172  0.00396532 ...  0.11557099  0.1283086
   0.01257783]
 [ 0.05236749 -0.03499128 -0.03054888 ... -0.00090255  0.05674749
  -0.10256308]
 [ 0.08142552  0.07922377  0.03326096 ...  0.01510671  0.11301411
  -0.05113982]
 ...
 [ 0.05512928 -0.00124201  0.11124268 ... -0.14205676 -0.03938462
  -0.12191945]
 [-0.02590952  0.08889283 -0.07682065 ... -0.12529653  0.03790716
   0.01969932]
 [-0.03572703 -0.04511829  0.01795197 ...  0.14245676 -0.02109458
  -0.09326009]]
layers.2.weight: [[ 0.27962092 -0.5149758  -0.01104639 -0.45320755  0.04668047 -0.05727983
   0.44612658 -0.01232059 -0.4536535   0.31484655  0.23521884 -0.3156482
   0.2694247   0.18492262 -0.13722883  0.03018218  0.4716636  -0.40412748
  -0.02377271  0.16429125 -0.16780433  0.44675547  0.10710008  0.22367981
  -0.18968125 -0.30985618 -0.25720912  0.16366668  0.0131608   0.07885152
   0.00837118 -0.46087894]]

Final Loss: 0.0087
Distance Metric: 19.6180
L1 norm: 1e-05
L2 norm: 0
Batch size: 16
Clipping: 0
Learning rate: 0.01
data size: 5120
init: 1
seed: 5

================================================================================

nonoverlappingCNN_sigmoid -> fcnn_decreasing_relu

Student Model Parameters:
layers.0.weight: [[ 0.10551947 -0.19199367  0.04842164 ... -0.12281719  0.03253638
   0.18382823]
 [-0.2171608  -0.01794469  0.12231367 ... -0.02286995 -0.00621223
   0.08304285]
 [-0.07452527  0.09570215  0.04975349 ...  0.0724635  -0.04102237
  -0.01730486]
 ...
 [-0.09367062 -0.06353813 -0.09575815 ... -0.04474285  0.1984306
   0.11284559]
 [ 0.04881644 -0.07068052 -0.02578993 ... -0.15958348 -0.06604184
   0.01003803]
 [ 0.06997219 -0.04031875 -0.01747683 ... -0.09652592 -0.03734441
   0.02491894]]
layers.1.weight: [[-0.13457294 -0.0207704   0.18286842 ...  0.205016    0.66376305
   0.23756984]
 [-0.25570416  0.14789614  0.22701135 ...  0.23437153 -0.05156239
   0.01251208]
 [ 0.12887298  0.1704039  -0.60274345 ... -0.01572656 -0.3594381
   0.01915429]
 ...
 [ 0.38489717 -0.09789284  0.33061096 ...  0.22494638 -0.1356376
   0.186623  ]
 [-0.33685493 -0.37056428  0.11680784 ...  0.10751588  0.00353825
  -0.12995926]
 [-0.22457089 -0.18836223 -0.20790504 ... -0.04962492 -0.5002172
  -0.5714306 ]]
layers.2.weight: [[-0.05736537  1.3125566  -0.06952766  0.15361439  0.7509594  -1.731704
  -0.81458545 -1.5935477  -1.127559    2.7444706  -0.05975881  1.5482733
  -1.785996   -1.190708   -0.3534762  -2.7721894  -0.31607217 -1.0458918
  -1.1150768  -0.70451903  3.7626488   0.9802973   1.7791464  -1.242361
  -0.8688541   0.86209005  1.8807769  -0.02486521 -0.99210906  0.11482096
   0.25127837 -0.7205096 ]]

Final Loss: 0.2756
Distance Metric: 40.6765
L1 norm: 1e-05
L2 norm: 0
Batch size: 16
Clipping: 0
Learning rate: 0.01
data size: 5120
init: 1
seed: 5

================================================================================

nonoverlappingCNN_sigmoid -> fcnn_decreasing_tanh

Student Model Parameters:
layers.0.weight: [[ 0.19605577  0.23382401 -0.26193768 ...  0.3399612  -0.86310774
   0.3337106 ]
 [-0.5498681  -0.07387307  0.24696612 ... -0.5924408  -0.20662354
  -0.21058133]
 [ 0.3716418  -0.66247773 -0.44422227 ...  0.50247836  0.32673103
  -0.3297397 ]
 ...
 [-0.45630392  0.31572458  0.06680012 ... -0.27254     0.30805758
  -0.6436499 ]
 [ 0.45563817 -0.5561122  -1.5271859  ...  0.8050784  -0.41564596
  -0.06850853]
 [ 0.31813845  0.05566947 -0.11779148 ...  0.13817194  0.2279946
  -0.00264043]]
layers.1.weight: [[ 0.3510188  -0.14865369 -1.1689852  ... -0.15665723  0.253408
   0.13777867]
 [ 0.04196398  0.1337337  -0.23022662 ... -0.13541879  0.4573616
  -0.08690264]
 [ 0.12036391  0.00810256 -0.05768391 ...  0.04108643 -0.14551175
  -0.15942049]
 ...
 [-0.03488965 -0.14513567 -0.18129174 ...  0.10559746 -0.04079914
   0.1583691 ]
 [-0.10761609 -0.20534778 -0.05881435 ... -0.02885543  0.06563465
  -0.04182656]
 [-0.00500708  0.19447279 -0.05679956 ...  0.07368742 -0.01197508
   0.00835135]]
layers.2.weight: [[ 0.5051335  -0.26375538 -0.27091098 -0.56462276  0.5066601   0.5306584
  -0.00741106  0.24241346 -0.12892805 -0.29104838 -0.1844329   0.23012508
   0.14919002 -0.29486266  0.46188942 -0.4627926  -0.36476043 -0.3141785
  -0.2867473  -0.22868055 -0.409584    0.09056793  0.3336107  -0.4103972
  -0.3866949   0.5065077  -0.48972023 -0.29739296 -0.33177254 -0.34841672
  -0.25019717  0.21714418]]

Final Loss: 0.0288
Distance Metric: 57.3634
L1 norm: 1e-05
L2 norm: 0
Batch size: 16
Clipping: 0
Learning rate: 0.01
data size: 5120
init: 1
seed: 5

================================================================================

nonoverlappingCNN_relu -> fcnn_decreasing_sigmoid

Student Model Parameters:
layers.0.weight: [[ 0.6774947  -0.7131126   0.49796692 ... -2.1620371   2.0579093
  -0.5477966 ]
 [ 0.3380548  -0.36597484 -0.03080828 ...  0.0447308  -0.21106815
   0.08746999]
 [-0.27180338  0.23137595 -0.04593915 ...  0.06518353 -0.11902631
   0.10839477]
 ...
 [-0.3763763   0.3493748  -0.17442915 ...  0.04684261 -0.11982246
  -0.13288745]
 [-0.20431823 -0.16085823  0.10646773 ... -0.03970862  0.04169105
   0.03164269]
 [ 0.45209858 -0.20534919  0.16245523 ... -0.03959363  0.11283272
   0.11863784]]
layers.1.weight: [[-0.52237606 -0.27021495 -0.11137471 ...  0.11197723 -0.06078558
  -0.20160101]
 [ 0.66464853  0.04206899 -0.11582655 ...  0.03952347  0.04879081
  -0.193224  ]
 [-0.41227832 -0.12195798 -0.09864389 ... -0.04057894  0.15273163
  -0.08251127]
 ...
 [-1.1599231   0.00852475  0.17139526 ...  0.29004994 -0.00590497
  -0.11201829]
 [-0.5950372   0.08894509  0.02807045 ... -0.04745576 -0.03118607
   0.10118434]
 [ 0.48393306 -0.07746808 -0.02915059 ...  0.03928736 -0.11238485
  -0.18851869]]
layers.2.weight: [[-3.4208171   2.4728537  -2.113896   -0.76076376 -1.3968745   1.7478021
   2.805893   -3.14026     3.2397778  -1.1796354   0.6390417  -3.520476
   3.837573    3.228423    3.912212    4.1011386  -0.5034398  -4.9260473
  -0.59416467  2.0180511  -0.5821382   0.13941742  1.8783813   0.617841
  -3.3597786  -0.76362884 -3.1717942   1.2707984   3.6376777  -3.6094377
  -2.402776    2.171253  ]]

Final Loss: 3.2279
Distance Metric: 51.4762
L1 norm: 1e-05
L2 norm: 0
Batch size: 16
Clipping: 0
Learning rate: 0.01
data size: 5120
init: 1
seed: 5

================================================================================

nonoverlappingCNN_relu -> fcnn_decreasing_relu

Student Model Parameters:
layers.0.weight: [[ 0.6978538   1.0519572   0.8471562  ...  0.13376093 -0.02943299
  -1.1197431 ]
 [ 0.12108472  0.24186642  0.03326741 ... -0.1277404  -0.42220065
   0.0914561 ]
 [-0.07410247  0.14350957 -0.04761669 ...  0.15521091 -0.16963418
   0.29622516]
 ...
 [ 0.10169904 -0.2037035   0.3414655  ...  0.04989187 -0.59682167
   0.54299647]
 [ 0.86347705  0.81767726  0.49643856 ...  0.08811767 -0.00254737
  -1.1259015 ]
 [-0.30062366  0.33039862  0.32994482 ...  0.09610567 -0.23174942
   1.6650596 ]]
layers.1.weight: [[ 0.15081535  0.11112161  0.05353065 ... -0.18742155  0.5146476
  -0.03855207]
 [-0.16863434 -0.21862589 -0.15496327 ...  0.245864    0.16390322
  -0.08208619]
 [ 0.87810206  0.40014967  0.2800053  ... -0.24285552  1.1386693
   0.06979253]
 ...
 [-0.6021218  -0.4507386  -0.05441381 ... -0.39635745 -0.7401226
  -0.6585989 ]
 [ 0.13733844  0.1398053   0.2987475  ... -0.03435475 -0.17196012
  -0.06564336]
 [ 0.02330858  0.40753877 -0.11296959 ... -0.1312071   0.17050825
  -0.14651716]]
layers.2.weight: [[-0.41187134 -2.188779   -3.886178   -1.4784368  -0.22970429 -1.2798028
  -1.6967794  -3.3105683  -0.68682873 -1.4853207  -0.36951816 -1.3362185
   0.19660534 -1.6668891   0.48570827 -0.6444611  -0.4889107  -0.5642959
   0.39414996  0.1170411  -0.86023456 -2.47585     1.4281288  -0.649136
   2.469395   -0.34083378 -0.45278344  0.173039    3.36743     1.3508465
  -0.1629089  -0.8038676 ]]

Final Loss: 4.8674
Distance Metric: 58.1632
L1 norm: 1e-05
L2 norm: 0
Batch size: 16
Clipping: 0
Learning rate: 0.01
data size: 5120
init: 1
seed: 5

================================================================================

nonoverlappingCNN_relu -> fcnn_decreasing_tanh

Student Model Parameters:
layers.0.weight: [[ 0.98341304  1.0409946  -0.78689796 ... -0.22864772  0.3027534
   0.24459535]
 [-1.008035    0.41496778  0.4195127  ...  0.23294893  0.42129555
   0.62084293]
 [-1.1531413   0.39977401 -0.1775782  ... -0.17042351  0.8427217
   0.16121098]
 ...
 [-1.0506337  -0.4572101   0.53453755 ... -0.6441983   0.70383185
  -0.36499065]
 [ 1.1249348   0.2581867  -0.34848705 ...  0.5533425   1.2625428
   0.4002154 ]
 [ 0.5692167  -0.4872658   0.2665679  ... -0.7539466   1.3591353
   0.17417781]]
layers.1.weight: [[-0.4178447  -0.7041971   0.17326245 ...  0.22592424  0.12513196
  -0.52259344]
 [-0.32233065  0.0655786   0.10642038 ...  0.10633898 -0.27819425
  -0.41971278]
 [-0.23296307 -0.32050008 -0.25042224 ... -0.76249135  0.31520247
   0.18142653]
 ...
 [-0.22544558 -0.28962526  0.3120626  ... -0.30191526  0.00370263
   0.10160062]
 [-0.63972807 -0.51868194 -0.2064695  ...  0.43580654  0.03988943
  -0.790335  ]
 [ 0.49540588  0.38139126  0.26324826 ... -0.63820577 -0.09614912
  -0.19858316]]
layers.2.weight: [[ 0.38088706  0.21838117  0.64278734 -0.2533584   0.42774546 -0.5191487
  -0.44959834  0.6859653   0.6254029   0.44646427  0.5565401  -0.43393064
  -0.3456593   0.44948056  0.56117046 -0.4417474  -0.34142873  0.45300537
  -0.458601    0.49578762  0.45588568 -0.3937617  -0.5275918  -0.3357585
  -0.6122012   0.43895444 -0.5868233   0.56062114 -0.55096126  0.593265
   0.4229206   0.6683429 ]]

Final Loss: 3.2967
Distance Metric: 76.1729
L1 norm: 1e-05
L2 norm: 0
Batch size: 16
Clipping: 0
Learning rate: 0.01
data size: 5120
init: 1
seed: 5

================================================================================

nonoverlappingCNN_tanh -> fcnn_decreasing_sigmoid

Student Model Parameters:
layers.0.weight: [[-0.11129076  0.2339489  -0.14348559 ...  0.05102113  0.20273153
  -0.05026118]
 [-0.161509    0.1489129  -0.02884048 ...  0.07499109 -0.17824717
   0.09370735]
 [ 0.0407412  -0.00849765  0.11925309 ...  0.27688852 -0.29502127
  -0.03941463]
 ...
 [ 0.00934277  0.07693883 -0.12511726 ... -0.03657079  0.09924565
  -0.08079198]
 [ 0.2198491  -0.30978444  0.02633169 ...  0.00616608 -0.11327752
  -0.03627888]
 [ 0.1487786   0.07808304 -0.07132057 ...  0.09396316 -0.17400268
   0.07220639]]
layers.1.weight: [[-0.08811431 -0.08463306 -0.07288832 ...  0.01031434  0.1050892
   0.07389347]
 [ 0.07745168 -0.10741581 -0.10586188 ...  0.15626064 -0.0270935
   0.1053404 ]
 [-0.04349648  0.06361672  0.07063913 ... -0.08939237  0.01654037
  -0.00195967]
 ...
 [ 0.22421111  0.05049035  0.09650022 ...  0.10772549 -0.17051232
   0.02392193]
 [-0.10390504 -0.05674991  0.03716747 ... -0.00062447  0.05907999
  -0.06807037]
 [-0.06916019 -0.01332015 -0.00044592 ...  0.06832046 -0.02225504
   0.13593112]]
layers.2.weight: [[ 1.0259429   0.99115944 -1.3158345  -0.9618312  -0.31895104  1.4035028
  -0.34705174  0.9603006  -1.0289799  -1.1356231  -1.686038   -3.753997
  -2.3888192   0.8004738  -1.0160464  -4.1070957  -1.7107972  -2.7167134
  -1.0505514   2.7218618  -0.5995963  -0.7207253  -1.1838086   0.12515163
  -3.0639958   0.18364058 -0.03493914 -0.54163104  0.98560727  1.3782583
   0.84454525 -2.081136  ]]

Final Loss: 0.1945
Distance Metric: 43.8959
L1 norm: 1e-05
L2 norm: 0
Batch size: 16
Clipping: 0
Learning rate: 0.01
data size: 5120
init: 1
seed: 5

================================================================================

nonoverlappingCNN_tanh -> fcnn_decreasing_relu

Student Model Parameters:
layers.0.weight: [[ 0.03919742  0.16447745  0.03604282 ... -0.05509077  0.11734486
  -0.00803127]
 [ 0.31687963  0.1038347  -0.01711071 ... -0.10665373 -0.1908712
   0.02083038]
 [-0.18320447 -0.22034217 -0.678396   ... -0.04229401  0.17882802
   0.03242406]
 ...
 [ 0.06031681 -0.12575129 -0.07464755 ... -0.15524384  0.02372151
   0.10746334]
 [ 0.14867921 -0.13266063 -0.16529325 ... -0.17243324 -0.02141869
  -0.04420966]
 [ 0.08612669 -0.38031042 -0.2171614  ... -0.21317245 -0.08999981
  -0.02909315]]
layers.1.weight: [[ 0.51101315 -0.09781482  0.23016319 ... -0.02542785  0.32962546
   0.1208235 ]
 [-0.16124809  0.25772655 -0.02035514 ... -0.00945184 -0.08100359
  -0.00930939]
 [-0.18998897  0.02515742 -0.08761636 ...  0.0451594   0.18178025
  -0.01769037]
 ...
 [-0.65575683  0.3395737  -0.19985203 ...  0.36367097 -0.2764388
   0.06560588]
 [-0.0285055   0.41080028  0.26001978 ...  0.07716602 -0.14239803
  -0.09215648]
 [ 0.4378643   0.13218619 -0.06126979 ... -0.28221208  0.51971436
   0.09306634]]
layers.2.weight: [[ 2.5291972   1.1721462  -1.2875682   0.57652324  0.8531177   1.9441388
  -0.34108672 -0.32986176 -0.94822806  0.15888786  1.4169537   0.22279668
  -1.6539947  -1.5033036  -3.329073   -1.6147276   1.2458775   1.6530722
   1.9866236  -3.2155476   0.14253868 -0.81939566 -0.85539556  1.0861014
  -2.5834146  -0.8980099  -2.2047586  -0.23314802 -1.62921     0.334388
  -1.8856982  -1.4790198 ]]

Final Loss: 0.3924
Distance Metric: 52.6565
L1 norm: 1e-05
L2 norm: 0
Batch size: 16
Clipping: 0
Learning rate: 0.01
data size: 5120
init: 1
seed: 5

================================================================================

