Experiment Summary:
================================================================================

Teacher Model Parameters:
layers.0.weight: [[[-0.78 -0.12  0.7 ]]

 [[-1.16  0.47  0.05]]

 [[-0.73  1.96 -1.01]]

 [[-0.32  0.21  0.63]]]
layers.1.weight: [[[ 0.    0.04]
  [ 0.68  0.34]
  [ 0.54 -0.22]
  [-0.14 -0.33]]

 [[-0.14  1.59]
  [ 1.48 -0.52]
  [-1.26  0.3 ]
  [-0.4  -1.09]]

 [[-0.71  0.44]
  [-0.02 -0.14]
  [ 0.37 -0.7 ]
  [-0.83 -0.38]]

 [[ 0.89 -0.48]
  [-0.27 -0.81]
  [ 1.76 -0.41]
  [ 0.15  0.49]]]
layers.2.weight: [[[-0.54  0.16]
  [-0.74 -0.46]
  [ 0.08  0.18]
  [-0.22  0.81]]]

================================================================================

overlappingCNN_relu -> fcnn_decreasing_relu

Student Model Parameters:
layers.0.weight: [[-0.543428    0.6270033   0.53625053 ...  0.612373   -0.75404274
  -0.6057007 ]
 [ 0.44286308  0.51677203 -0.09476907 ...  0.3355519   0.1932745
  -0.0778473 ]
 [ 0.83249474 -0.21401218  0.0681518  ...  0.1551856   0.20049979
  -0.41141   ]
 ...
 [-0.1322829   0.25094065  0.15297756 ... -0.26096264 -0.27583763
   0.48499534]
 [ 0.09528986 -0.01344101 -0.00199643 ... -0.07184435 -0.04000678
   0.45198217]
 [ 0.14911969 -0.0397246   0.14442417 ...  0.09375287  0.10714231
  -0.27579147]]
layers.1.weight: [[-0.1049942  -0.22233708 -0.10933532 ... -0.08701351 -0.03277841
   0.03839266]
 [-0.00966888  0.017349    0.03839294 ...  0.14705004 -0.09614862
  -0.17527294]
 [-0.04350763  0.07221875 -0.02938619 ... -0.11616872  0.00998214
   0.05618354]
 ...
 [-0.03296161  0.01393839 -0.00698675 ... -0.20088078 -0.0462863
  -0.05508564]
 [-0.03053326  0.1619664  -0.05477585 ... -0.00708895  0.06232277
   0.13484488]
 [-0.09058467 -0.04434864  0.02609768 ...  0.03401581  0.05091446
   0.20908062]]
layers.2.weight: [[-0.262273   -0.24668728 -0.23970693  0.24149711 -0.07746816 -0.3474596
   0.3264545   0.2207497   0.18057518 -0.4130014  -0.3624904  -0.23997317
  -0.23815815 -0.41142735 -0.3414988  -0.31526867 -0.27793154  0.26817098
  -0.36190227  0.20473471  0.33009338 -0.25004622 -0.15067685 -0.3819667
  -0.24806522  0.2154695  -0.5286111  -0.28149998  0.2617811   0.27640653
   0.17571503 -0.21517377]]

Final Loss: 0.0151
Distance Metric: 36.7437
L1 norm: 0
L2 norm: 0
Batch size: 32
Clipping: 0
Learning rate: 0.005
data size: 5120

================================================================================

overlappingCNN_tanh -> fcnn_decreasing_tanh

Student Model Parameters:
layers.0.weight: [[ 0.41353068  0.47774214  0.28749064 ... -0.9844289   0.3332027
  -0.03813978]
 [ 0.23800965 -0.34084246 -0.92941266 ...  0.4740206   1.8825364
   0.31485426]
 [-0.18105344 -0.9023551   0.00212866 ...  0.13073553  0.04703613
  -0.20627907]
 ...
 [ 0.6155863  -0.62715346 -0.42771032 ...  0.1036556  -0.42668453
   0.16751888]
 [-0.07827049  0.5465856  -0.41401833 ...  0.44717383  0.14329071
  -0.40000525]
 [ 0.12032616  0.65421206 -0.8920704  ... -0.29946023  0.5989893
  -0.5532516 ]]
layers.1.weight: [[ 0.02425268  0.1198876  -0.09172748 ... -0.1032424   0.09411849
   0.11348819]
 [ 0.10490322 -0.0558358  -0.06481679 ... -0.07013515  0.07142722
   0.00895867]
 [ 0.02613523  0.0267088  -0.01748742 ... -0.03291478  0.15439433
  -0.19052447]
 ...
 [ 0.02681151 -0.07895351 -0.02175906 ...  0.0902489   0.02668607
   0.09797024]
 [ 0.06792947  0.00318278  0.0162224  ... -0.03243954 -0.21285631
  -0.03462238]
 [ 0.12051947 -0.10173233  0.00666208 ... -0.137159   -0.12015937
   0.23655501]]
layers.2.weight: [[-0.39274886  0.33530763 -0.24012567 -0.32639468  0.11575096 -0.22768976
   0.6515171   0.23035946 -0.3053301  -0.35256082  0.24119708 -0.33674714
  -0.27846187  0.42205018  0.08763372 -0.23063844 -0.32791436  0.20821534
  -0.4162989  -0.6675186  -0.32531404 -0.40171164 -0.34120262 -0.28155458
   0.25363138  0.24420486 -0.28743365 -0.33477223 -0.25992525  0.17696661
   0.29201502 -0.31010473]]

Final Loss: 0.0000
Distance Metric: 36.0554
L1 norm: 0
L2 norm: 0
Batch size: 32
Clipping: 0
Learning rate: 0.005
data size: 5120

================================================================================

overlappingCNN_sigmoid -> fcnn_decreasing_sigmoid

Student Model Parameters:
layers.0.weight: [[-0.27092826 -0.26976728  0.1744118  ... -0.1007817   0.28187197
  -0.1095136 ]
 [-0.24537867 -0.7173639   0.46467453 ... -0.2173848  -0.22055155
   0.060482  ]
 [ 0.15885419 -0.6759339  -0.54770213 ... -0.15252753  0.35030767
  -0.43135816]
 ...
 [-0.02126099 -0.09318946  0.14670944 ... -0.92222035 -0.5022753
  -0.91785014]
 [ 1.0260031  -0.50005877 -0.3041022  ... -1.013822   -0.5258148
   0.25462526]
 [ 0.4707478   0.38647068  0.58729684 ... -0.26742053 -0.01842399
  -0.36784577]]
layers.1.weight: [[ 0.04115572  0.02244129 -0.01815127 ... -0.00306803  0.08843212
   0.07563788]
 [-0.0961508  -0.00895211 -0.0427981  ...  0.09094449  0.08669853
   0.06369153]
 [ 0.07510658 -0.2686839  -0.05431928 ... -0.01548042  0.15119554
   0.16952856]
 ...
 [-0.00565914  0.06511446 -0.12954539 ... -0.11078866 -0.15894066
   0.1465216 ]
 [ 0.14539273  0.09058426 -0.00707023 ... -0.05451272  0.02578908
   0.01446095]
 [-0.07244621 -0.00177719  0.13039061 ... -0.06494696 -0.00217665
  -0.03496154]]
layers.2.weight: [[-0.1820985  -0.01933948  0.32857072 -0.31543288 -0.14218429  0.09106947
   0.04234333 -0.33904606 -0.1107719  -0.33186126 -0.26740727 -0.02462052
   0.10019147  0.10801035  0.05274142 -0.21152401  0.38772228 -0.35652748
   0.5504231   0.15442483  0.10305109  0.1436445   0.36705348 -0.26800084
   0.44018993 -0.22119272 -0.18564527  0.21100529 -0.46134847 -0.3575596
   0.31424844 -0.06431516]]

Final Loss: 0.0000
Distance Metric: 35.4016
L1 norm: 0
L2 norm: 0
Batch size: 32
Clipping: 0
Learning rate: 0.005
data size: 5120

================================================================================

