Experiment Summary:
================================================================================

Teacher Model Parameters:
layers.0.weight: [[[-0.78 -0.12  0.7 ]]

 [[-1.16  0.47  0.05]]

 [[-0.73  1.96 -1.01]]

 [[-0.32  0.21  0.63]]]
layers.1.weight: [[[ 0.    0.04]
  [ 0.68  0.34]
  [ 0.54 -0.22]
  [-0.14 -0.33]]

 [[-0.14  1.59]
  [ 1.48 -0.52]
  [-1.26  0.3 ]
  [-0.4  -1.09]]

 [[-0.71  0.44]
  [-0.02 -0.14]
  [ 0.37 -0.7 ]
  [-0.83 -0.38]]

 [[ 0.89 -0.48]
  [-0.27 -0.81]
  [ 1.76 -0.41]
  [ 0.15  0.49]]]
layers.2.weight: [[[-0.54  0.16]
  [-0.74 -0.46]
  [ 0.08  0.18]
  [-0.22  0.81]]]

================================================================================

multiChannelCNN_sigmoid -> fcn_256_32_sigmoid

Student Model Parameters:
layers.0.weight: [[ 0.05599163 -0.00374732 -0.00733076 ...  0.04480629 -0.02318425
   0.00711787]
 [ 0.0602427  -0.00405845 -0.00788435 ...  0.04817006 -0.02494942
   0.00766102]
 [-0.03034791  0.00197213  0.0039826  ... -0.02438722  0.01256195
  -0.00385312]
 ...
 [-0.02163659  0.00139669  0.00284143 ... -0.01740354  0.00895669
  -0.00274773]
 [-0.00597088  0.00038388  0.000785   ... -0.00481134  0.00247381
  -0.00075948]
 [ 0.04666568 -0.00308388 -0.00611618 ...  0.03740241 -0.01931537
   0.0059274 ]]
layers.1.weight: [[-0.00151512 -0.00162471  0.00074659 ...  0.00051884  0.00010749
  -0.0012725 ]
 [-0.01041415 -0.01119762  0.00562007 ...  0.00400223  0.0010865
  -0.00869359]
 [-0.01831717 -0.01969831  0.00994892 ...  0.00709588  0.00195739
  -0.01528423]
 ...
 [-0.00407474 -0.0043792   0.0021372  ...  0.00151076  0.00038102
  -0.00340795]
 [ 0.00560527  0.00602994 -0.00307011 ... -0.00219558 -0.00061739
   0.00467454]
 [-0.00972973 -0.0104595   0.00524353 ...  0.0037331   0.00101031
  -0.00812226]]
layers.2.weight: [[-2.7908210e-02 -1.9887955e-01 -3.5143656e-01 -1.8226857e-01
   2.4857767e-01  4.7405317e-02 -8.0903642e-02 -2.5528795e-01
   3.2584280e-02 -3.6043048e-04 -8.0253229e-02  3.5242221e-01
   1.7315228e-01  1.1727029e-01  3.4344494e-01 -1.1966776e+00
   4.6566364e-01  6.4040527e-02  6.6302322e-02  5.8156822e-02
   1.8458672e-02 -1.6045223e-01  3.0919669e-02  1.8600812e-02
   1.2671964e-02 -1.5591192e-01  1.5343483e-01 -1.7392422e-01
  -1.2142705e-01 -7.6901913e-02  1.0774993e-01 -1.8567690e-01]]

Final Loss: 0.0001
Distance Metric: 8.0053
L1 norm: 0
L2 norm: 1e-05
Batch size: 16
Clipping: 0
Learning rate: 0.005
data size: 100000
init: 1
seed: 1
stopped after epoch: 1283

================================================================================

multiChannelCNN_sigmoid -> fcn_256_32_relu

Student Model Parameters:
layers.0.weight: [[0. 0. 0. ... 0. 0. 0.]
 [0. 0. 0. ... 0. 0. 0.]
 [0. 0. 0. ... 0. 0. 0.]
 ...
 [0. 0. 0. ... 0. 0. 0.]
 [0. 0. 0. ... 0. 0. 0.]
 [0. 0. 0. ... 0. 0. 0.]]
layers.1.weight: [[ 0.          0.          0.         ...  0.          0.
   0.        ]
 [ 0.          0.          0.         ...  0.          0.
   0.        ]
 [ 0.          0.          0.         ...  0.          0.
   0.        ]
 ...
 [ 0.          0.          0.         ...  0.          0.
   0.00011769]
 [ 0.          0.          0.         ...  0.         -0.00015047
   0.        ]
 [ 0.          0.          0.         ...  0.          0.
   0.        ]]
layers.2.weight: [[-0.0001092  -0.00010341  0.         -0.000343    0.00046787 -0.00019239
  -0.00016951  0.         -0.00041552 -0.00011799  0.          0.
   0.          0.          0.00041499  0.          0.         -0.00015655
  -0.00014885 -0.00013232 -0.00011156  0.0003245   0.          0.
   0.          0.00020382 -0.0002675   0.          0.         -0.00010073
   0.          0.        ]]

Final Loss: 0.1686
Distance Metric: 8.3534
L1 norm: 0
L2 norm: 1e-05
Batch size: 16
Clipping: 0
Learning rate: 0.005
data size: 100000
init: 1
seed: 1
stopped after epoch: 916

================================================================================

multiChannelCNN_sigmoid -> fcn_256_32_tanh

Student Model Parameters:
layers.0.weight: [[ 3.0067221e-03  4.7560520e-03 -2.1527505e-03 ...  1.1779281e-03
   2.2752604e-03  1.9977448e-04]
 [ 0.0000000e+00 -9.8793255e-04  1.3321578e-04 ... -8.2261604e-04
  -4.4854794e-04  0.0000000e+00]
 [ 1.2621830e-01 -3.1347167e-02 -1.7895728e-01 ... -8.9828141e-02
  -2.1561146e-01  2.6743871e-01]
 ...
 [ 1.1602687e-03  1.9333162e-03 -1.6066685e-03 ... -4.4689109e-04
   1.0605124e-03 -4.3169429e-04]
 [ 3.3576626e-04  0.0000000e+00  4.6147825e-04 ...  7.0322840e-04
  -5.2562210e-04  0.0000000e+00]
 [-8.7967823e-04 -1.1899944e-03  5.7193323e-04 ... -1.5743138e-04
   2.4408070e-04  2.5692390e-04]]
layers.1.weight: [[-0.00365494 -0.00046262  0.00300552 ...  0.00287848 -0.00353258
   0.00030759]
 [ 0.00273003  0.00096758 -0.01811993 ...  0.00380506 -0.0039101
  -0.00407633]
 [-0.00087673  0.00310514 -0.04800539 ...  0.00267131 -0.00428403
   0.00121172]
 ...
 [-0.00211196  0.00269749 -0.01169918 ... -0.00135874  0.00182884
  -0.00046257]
 [ 0.00267413  0.00226372 -0.01214159 ...  0.00188038  0.00419308
   0.00114683]
 [-0.00455904 -0.00127496  0.01830958 ... -0.0018542  -0.0013964
   0.00232139]]
layers.2.weight: [[-0.00187763  0.00934349  0.02490198 -0.00551852  0.02915391  0.03085987
  -0.00753711 -0.02758918  0.01582409  0.00705711 -0.02751661 -0.00945616
  -0.00055954 -0.01004656  0.01465897 -0.0122602   0.11660303 -0.00798646
  -0.0312533  -0.00746554 -0.00228006 -0.01748245  0.03484764 -0.01108013
   0.00587226 -0.03416662  0.00358508 -0.0117652   0.03143015  0.00605606
   0.00663632 -0.00893364]]

Final Loss: 0.1668
Distance Metric: 10.6606
L1 norm: 0
L2 norm: 1e-05
Batch size: 16
Clipping: 0
Learning rate: 0.005
data size: 100000
init: 1
seed: 1
stopped after epoch: 438

================================================================================

multiChannelCNN_relu -> fcn_256_32_sigmoid

Student Model Parameters:
layers.0.weight: [[-0.16148096  0.03075024  0.00916346 ...  0.03177607 -0.13442512
   0.08910885]
 [ 0.272091    0.07397719 -0.12257395 ... -0.10288689 -0.00886189
   0.02665502]
 [-0.00917336 -0.05369968  0.03361202 ...  0.07704835  0.19223222
  -0.17740847]
 ...
 [ 0.2513188  -0.09266532 -0.01075347 ... -0.01703399  0.03990403
  -0.04086075]
 [ 0.25603944 -0.00696385 -0.0722935  ... -0.0526193  -0.05101796
   0.04724097]
 [-0.15084592 -0.00208032  0.03343951 ... -0.02694274  0.27823433
  -0.16416667]]
layers.1.weight: [[-0.07890179  0.16639179 -0.0066134  ...  0.15179606  0.15541182
  -0.09150362]
 [-0.0005146   0.00093759 -0.00188455 ... -0.00406811 -0.00249054
  -0.00177469]
 [ 0.07899039 -0.03634647 -0.10636495 ... -0.03080903  0.01067841
  -0.16846712]
 ...
 [ 0.02653597 -0.12221386  0.0878512  ...  0.05997198 -0.03786385
   0.05152812]
 [ 0.08733069 -0.24211384  0.00387417 ... -0.18079315 -0.21390134
   0.10121839]
 [-0.00040314  0.00121888 -0.00194739 ... -0.00437913 -0.00261071
  -0.00182514]]
layers.2.weight: [[ 2.4138706   0.18466909 -2.3678615  -3.3443682  -0.05623826 -0.10410732
   0.23709701  3.146945    0.1774573   0.23342279  0.3274791  -3.132183
   0.03372514  0.19350876 -0.05595326  5.048273   -0.71223634  0.34231564
  -3.6150687  -2.0372732   0.16215357  0.15893531  4.3030467  -2.6789896
   2.5797033  -4.294485    0.18690702  4.312953    0.13661662  3.7651615
  -2.90702     0.20604695]]

Final Loss: 2.1192
Distance Metric: 41.2053
L1 norm: 0
L2 norm: 1e-05
Batch size: 16
Clipping: 0
Learning rate: 0.005
data size: 100000
init: 1
seed: 1
stopped after epoch: 3135

================================================================================

multiChannelCNN_relu -> fcn_256_32_relu

Student Model Parameters:
layers.0.weight: [[0.         0.         0.         ... 0.         0.         0.        ]
 [0.         0.         0.         ... 0.         0.00021721 0.        ]
 [0.0001078  0.         0.         ... 0.         0.         0.        ]
 ...
 [0.         0.         0.         ... 0.         0.         0.        ]
 [0.         0.         0.         ... 0.         0.         0.        ]
 [0.         0.         0.00010058 ... 0.         0.         0.        ]]
layers.1.weight: [[ 0.          0.00033752  0.         ...  0.         -0.00022649
   0.        ]
 [ 0.          0.         -0.00016044 ...  0.00015781  0.0001084
  -0.00020369]
 [ 0.          0.          0.         ...  0.          0.00014548
   0.        ]
 ...
 [-0.00010642  0.          0.         ... -0.00014949  0.
   0.        ]
 [ 0.          0.          0.         ...  0.          0.
   0.        ]
 [ 0.         -0.00010987  0.         ...  0.00010266  0.
   0.        ]]
layers.2.weight: [[-0.00089214  0.00057506  0.00067288 -0.00049895  0.00056765  0.00045
   0.0003903  -0.00015851 -0.0003311  -0.00013626 -0.00040319  0.
   0.00019348  0.         -0.00015755  0.00021445 -0.00051567 -0.00043167
  -0.00021537 -0.00021521  0.00028474 -0.00076684 -0.00059642  0.00077
  -0.00063165  0.00037966  0.00027897  0.00089038 -0.00061936  0.00035132
  -0.00040146  0.        ]]

Final Loss: 3.5232
Distance Metric: 8.3583
L1 norm: 0
L2 norm: 1e-05
Batch size: 16
Clipping: 0
Learning rate: 0.005
data size: 100000
init: 1
seed: 1
stopped after epoch: 844

================================================================================

multiChannelCNN_relu -> fcn_256_32_tanh

Student Model Parameters:
layers.0.weight: [[-4.2217311e-01  4.5572957e-01  4.1162777e-01 ... -2.6545686e-01
  -3.4096017e-01 -7.4471003e-01]
 [ 1.3846942e+00  6.4464104e-01 -2.6083866e-01 ... -2.4767105e-01
   3.9784811e-02  3.2984143e-01]
 [ 3.5063055e-01  9.6284437e-01 -1.7998292e-01 ...  4.6923488e-01
   2.2789398e-02  1.0270663e+00]
 ...
 [-4.0804226e-02  1.3555034e-02  3.8334616e-03 ... -3.7768185e-02
   2.7535783e-02 -1.4987617e-02]
 [ 1.0489301e-01 -8.0526590e-02  2.1348054e-02 ...  7.4720614e-02
  -2.5598008e-02  1.0194490e-03]
 [-3.7191782e-02  3.8751800e-02 -8.8629546e-03 ... -4.0327121e-02
   1.2112455e-02 -5.0928211e-03]]
layers.1.weight: [[-1.79107934e-02 -7.19446659e-01 -4.86242445e-03 ... -1.44897429e-02
   1.14363739e-02 -1.38781285e-02]
 [-1.75293104e-03  2.73202243e-03 -4.00890887e-04 ... -2.59868830e-04
   0.00000000e+00 -2.24719450e-04]
 [-5.84880829e-01  3.63010690e-02 -5.97124696e-01 ... -5.61604463e-02
  -5.39896376e-02 -4.80716489e-02]
 ...
 [ 7.25131929e-01  1.20818326e-02 -2.63571948e-01 ... -2.33927947e-02
   7.69788399e-02 -4.63187397e-02]
 [ 1.39534712e-01  5.35646141e-01  2.75432393e-02 ... -1.99548695e-02
  -3.56332138e-02 -2.43250206e-02]
 [ 4.99629974e-03 -7.78788747e-03  1.14195480e-03 ...  7.40354473e-04
   2.63802038e-04  6.40804996e-04]]
layers.2.weight: [[ 2.66746342e-01 -8.00916343e-04  4.93561596e-01 -1.85117334e-01
   5.36594450e-01  2.71464050e-01 -1.58951599e-02 -2.19252899e-01
  -2.17752337e-01  1.74656570e-01  3.66228551e-01  5.16761482e-01
  -1.03891725e-02 -1.77955300e-01  2.59724736e-01 -2.24870846e-01
  -2.88962960e-01  1.38198242e-01  2.92352498e-01 -3.66140872e-01
  -2.03758195e-01 -9.57709402e-02 -2.43682832e-01  1.09550647e-01
   1.54078349e-01 -4.88695472e-01 -2.72954069e-03  5.34013147e-04
   2.85728514e-01  2.00419411e-01  2.74383932e-01  2.28305883e-03]]

Final Loss: 2.3939
Distance Metric: 37.2230
L1 norm: 0
L2 norm: 1e-05
Batch size: 16
Clipping: 0
Learning rate: 0.005
data size: 100000
init: 1
seed: 1
stopped after epoch: 1457

================================================================================

multiChannelCNN_tanh -> fcn_256_32_sigmoid

Student Model Parameters:
layers.0.weight: [[ 0.00376289 -0.02644914 -0.06908312 ...  0.00093074  0.02992321
   0.04004487]
 [ 0.00464675 -0.01651198 -0.05523036 ... -0.00547684  0.03294358
   0.02287089]
 [-0.0017787   0.0173443   0.04290694 ... -0.00208991 -0.01596541
  -0.02659518]
 ...
 [-0.0019159  -0.0202012  -0.03143306 ...  0.01225751 -0.00259157
   0.03445397]
 [ 0.00643555 -0.03189936 -0.09176274 ... -0.00346559  0.04671668
   0.04678487]
 [-0.00540438  0.02642108  0.07714108 ...  0.00326794 -0.03955339
  -0.03847642]]
layers.1.weight: [[-0.01288921 -0.00112796  0.01000703 ... -0.02281267 -0.01029515
   0.00794383]
 [-0.00096672 -0.00032847  0.00031779 ... -0.00148096 -0.00083873
   0.0002242 ]
 [-0.00520874 -0.00066233  0.00393938 ... -0.00887305 -0.00429598
   0.00327122]
 ...
 [ 0.01041305  0.00101615 -0.00814861 ...  0.01818756  0.00842154
  -0.0066162 ]
 [-0.0091117  -0.00095309  0.00707348 ... -0.01582131 -0.00740366
   0.00577389]
 [ 0.00275105  0.00025648 -0.00231825 ...  0.00473267  0.00226523
  -0.00197322]]
layers.2.weight: [[ 0.8508854   0.04361096  0.31776538 -0.6180048  -0.704938   -1.761019
   0.4703976   0.81810987 -0.50161934 -0.50025374  0.8179795  -0.47864172
   0.71515495  0.29714102 -0.9229789   0.8440703  -0.6948079  -0.9727886
  -6.0545444   0.92715484 -0.73539543 -0.32670456 -0.01380822  0.5624116
  -0.72556114  0.3909996   1.0076283  -0.3477533  -0.92463833 -0.6731389
   0.57897043 -0.1750124 ]]

Final Loss: 0.1365
Distance Metric: 22.6083
L1 norm: 0
L2 norm: 1e-05
Batch size: 16
Clipping: 0
Learning rate: 0.005
data size: 100000
init: 1
seed: 1
stopped after epoch: 2747

================================================================================

multiChannelCNN_tanh -> fcn_256_32_relu

Student Model Parameters:
layers.0.weight: [[ 0.00814336  0.00372874 -0.01944846 ...  0.09691436 -0.10658295
   0.10157678]
 [ 0.04285779  0.03102033 -0.02092867 ...  0.02139868  0.01233643
  -0.07982097]
 [ 0.04877886 -0.17121705 -0.15880276 ... -0.00774883  0.00190167
  -0.01703349]
 ...
 [ 0.10887521 -0.08693679 -0.19835669 ...  0.04800259  0.09744366
   0.04351098]
 [-0.10443167  0.0012364  -0.00375833 ... -0.00497707 -0.09516884
   0.01449507]
 [ 0.02236764  0.11139093 -0.04417111 ... -0.00482211 -0.10241063
   0.06441146]]
layers.1.weight: [[ 0.0015885  -0.03343933  0.02573571 ... -0.10919947  0.02661498
   0.03658349]
 [-0.02584657 -0.01667033 -0.01137994 ...  0.11775596 -0.04374795
  -0.12429623]
 [-0.01786221 -0.01399964 -0.01213211 ...  0.08037916  0.00340213
   0.05869463]
 ...
 [-0.03055497 -0.03136091  0.01061117 ... -0.0330014   0.10293902
   0.03076169]
 [ 0.02971007  0.03453262 -0.11619602 ...  0.02796565  0.00840336
  -0.08306797]
 [-0.04734528  0.0043094   0.14135054 ... -0.07037671  0.00894424
   0.03706045]]
layers.2.weight: [[ 0.4521961  -0.66997087 -0.44630903  0.43124896 -0.5244929   0.61042285
  -0.54501927  0.58756995 -0.5811526  -0.5593402  -0.5316399  -0.6717941
   0.451044   -0.6662428   0.48171023 -0.6362685   0.5072799   0.5424004
   0.5912348  -0.58294076 -0.4902781  -0.6442276  -0.63118136 -0.61793673
   0.618911    0.64356023 -0.69630426 -0.7393585   0.8466403   0.5869415
  -0.52998364  0.48896825]]

Final Loss: 0.2024
Distance Metric: 17.6059
L1 norm: 0
L2 norm: 1e-05
Batch size: 16
Clipping: 0
Learning rate: 0.005
data size: 100000
init: 1
seed: 1
stopped after epoch: 1530

================================================================================

multiChannelCNN_tanh -> fcn_256_32_tanh

Student Model Parameters:
layers.0.weight: [[ 1.6383084e-03 -2.8390295e-03 -2.1200010e-03 ... -5.2539865e-04
  -2.0710505e-04  7.0180441e-04]
 [ 9.9979120e-04 -2.1936584e-03 -3.7701027e-03 ...  3.6681786e-03
  -7.8570070e-03  0.0000000e+00]
 [ 1.0034338e-02  2.0935822e-04  9.6783247e-03 ...  3.5754326e-01
  -2.8955668e-01 -1.9995148e-01]
 ...
 [-2.0109362e-03  3.5649950e-03  5.1408508e-03 ... -1.6003946e-03
   7.4071982e-03 -5.2710460e-04]
 [-1.1899535e-03  1.4287123e-03 -1.9504628e-03 ...  2.6252595e-04
  -2.1545494e-03 -5.4590445e-04]
 [ 2.4393608e-03 -2.2058843e-03 -4.8403451e-03 ...  5.4273000e-03
  -1.2509592e-02  5.0626146e-03]]
layers.1.weight: [[ 0.         -0.00085103  0.0018655  ...  0.0009582  -0.00072019
  -0.00091761]
 [-0.00028432 -0.00322829 -0.1453326  ...  0.00252472  0.00167005
  -0.00800947]
 [ 0.         -0.00137492  0.00310342 ...  0.00154723 -0.00116228
  -0.00147237]
 ...
 [ 0.         -0.00089075  0.00195622 ...  0.00100287 -0.00075374
  -0.00096008]
 [ 0.         -0.00055122  0.00119442 ...  0.00062073 -0.00046662
  -0.00059568]
 [ 0.         -0.00200989  0.00474004 ...  0.00225809 -0.00169596
  -0.00212212]]
layers.2.weight: [[ 5.08705266e-02 -5.96709788e-01  8.22741240e-02  7.39342391e-01
  -4.77502607e-02 -4.34793010e-02  8.27052966e-02  6.75119907e-02
  -9.56513882e-01  6.00293092e-02  9.10747098e-04  4.01690483e-01
  -4.94539179e-02 -7.18547553e-02  1.00903362e-01  4.84999776e-01
   1.42322868e-01  1.28238186e-01  2.23020390e-02  4.43068855e-02
   9.82409120e-02 -1.14801967e+00 -5.68814352e-02  3.30042131e-02
   1.06478445e-01 -3.81295830e-02  8.49573538e-02  7.12581813e-01
   1.13701832e+00  5.32501787e-02  3.29373926e-02  1.20599173e-01]]

Final Loss: 0.0004
Distance Metric: 7.3398
L1 norm: 0
L2 norm: 1e-05
Batch size: 16
Clipping: 0
Learning rate: 0.005
data size: 100000
init: 1
seed: 1
stopped after epoch: 1737

================================================================================

