Experiment Summary:
================================================================================

Teacher Model Parameters:
layers.0.weight: [[[ 2.59 -2.83  0.87]]]
layers.1.weight: [[[-1.38  1.29]]]
layers.2.weight: [[[ 0.86 -0.84]]]

================================================================================

nonoverlappingCNN_sigmoid -> fcnn_decreasing_sigmoid

Student Model Parameters:
layers.0.weight: [[0. 0. 0. ... 0. 0. 0.]
 [0. 0. 0. ... 0. 0. 0.]
 [0. 0. 0. ... 0. 0. 0.]
 ...
 [0. 0. 0. ... 0. 0. 0.]
 [0. 0. 0. ... 0. 0. 0.]
 [0. 0. 0. ... 0. 0. 0.]]
layers.1.weight: [[0. 0. 0. ... 0. 0. 0.]
 [0. 0. 0. ... 0. 0. 0.]
 [0. 0. 0. ... 0. 0. 0.]
 ...
 [0. 0. 0. ... 0. 0. 0.]
 [0. 0. 0. ... 0. 0. 0.]
 [0. 0. 0. ... 0. 0. 0.]]
layers.2.weight: [[-0.00015945 -0.0001605  -0.0001603  -0.00016046 -0.00015975 -0.00016083
  -0.00016065 -0.00016103 -0.00016049 -0.00016081 -0.00016004 -0.00016016
  -0.00015935 -0.0001604  -0.00016103 -0.0001604  -0.00015992 -0.00015975
  -0.00016004 -0.00016005 -0.000161   -0.00015991 -0.00015952 -0.00016005
  -0.00016012 -0.00015978 -0.00016019 -0.00015955 -0.00015972 -0.00016084
  -0.00016024 -0.00016041]]

Final Loss: 0.0026
Distance Metric: 7.0258
L1 norm: 1e-05
L2 norm: 0
Batch size: 16
Clipping: 0
Learning rate: 0.01
data size: 100000
init: 0.2
seed: 2

================================================================================

nonoverlappingCNN_sigmoid -> fcnn_decreasing_relu

Student Model Parameters:
layers.0.weight: [[ 0.00382075  0.00286041 -0.09290534 ... -0.14009628 -0.02048858
   0.12322962]
 [ 0.          0.          0.         ...  0.          0.
   0.        ]
 [ 0.          0.          0.         ...  0.          0.
   0.        ]
 ...
 [ 0.01550056 -0.10309716 -0.1286972  ...  0.01537923 -0.01805143
   0.00031273]
 [ 0.          0.          0.         ...  0.          0.
   0.        ]
 [ 0.          0.          0.         ...  0.          0.
   0.        ]]
layers.1.weight: [[0.         0.         0.         ... 0.         0.         0.        ]
 [0.         0.         0.         ... 0.         0.         0.        ]
 [0.05345065 0.         0.         ... 0.02884619 0.         0.        ]
 ...
 [0.         0.         0.         ... 0.         0.         0.        ]
 [0.02062397 0.         0.         ... 0.03708526 0.         0.        ]
 [0.         0.         0.         ... 0.         0.         0.        ]]
layers.2.weight: [[ 0.          0.          0.33085597  0.          0.         -0.4078988
   0.          0.          0.          0.          0.          0.7097123
   0.          0.          0.          0.          0.          0.
   0.          0.          0.          0.45151457  0.          0.
   0.          0.          0.          0.          0.          0.
   0.3499548   0.        ]]

Final Loss: 0.0111
Distance Metric: 8.7801
L1 norm: 1e-05
L2 norm: 0
Batch size: 16
Clipping: 0
Learning rate: 0.01
data size: 100000
init: 0.2
seed: 2

================================================================================

nonoverlappingCNN_sigmoid -> fcnn_decreasing_tanh

Student Model Parameters:
layers.0.weight: [[0. 0. 0. ... 0. 0. 0.]
 [0. 0. 0. ... 0. 0. 0.]
 [0. 0. 0. ... 0. 0. 0.]
 ...
 [0. 0. 0. ... 0. 0. 0.]
 [0. 0. 0. ... 0. 0. 0.]
 [0. 0. 0. ... 0. 0. 0.]]
layers.1.weight: [[0. 0. 0. ... 0. 0. 0.]
 [0. 0. 0. ... 0. 0. 0.]
 [0. 0. 0. ... 0. 0. 0.]
 ...
 [0. 0. 0. ... 0. 0. 0.]
 [0. 0. 0. ... 0. 0. 0.]
 [0. 0. 0. ... 0. 0. 0.]]
layers.2.weight: [[ 0.         -0.23377669  0.          0.          0.          0.
   0.          0.          0.          0.          0.          0.
   0.          0.          0.          0.          0.          0.
   0.          0.          0.          0.          0.          0.
   0.          0.          0.          0.          0.          0.
   0.          0.        ]]

Final Loss: 0.2528
Distance Metric: 7.0521
L1 norm: 1e-05
L2 norm: 0
Batch size: 16
Clipping: 0
Learning rate: 0.01
data size: 100000
init: 0.2
seed: 2

================================================================================

nonoverlappingCNN_relu -> fcnn_decreasing_sigmoid

Student Model Parameters:
layers.0.weight: [[0. 0. 0. ... 0. 0. 0.]
 [0. 0. 0. ... 0. 0. 0.]
 [0. 0. 0. ... 0. 0. 0.]
 ...
 [0. 0. 0. ... 0. 0. 0.]
 [0. 0. 0. ... 0. 0. 0.]
 [0. 0. 0. ... 0. 0. 0.]]
layers.1.weight: [[0.         0.         0.         ... 0.         0.         0.        ]
 [0.         0.         0.         ... 0.         0.         0.        ]
 [0.         0.         0.         ... 0.         0.         0.        ]
 ...
 [0.         0.         0.         ... 0.         0.         0.        ]
 [0.00061719 0.00061624 0.00061801 ... 0.00061645 0.00061641 0.00061766]
 [0.         0.         0.         ... 0.         0.         0.        ]]
layers.2.weight: [[  6.6383142   0.         -0.8639022   0.          0.          0.
    0.          0.          0.        -16.157202    0.          0.
    8.944499    0.          0.         10.646373    0.          0.
    0.          0.         -1.9655899  12.120104    0.          0.
    0.          0.          0.          0.          0.          0.
    3.8259656   0.       ]]

Final Loss: 3.2510
Distance Metric: 64.9785
L1 norm: 1e-05
L2 norm: 0
Batch size: 16
Clipping: 0
Learning rate: 0.01
data size: 100000
init: 0.2
seed: 2

================================================================================

nonoverlappingCNN_relu -> fcnn_decreasing_relu

Student Model Parameters:
layers.0.weight: [[0. 0. 0. ... 0. 0. 0.]
 [0. 0. 0. ... 0. 0. 0.]
 [0. 0. 0. ... 0. 0. 0.]
 ...
 [0. 0. 0. ... 0. 0. 0.]
 [0. 0. 0. ... 0. 0. 0.]
 [0. 0. 0. ... 0. 0. 0.]]
layers.1.weight: [[0. 0. 0. ... 0. 0. 0.]
 [0. 0. 0. ... 0. 0. 0.]
 [0. 0. 0. ... 0. 0. 0.]
 ...
 [0. 0. 0. ... 0. 0. 0.]
 [0. 0. 0. ... 0. 0. 0.]
 [0. 0. 0. ... 0. 0. 0.]]
layers.2.weight: [[ 0.          0.          0.          0.          0.          0.
   0.          0.          0.          1.0774356   0.          0.
   0.          0.         -0.85569376  0.          0.          0.
   0.          0.          0.          0.          0.          0.
   0.          0.          0.          0.          0.          0.
   0.          0.        ]]

Final Loss: 0.0002
Distance Metric: 8.7161
L1 norm: 1e-05
L2 norm: 0
Batch size: 16
Clipping: 0
Learning rate: 0.01
data size: 100000
init: 0.2
seed: 2

================================================================================

nonoverlappingCNN_relu -> fcnn_decreasing_tanh

Student Model Parameters:
layers.0.weight: [[ 0.0306391   0.02333293 -0.03539187 ... -0.09858891  0.02550923
  -0.06623999]
 [ 0.          0.          0.         ...  0.          0.
   0.        ]
 [ 0.          0.          0.         ...  0.          0.
   0.        ]
 ...
 [ 0.          0.          0.         ...  0.          0.
   0.        ]
 [ 0.          0.          0.         ...  0.          0.
   0.        ]
 [ 0.          0.          0.         ...  0.          0.
   0.        ]]
layers.1.weight: [[ 0.         0.         0.        ...  0.         0.         0.       ]
 [ 0.         0.         0.        ...  0.         0.         0.       ]
 [ 0.         0.         0.        ...  0.         0.         0.       ]
 ...
 [ 0.         0.         0.        ...  0.         0.         0.       ]
 [ 0.         0.         0.        ...  0.         0.         0.       ]
 [-0.6674052  0.         0.        ...  0.         0.         0.       ]]
layers.2.weight: [[ 0.          0.          0.          0.         -0.35881945  0.
   0.          0.          0.          0.          0.          0.
   1.0991161   0.          0.          0.          0.          0.39255795
   0.          0.          0.          0.          0.          0.
   0.          0.         -1.3393303   0.         -1.0411774   0.
   0.          1.3122499 ]]

Final Loss: 3.4926
Distance Metric: 44.1603
L1 norm: 1e-05
L2 norm: 0
Batch size: 16
Clipping: 0
Learning rate: 0.01
data size: 100000
init: 0.2
seed: 2

================================================================================

nonoverlappingCNN_tanh -> fcnn_decreasing_sigmoid

Student Model Parameters:
layers.0.weight: [[0. 0. 0. ... 0. 0. 0.]
 [0. 0. 0. ... 0. 0. 0.]
 [0. 0. 0. ... 0. 0. 0.]
 ...
 [0. 0. 0. ... 0. 0. 0.]
 [0. 0. 0. ... 0. 0. 0.]
 [0. 0. 0. ... 0. 0. 0.]]
layers.1.weight: [[0. 0. 0. ... 0. 0. 0.]
 [0. 0. 0. ... 0. 0. 0.]
 [0. 0. 0. ... 0. 0. 0.]
 ...
 [0. 0. 0. ... 0. 0. 0.]
 [0. 0. 0. ... 0. 0. 0.]
 [0. 0. 0. ... 0. 0. 0.]]
layers.2.weight: [[-0.2808844  -0.3561388  -0.4272115  -0.48022524 -0.3165195  -0.31686375
  -0.28941905 -0.45459387 -0.28541687 -0.47064263 -0.43176234 -0.31875092
  -0.3105767  -0.25751534 -0.30986094 -0.2619924  -0.4823074  -0.49707407
  -0.25060868 -0.34958628 -0.39736634 -0.37641233 -0.4715839  -0.38060224
  -0.38783038 -0.44362178 -0.5004415  -0.24266258 -0.27612525 -0.2679828
  -0.4915605  -0.3349501 ]]

Final Loss: 0.3665
Distance Metric: 9.0281
L1 norm: 1e-05
L2 norm: 0
Batch size: 16
Clipping: 0
Learning rate: 0.01
data size: 100000
init: 0.2
seed: 2

================================================================================

nonoverlappingCNN_tanh -> fcnn_decreasing_relu

Student Model Parameters:
layers.0.weight: [[ 0.          0.          0.         ...  0.          0.
   0.        ]
 [-0.161289   -0.05236458  0.00885543 ...  0.1763055   0.0399854
  -0.08154679]
 [ 0.          0.          0.         ...  0.          0.
   0.        ]
 ...
 [ 0.          0.          0.         ...  0.          0.
   0.        ]
 [ 0.          0.          0.         ...  0.          0.
   0.        ]
 [ 0.          0.          0.         ...  0.          0.
   0.        ]]
layers.1.weight: [[0.         0.         0.         ... 0.         0.         0.        ]
 [0.         0.         0.         ... 0.         0.         0.        ]
 [0.         0.         0.         ... 0.         0.         0.        ]
 ...
 [0.         0.00500443 0.         ... 0.         0.         0.        ]
 [0.         0.         0.         ... 0.         0.         0.        ]
 [0.         0.04637305 0.         ... 0.         0.         0.        ]]
layers.2.weight: [[ 0.          0.          0.          0.          0.          0.22026627
   0.          0.          0.          0.         -0.619415    0.
   0.          0.          0.          0.1734673   0.2691253   0.21736154
   0.          0.          0.          0.34946722 -0.23087952 -0.96391076
   0.37809253 -0.25358972  0.          0.          0.3895759   0.35513872
   0.         -0.9914237 ]]

Final Loss: 0.1937
Distance Metric: 14.1852
L1 norm: 1e-05
L2 norm: 0
Batch size: 16
Clipping: 0
Learning rate: 0.01
data size: 100000
init: 0.2
seed: 2

================================================================================

nonoverlappingCNN_tanh -> fcnn_decreasing_tanh

Student Model Parameters:
layers.0.weight: [[0. 0. 0. ... 0. 0. 0.]
 [0. 0. 0. ... 0. 0. 0.]
 [0. 0. 0. ... 0. 0. 0.]
 ...
 [0. 0. 0. ... 0. 0. 0.]
 [0. 0. 0. ... 0. 0. 0.]
 [0. 0. 0. ... 0. 0. 0.]]
layers.1.weight: [[0. 0. 0. ... 0. 0. 0.]
 [0. 0. 0. ... 0. 0. 0.]
 [0. 0. 0. ... 0. 0. 0.]
 ...
 [0. 0. 0. ... 0. 0. 0.]
 [0. 0. 0. ... 0. 0. 0.]
 [0. 0. 0. ... 0. 0. 0.]]
layers.2.weight: [[ 0.          0.          0.         -0.49061945  0.          0.
   0.3686431   0.          0.          0.          0.          0.
   0.          0.          0.          0.          0.          0.
   0.          0.          0.36285958  0.          0.          0.
   0.          0.          0.          0.          0.          0.
  -0.47616336  0.        ]]

Final Loss: 0.0004
Distance Metric: 11.4307
L1 norm: 1e-05
L2 norm: 0
Batch size: 16
Clipping: 0
Learning rate: 0.01
data size: 100000
init: 0.2
seed: 2

================================================================================

