Experiment Summary:
================================================================================

Teacher Model Parameters:
layers.0.weight: [[[ 2.59 -2.83  0.87]]]
layers.1.weight: [[[-1.38  1.29]]]
layers.2.weight: [[[ 0.86 -0.84]]]

================================================================================

nonoverlappingCNN_sigmoid -> fcnn_decreasing_sigmoid

Student Model Parameters:
layers.0.weight: [[ 0.00202904 -0.02454716  0.0110672  ...  0.00157626  0.00509898
   0.03284523]
 [-0.00904025 -0.02688724  0.00093338 ...  0.04479872 -0.03393676
   0.02714155]
 [-0.02272886  0.02010609 -0.00813786 ... -0.01371501 -0.01276757
  -0.01622944]
 ...
 [ 0.05365376 -0.07284263  0.02147328 ...  0.06588953 -0.04954253
   0.00897567]
 [ 0.04300896 -0.04851038  0.02738981 ...  0.01446514 -0.01134154
   0.01240627]
 [ 0.0355484   0.00595712 -0.00433515 ...  0.00750787 -0.02352896
  -0.0197749 ]]
layers.1.weight: [[-0.00161453  0.0074516   0.00260256 ... -0.00761825 -0.00763748
   0.02151204]
 [ 0.0027324  -0.02830399 -0.02068825 ... -0.03688239  0.01026092
   0.003005  ]
 [-0.00095231  0.00375006 -0.0243669  ... -0.03036704  0.01609011
  -0.00474033]
 ...
 [-0.01537403  0.03737293 -0.00363929 ...  0.02572902  0.01182103
  -0.00346139]
 [ 0.02208422  0.01270594  0.01841152 ...  0.02301555 -0.01600859
  -0.00716003]
 [-0.01173623  0.00548266 -0.02701436 ...  0.00863081 -0.00969014
  -0.01934475]]
layers.2.weight: [[ 0.05236163  0.1894356   0.09477308 -0.41214633  0.23272131  0.20888555
   0.03687593  0.32442588 -0.29846272  0.32110935 -0.36721194 -0.4004965
  -0.33116543  0.01645768  0.09523571  0.14356588  0.23617311  0.29091537
   0.18829772 -0.28822216  0.04451599  0.28990874  0.31827664  0.0478351
  -0.36033547  0.20417307  0.29781333 -0.15306911 -0.45384493 -0.1851559
  -0.01442384 -0.21800075]]

Final Loss: 0.0028
Distance Metric: 11.2668
L1 norm: 1e-05
L2 norm: 0
Batch size: 16
Clipping: 0
Learning rate: 0.01
data size: 5120
init: 0.2
seed: 2

================================================================================

nonoverlappingCNN_sigmoid -> fcnn_decreasing_relu

Student Model Parameters:
layers.0.weight: [[ 0.04943342 -0.14850271  0.17122306 ... -0.10371739 -0.04826797
   0.08521167]
 [-0.05349943  0.05918126  0.02584572 ...  0.11943178 -0.13960738
   0.06741069]
 [ 0.1388884  -0.06250414  0.06612101 ...  0.24336143  0.07111559
   0.04509331]
 ...
 [-0.13805258  0.04252619 -0.05428129 ...  0.04619264 -0.00098147
   0.06346708]
 [-0.02531447 -0.08129694  0.07508514 ...  0.09726532 -0.06459329
   0.04505795]
 [ 0.13335608 -0.01663889 -0.0453275  ... -0.02065454 -0.09807058
   0.03162239]]
layers.1.weight: [[-0.04036099  0.0501232  -0.01095986 ...  0.00296243  0.10478123
  -0.15235296]
 [-0.03324646 -0.00658737  0.02860901 ...  0.09306727 -0.11777908
  -0.10058611]
 [-0.04900602 -0.07026365 -0.0285056  ...  0.05730976 -0.03610304
  -0.06808641]
 ...
 [ 0.14550823  0.00263516  0.05755933 ... -0.06104089 -0.06331908
  -0.03065794]
 [ 0.02831072 -0.06168934 -0.05816435 ...  0.07804541 -0.01725228
   0.01104377]
 [ 0.081498    0.13406071 -0.01513299 ...  0.03000461  0.01966758
   0.0740737 ]]
layers.2.weight: [[ 0.4948956  -0.6787187  -0.52311724 -0.7018835   0.39044517 -0.6642198
   0.6885544   0.36490074  0.29408586  0.7076199   0.40772575 -0.67089456
  -0.74030393  0.5445222  -0.67344576  0.52633417 -0.68028784  0.5378269
  -0.508389    0.2834392   0.36154458  0.4903622   0.2582438  -0.39790642
  -0.54809344  0.36250836 -0.607077    0.3052693   0.40609884 -0.6813168
  -0.6529758  -0.6568537 ]]

Final Loss: 0.0083
Distance Metric: 21.0092
L1 norm: 1e-05
L2 norm: 0
Batch size: 16
Clipping: 0
Learning rate: 0.01
data size: 5120
init: 0.2
seed: 2

================================================================================

nonoverlappingCNN_sigmoid -> fcnn_decreasing_tanh

Student Model Parameters:
layers.0.weight: [[ 0.29900768  0.39115238  0.08693651 ...  0.15699612 -0.5412537
  -0.4733784 ]
 [ 1.1422834   0.60070354  0.2681522  ...  0.24360934  0.59976906
  -0.5703516 ]
 [ 2.939468    1.4622864   0.8232559  ...  3.859508    0.73142564
   2.8213181 ]
 ...
 [ 0.08435652  1.5702937   0.91202205 ...  0.66702217 -0.13438809
  -0.78402233]
 [-0.3465523  -0.44052026  0.3642507  ... -0.03250653 -0.16844231
   0.16939019]
 [-0.15372886 -0.44476664  0.17445818 ...  0.27186546 -0.26486084
   0.0436138 ]]
layers.1.weight: [[ 0.00190562  0.07120907  0.01461294 ...  0.136176   -0.03467368
  -0.07057473]
 [ 0.09295258 -0.38653696 -0.6663206  ...  0.48772353 -0.23298594
   0.2185801 ]
 [ 0.10072426 -0.571526    1.6076633  ...  0.98860586  0.25124946
   0.066166  ]
 ...
 [ 0.14357224 -0.04057984  0.07363688 ... -0.12197683 -0.21871139
  -0.135222  ]
 [-0.0093411  -0.08354034 -0.35073838 ...  0.19312732  0.11080088
   0.00458732]
 [-0.17617945  0.67506003 -0.8038639  ...  0.05454871  0.02246696
  -0.06615206]]
layers.2.weight: [[-0.22143623 -0.40623006 -0.4339704   0.26434413 -0.3325571  -0.30453947
  -0.23797661  0.4325831   0.34531778 -0.4602225   0.2873261   0.32224807
   0.44946387  0.34422076 -0.34298027 -0.47167093  0.10311478 -0.36406976
  -0.5455954   0.3406203  -0.47583517 -0.24974558  0.28852707  0.01549122
  -0.33648196 -0.38530228 -0.25236812 -0.19795986  0.32040334 -0.34680238
   0.31464013 -0.4478383 ]]

Final Loss: 0.0308
Distance Metric: 78.6786
L1 norm: 1e-05
L2 norm: 0
Batch size: 16
Clipping: 0
Learning rate: 0.01
data size: 5120
init: 0.2
seed: 2

================================================================================

nonoverlappingCNN_relu -> fcnn_decreasing_sigmoid

Student Model Parameters:
layers.0.weight: [[-0.00592893 -0.04485909 -0.02391507 ...  0.04164144 -0.05284583
   0.03457375]
 [-0.07827213  0.05787807 -0.06252027 ...  0.04945033  0.05830164
  -0.03385873]
 [-0.02025263 -0.00675276 -0.00095397 ...  0.02273707  0.01962273
   0.01655341]
 ...
 [-0.02475892  0.00994831 -0.06678955 ...  0.00316419  0.01836571
  -0.01799871]
 [-0.01864037 -0.04852002 -0.01742556 ...  0.04763975  0.02709976
   0.00757536]
 [ 0.02754705 -0.09001587 -0.04159658 ...  0.02023538  0.00773286
   0.0420388 ]]
layers.1.weight: [[-0.0115606   0.04287449 -0.00810121 ... -0.01100615 -0.0043064
   0.01567632]
 [ 0.00725026  0.00855789  0.0311135  ...  0.00014486 -0.005856
   0.00299112]
 [ 0.00938651  0.08240043  0.00422198 ...  0.04316508  0.02453276
   0.00116484]
 ...
 [ 0.0055628  -0.02358531  0.0192943  ... -0.02799775 -0.00134911
   0.00602841]
 [-0.00736813  0.03853583  0.01528201 ... -0.00696674 -0.04221322
  -0.00686204]
 [-0.00240277 -0.0179613  -0.02793167 ...  0.01841498 -0.03507831
  -0.04861493]]
layers.2.weight: [[ 1.272582    2.1903343   3.2870944   2.5580878   3.4396944   0.04772399
   0.63180983  3.9378004  -0.22388807  0.7504993   0.82919675 -4.9338455
   2.1625779   3.6828482  -3.510001    0.90580386  3.217129    1.8376226
   3.3628123  -1.3234007   0.8894625  -2.8488443   2.420908   -3.7718766
   1.0172222   0.77993727  0.26445374  1.7710285  -3.269578    0.00874685
  -1.3604748   0.16699944]]

Final Loss: 3.2934
Distance Metric: 50.4319
L1 norm: 1e-05
L2 norm: 0
Batch size: 16
Clipping: 0
Learning rate: 0.01
data size: 5120
init: 0.2
seed: 2

================================================================================

nonoverlappingCNN_relu -> fcnn_decreasing_relu

Student Model Parameters:
layers.0.weight: [[-0.00538779 -0.0063841  -0.01906357 ...  0.0073621  -0.00182021
   0.00279633]
 [ 0.00325333  0.00381659 -0.00078401 ... -0.00265564 -0.00932705
   0.00066824]
 [-0.32031286  0.30281767 -0.07301665 ... -0.00184276  0.08613677
   0.01382749]
 ...
 [-0.02995131  0.00414677 -0.01344221 ... -0.04089514  0.02288862
  -0.02217631]
 [ 0.01202817 -0.0121016   0.02158994 ... -0.02940782  0.03001301
  -0.02619017]
 [-0.02028104  0.05018235  0.0305941  ...  0.0674852  -0.0890576
  -0.02806168]]
layers.1.weight: [[ 0.00394577  0.00188484  0.00253244 ...  0.05335728  0.06434233
  -0.00051069]
 [ 0.03981636 -0.00379942 -0.0549461  ...  0.04223083 -0.03520352
  -0.05732565]
 [-0.00812056 -0.01249179 -0.0553783  ... -0.00713268  0.00984957
   0.02655037]
 ...
 [ 0.01292896  0.00468718  0.06168925 ...  0.02199132 -0.04554472
  -0.03713707]
 [-0.01970582 -0.0256407  -0.03999178 ... -0.00817871  0.04631906
   0.020466  ]
 [ 0.03324677 -0.08683271 -0.02430421 ...  0.05617757  0.06204613
  -0.1618199 ]]
layers.2.weight: [[-0.22607231  0.17217197 -0.6215433   0.09194721  0.35067394 -0.05526289
   0.12934503 -0.87558407  0.06490388  0.06225301 -0.23530303 -0.4946586
   0.17591394  0.15296592  0.32136407 -0.25717208  0.18068008  0.05508486
   0.1934054   0.29701257 -0.63492334 -0.1159035  -0.5459377  -0.57445866
   0.06244069  0.09169962  0.6586539  -0.3373634   0.53384924 -0.20468384
   0.22018711 -0.0289859 ]]

Final Loss: 0.0059
Distance Metric: 16.8949
L1 norm: 1e-05
L2 norm: 0
Batch size: 16
Clipping: 0
Learning rate: 0.01
data size: 5120
init: 0.2
seed: 2

================================================================================

nonoverlappingCNN_relu -> fcnn_decreasing_tanh

Student Model Parameters:
layers.0.weight: [[ 0.24433482 -0.12459172  0.12866741 ...  0.22914574 -0.10037193
   0.06477469]
 [-0.08510616  0.39491573 -0.06764049 ...  0.18923327 -0.07648237
  -0.12875742]
 [ 0.15723465  0.09156051 -0.14650455 ... -0.03710309  0.11766854
   0.05731349]
 ...
 [ 0.01335979  0.14329903 -0.03651206 ...  0.06908474 -0.05063944
  -0.01866816]
 [ 0.48415112 -0.24814811  0.44633898 ... -0.41291344  0.1230159
   0.20698231]
 [-0.5166106   0.06601839  0.46314123 ... -0.5069148  -0.18434489
   0.17414322]]
layers.1.weight: [[ 0.24602398  0.32485187 -0.07442252 ...  0.17743224 -0.47670573
  -0.3230488 ]
 [ 0.05252708 -0.02926384 -0.01488513 ... -0.0133122   0.01135314
   0.02119486]
 [-0.27698058  0.13626203 -0.13982174 ...  0.0163143  -0.00189075
  -0.00102565]
 ...
 [-0.03802767 -0.00919837 -0.04344294 ... -0.02565316 -0.01282976
   0.0354184 ]
 [-0.11477187 -0.01239044 -0.08698925 ... -0.09289601  0.23116843
  -0.27461016]
 [ 0.05249715 -0.09038228  0.01439178 ... -0.01159256 -0.01705423
  -0.3312943 ]]
layers.2.weight: [[-1.2053953e+00  1.1391438e-02  6.3609207e-01 -2.3765841e-01
   5.3354029e-02 -2.1621006e+00 -9.4651738e-03 -9.1194490e-04
  -5.6153778e-03 -1.2036046e-02  4.8487228e-01  1.2224532e+00
  -3.7118670e-02 -3.2895815e+00  1.6552307e-02  2.1667888e+00
   5.1153439e-01 -1.3322193e-02 -5.0073516e-01 -2.5924036e-01
   2.5023671e-03  1.3118708e-02 -2.1027284e-02 -1.4069452e-02
  -2.9530529e-02  1.8219003e-02  1.7404605e-01  6.5765738e-01
   3.4549288e-03 -1.8581213e-01  4.9671152e-01  3.2856987e+00]]

Final Loss: 3.4473
Distance Metric: 67.4089
L1 norm: 1e-05
L2 norm: 0
Batch size: 16
Clipping: 0
Learning rate: 0.01
data size: 5120
init: 0.2
seed: 2

================================================================================

nonoverlappingCNN_tanh -> fcnn_decreasing_sigmoid

Student Model Parameters:
layers.0.weight: [[ 0.00103071 -0.05698803 -0.02600764 ...  0.02022504 -0.06774975
   0.03659505]
 [-0.02001537 -0.05212881 -0.01913268 ...  0.02606687 -0.03090149
   0.02856679]
 [-0.00193953 -0.03608163  0.02765296 ...  0.06830455 -0.02059862
   0.03433087]
 ...
 [-0.04721091 -0.0347058  -0.00742536 ... -0.08781123  0.1128151
   0.00455217]
 [-0.00615494 -0.04832083 -0.00696551 ... -0.00113398 -0.04468793
   0.0320073 ]
 [-0.0055906  -0.02154965 -0.02013546 ... -0.05422252  0.04220828
  -0.0188696 ]]
layers.1.weight: [[-0.02912859 -0.01038062  0.04084603 ... -0.06631654 -0.0439413
  -0.04643411]
 [-0.05791627 -0.03558935  0.02655375 ... -0.04252654 -0.0143581
  -0.0744574 ]
 [-0.03115992 -0.04053641  0.04160662 ... -0.07013594 -0.0222615
  -0.07663532]
 ...
 [ 0.00682717  0.02319831 -0.07048124 ... -0.0168774   0.00405586
   0.04865978]
 [-0.05765657 -0.02549222 -0.05225017 ... -0.03507956 -0.02034604
  -0.01153505]
 [-0.02393088 -0.02398024  0.01626442 ... -0.09293912 -0.01982108
  -0.05478235]]
layers.2.weight: [[-1.3639711  -1.1214194  -1.3520213  -1.5884253  -0.85043496 -1.1429635
  -1.3801367  -1.4699345  -2.7501278  -1.5358659  -1.6014621  -1.4867992
  -1.1293635  -3.9513874  -3.6603594  -0.11561444 -1.1854646  -1.701676
  -1.1919482  -1.1198139  -1.229069   -1.5474614  -1.0732034  -1.4921024
   2.6125822   2.2993908  -2.3049123  -1.5691792   4.5610247   4.6528316
  -0.97815514 -1.1022505 ]]

Final Loss: 0.1989
Distance Metric: 51.4111
L1 norm: 1e-05
L2 norm: 0
Batch size: 16
Clipping: 0
Learning rate: 0.01
data size: 5120
init: 0.2
seed: 2

================================================================================

nonoverlappingCNN_tanh -> fcnn_decreasing_relu

Student Model Parameters:
layers.0.weight: [[ 0.32454515 -0.01760745  0.15322317 ...  0.07047675 -0.0816958
  -0.11756711]
 [-0.00841546 -0.02509969  0.0204678  ... -0.05620403  0.11940687
  -0.04457926]
 [ 0.19223362 -0.260046    0.05896011 ... -0.0105259  -0.01525691
   0.05003775]
 ...
 [ 0.11980039 -0.10172382  0.16676764 ...  0.02408014 -0.03886713
   0.0066553 ]
 [ 0.068571   -0.21159473  0.07351214 ...  0.0707806   0.06519222
  -0.01958688]
 [ 0.02128081 -0.11856167 -0.05777903 ...  0.13962631 -0.10494015
   0.07850203]]
layers.1.weight: [[ 0.06458852  0.07146208  0.05018196 ... -0.15253603  0.00710161
  -0.13407674]
 [ 0.09744668 -0.17878143 -0.02922831 ... -0.0967491   0.06710736
   0.04394802]
 [ 0.12181783 -0.01359776 -0.08358976 ...  0.01895192  0.01170084
  -0.00233753]
 ...
 [-0.07190794 -0.02545374  0.04550472 ... -0.03625977  0.06983519
  -0.00658382]
 [ 0.13520567 -0.00347338 -0.10624621 ... -0.07128102  0.08994349
  -0.13651812]
 [ 0.12655382 -0.03892591 -0.15712453 ...  0.00095947 -0.03275533
  -0.05218429]]
layers.2.weight: [[ 0.6281318  -0.8084767   0.56814575  0.74894595  0.15094903  0.5974207
  -0.47722688 -1.1904718   0.25595766 -0.5620025  -0.18495522 -0.14066564
  -0.6097958  -0.5625426  -0.6319063  -0.6686065   0.8246824  -0.54486775
  -0.86657774 -0.91145986  0.52213025 -0.13251112  0.4162716  -0.9058022
   0.3746036   0.50301754  0.40701112 -0.40122515  0.12403971  0.340937
   0.7013691   0.66821146]]

Final Loss: 0.1959
Distance Metric: 20.2935
L1 norm: 1e-05
L2 norm: 0
Batch size: 16
Clipping: 0
Learning rate: 0.01
data size: 5120
init: 0.2
seed: 2

================================================================================

nonoverlappingCNN_tanh -> fcnn_decreasing_tanh

Student Model Parameters:
layers.0.weight: [[-0.01028411 -0.01831108 -0.02461243 ... -0.00078377 -0.05184062
   0.04125255]
 [-0.24971509  0.31107858 -0.05559011 ...  0.01066308  0.09052811
  -0.0017211 ]
 [-0.08585833  0.0481602  -0.00138928 ...  0.09914551 -0.09190143
   0.03849244]
 ...
 [-0.09493078  0.08138961 -0.01063442 ...  0.004637   -0.00546387
  -0.02540046]
 [ 0.01199645  0.00831669 -0.02989709 ...  0.02083958  0.00748708
  -0.04817713]
 [-0.03194818  0.0489614  -0.03711183 ...  0.00889886  0.00280788
   0.00809751]]
layers.1.weight: [[-0.04172969  0.04205104  0.01784923 ...  0.01293335 -0.02413692
   0.04344122]
 [ 0.03152221 -0.06444789  0.12131237 ...  0.01797393 -0.00782608
  -0.00951734]
 [-0.05113903  0.0030098  -0.02750804 ... -0.00251092  0.04184184
   0.00195532]
 ...
 [-0.00351652  0.00493148  0.030082   ...  0.01433462 -0.02643766
   0.02676645]
 [ 0.03347128  0.01821972  0.03363887 ...  0.01196912 -0.01912574
   0.03600257]
 [-0.02583236  0.02483877 -0.04283409 ... -0.01231664 -0.04475313
   0.04725596]]
layers.2.weight: [[ 0.05203102 -0.3729785   0.1048291   0.09101135 -0.01723369 -0.00628367
   0.05523447  0.0518854   0.03816259  0.01093005 -0.03888339 -0.37145042
  -0.04664297 -0.01612281  0.00665463  0.05586643 -0.02604223  0.45211992
  -0.08910332 -0.05616359 -0.08958198  0.45550558 -0.13032088 -0.10238954
   0.05171046 -0.00148403 -0.14266282 -0.00191903 -0.04654755  0.0182212
  -0.03905787 -0.02378182]]

Final Loss: 0.0045
Distance Metric: 14.0581
L1 norm: 1e-05
L2 norm: 0
Batch size: 16
Clipping: 0
Learning rate: 0.01
data size: 5120
init: 0.2
seed: 2

================================================================================

