Experiment Summary:
================================================================================

Teacher Model Parameters:
layers.0.weight: [[[ 2.59 -2.83  0.87]]]
layers.1.weight: [[[-1.38  1.29]]]
layers.2.weight: [[[ 0.86 -0.84]]]

================================================================================

nonoverlappingCNN_sigmoid -> fcnn_decreasing_sigmoid

Student Model Parameters:
layers.0.weight: [[0. 0. 0. ... 0. 0. 0.]
 [0. 0. 0. ... 0. 0. 0.]
 [0. 0. 0. ... 0. 0. 0.]
 ...
 [0. 0. 0. ... 0. 0. 0.]
 [0. 0. 0. ... 0. 0. 0.]
 [0. 0. 0. ... 0. 0. 0.]]
layers.1.weight: [[0. 0. 0. ... 0. 0. 0.]
 [0. 0. 0. ... 0. 0. 0.]
 [0. 0. 0. ... 0. 0. 0.]
 ...
 [0. 0. 0. ... 0. 0. 0.]
 [0. 0. 0. ... 0. 0. 0.]
 [0. 0. 0. ... 0. 0. 0.]]
layers.2.weight: [[0.00101436 0.00101298 0.00101249 0.00101415 0.00101358 0.00101324
  0.00101397 0.00101295 0.00101371 0.00101346 0.00101432 0.00101251
  0.00101271 0.00101388 0.00101302 0.00101338 0.00101433 0.00101287
  0.00101325 0.00101325 0.00101346 0.00101268 0.00101336 0.00101394
  0.00101273 0.00101319 0.00101418 0.00101246 0.00101274 0.00101315
  0.00101356 0.00101251]]

Final Loss: 0.0026
Distance Metric: 7.0304
L1 norm: 1e-05
L2 norm: 0
Batch size: 16
Clipping: 0
Learning rate: 0.01
data size: 100000
init: 0.2
seed: 3

================================================================================

nonoverlappingCNN_sigmoid -> fcnn_decreasing_relu

Student Model Parameters:
layers.0.weight: [[0. 0. 0. ... 0. 0. 0.]
 [0. 0. 0. ... 0. 0. 0.]
 [0. 0. 0. ... 0. 0. 0.]
 ...
 [0. 0. 0. ... 0. 0. 0.]
 [0. 0. 0. ... 0. 0. 0.]
 [0. 0. 0. ... 0. 0. 0.]]
layers.1.weight: [[0. 0. 0. ... 0. 0. 0.]
 [0. 0. 0. ... 0. 0. 0.]
 [0. 0. 0. ... 0. 0. 0.]
 ...
 [0. 0. 0. ... 0. 0. 0.]
 [0. 0. 0. ... 0. 0. 0.]
 [0. 0. 0. ... 0. 0. 0.]]
layers.2.weight: [[0.28936476 0.         0.         0.         0.         0.
  0.4119601  0.         0.         0.         0.         0.
  0.         0.         0.         0.         0.39324984 0.
  0.27844372 0.         0.         0.         0.6952721  0.
  0.         0.         0.         0.         0.         0.
  0.         0.        ]]

Final Loss: 0.0110
Distance Metric: 9.2320
L1 norm: 1e-05
L2 norm: 0
Batch size: 16
Clipping: 0
Learning rate: 0.01
data size: 100000
init: 0.2
seed: 3

================================================================================

nonoverlappingCNN_sigmoid -> fcnn_decreasing_tanh

Student Model Parameters:
layers.0.weight: [[0. 0. 0. ... 0. 0. 0.]
 [0. 0. 0. ... 0. 0. 0.]
 [0. 0. 0. ... 0. 0. 0.]
 ...
 [0. 0. 0. ... 0. 0. 0.]
 [0. 0. 0. ... 0. 0. 0.]
 [0. 0. 0. ... 0. 0. 0.]]
layers.1.weight: [[0. 0. 0. ... 0. 0. 0.]
 [0. 0. 0. ... 0. 0. 0.]
 [0. 0. 0. ... 0. 0. 0.]
 ...
 [0. 0. 0. ... 0. 0. 0.]
 [0. 0. 0. ... 0. 0. 0.]
 [0. 0. 0. ... 0. 0. 0.]]
layers.2.weight: [[ 0.        -0.1861974  0.         0.         0.         0.
   0.         0.         0.         0.         0.         0.
   0.         0.         0.         0.         0.         0.
   0.         0.         0.         0.         0.         0.
   0.         0.         0.         0.         0.         0.
   0.         0.       ]]

Final Loss: 0.2528
Distance Metric: 6.1053
L1 norm: 1e-05
L2 norm: 0
Batch size: 16
Clipping: 0
Learning rate: 0.01
data size: 100000
init: 0.2
seed: 3

================================================================================

nonoverlappingCNN_relu -> fcnn_decreasing_sigmoid

Student Model Parameters:
layers.0.weight: [[ 0.          0.          0.         ...  0.          0.
   0.        ]
 [ 0.15520293 -0.20368469  0.07404584 ... -2.4445238   2.6302156
  -0.82350975]
 [ 0.          0.          0.         ...  0.          0.
   0.        ]
 ...
 [ 0.          0.          0.         ...  0.          0.
   0.        ]
 [ 0.          0.          0.         ...  0.          0.
   0.        ]
 [ 0.          0.          0.         ...  0.          0.
   0.        ]]
layers.1.weight: [[1.9371370e-04 1.6188719e-04 1.9427472e-04 ... 1.9357828e-04
  1.9322280e-04 1.9397063e-04]
 [0.0000000e+00 0.0000000e+00 0.0000000e+00 ... 0.0000000e+00
  0.0000000e+00 0.0000000e+00]
 [0.0000000e+00 0.0000000e+00 0.0000000e+00 ... 0.0000000e+00
  0.0000000e+00 0.0000000e+00]
 ...
 [1.4047236e-03 5.5837040e+00 1.4032555e-03 ... 1.4032139e-03
  1.4040867e-03 1.4043790e-03]
 [0.0000000e+00 0.0000000e+00 0.0000000e+00 ... 0.0000000e+00
  0.0000000e+00 0.0000000e+00]
 [0.0000000e+00 0.0000000e+00 0.0000000e+00 ... 0.0000000e+00
  0.0000000e+00 0.0000000e+00]]
layers.2.weight: [[-3.3587260e+00 -3.6210765e-04 -3.6201801e-04 -3.6183340e-04
  -2.6715934e+00 -3.6110036e-04 -6.6530228e+00 -3.6048202e-04
  -3.6093162e-04 -3.6019360e-04 -3.6090083e-04 -3.6068028e-04
  -8.6913214e+00 -3.6043135e-04 -3.6029413e-04 -3.6152927e-04
  -3.6138328e-04 -3.6131174e-04 -3.6148881e-04 -3.6089530e-04
  -3.6080691e-04 -3.6056427e-04  1.2886313e+01 -3.6210232e-04
  -3.6137976e-04 -3.6201754e-04 -3.6018377e-04  5.3608470e+00
  -3.6174385e-04  1.3608851e+01 -3.6057335e-04 -3.6057117e-04]]

Final Loss: 3.2927
Distance Metric: 60.1197
L1 norm: 1e-05
L2 norm: 0
Batch size: 16
Clipping: 0
Learning rate: 0.01
data size: 100000
init: 0.2
seed: 3

================================================================================

nonoverlappingCNN_relu -> fcnn_decreasing_relu

Student Model Parameters:
layers.0.weight: [[0. 0. 0. ... 0. 0. 0.]
 [0. 0. 0. ... 0. 0. 0.]
 [0. 0. 0. ... 0. 0. 0.]
 ...
 [0. 0. 0. ... 0. 0. 0.]
 [0. 0. 0. ... 0. 0. 0.]
 [0. 0. 0. ... 0. 0. 0.]]
layers.1.weight: [[0. 0. 0. ... 0. 0. 0.]
 [0. 0. 0. ... 0. 0. 0.]
 [0. 0. 0. ... 0. 0. 0.]
 ...
 [0. 0. 0. ... 0. 0. 0.]
 [0. 0. 0. ... 0. 0. 0.]
 [0. 0. 0. ... 0. 0. 0.]]
layers.2.weight: [[ 0.         0.         0.         0.         0.         0.
   0.         0.         0.         0.         0.         0.
   0.         0.         0.         0.         0.        -1.1552417
   0.         0.         0.         0.         0.         0.
   1.1842072  0.         0.         0.         0.         0.
   0.         0.       ]]

Final Loss: 0.0002
Distance Metric: 8.2869
L1 norm: 1e-05
L2 norm: 0
Batch size: 16
Clipping: 0
Learning rate: 0.01
data size: 100000
init: 0.2
seed: 3

================================================================================

nonoverlappingCNN_relu -> fcnn_decreasing_tanh

Student Model Parameters:
layers.0.weight: [[ 0.3851089  -0.41132087 -0.07511228 ...  0.00267086  0.00439674
   0.00687933]
 [ 0.          0.          0.         ...  0.          0.
   0.        ]
 [ 0.          0.          0.         ...  0.          0.
   0.        ]
 ...
 [ 0.          0.          0.         ...  0.          0.
   0.        ]
 [ 0.          0.          0.         ...  0.          0.
   0.        ]
 [ 0.          0.          0.         ...  0.          0.
   0.        ]]
layers.1.weight: [[0.        0.        0.        ... 0.        0.        0.       ]
 [0.        0.        0.        ... 0.        0.        0.       ]
 [0.        0.        0.        ... 0.        0.        0.       ]
 ...
 [0.        0.        0.        ... 0.        0.        0.       ]
 [0.        0.        0.        ... 0.        0.        0.       ]
 [0.4497684 0.        0.        ... 0.        0.        0.       ]]
layers.2.weight: [[ 0.          0.          0.          0.          0.779886    0.42277062
   0.          0.          0.         -0.88323265 -1.4787465   0.
   0.          0.          0.          0.          0.          0.
   0.         -0.33516166  0.          0.          0.          0.
   0.          0.          0.          0.          0.          0.
   0.         -1.4446812 ]]

Final Loss: 3.5367
Distance Metric: 46.0212
L1 norm: 1e-05
L2 norm: 0
Batch size: 16
Clipping: 0
Learning rate: 0.01
data size: 100000
init: 0.2
seed: 3

================================================================================

nonoverlappingCNN_tanh -> fcnn_decreasing_sigmoid

Student Model Parameters:
layers.0.weight: [[0. 0. 0. ... 0. 0. 0.]
 [0. 0. 0. ... 0. 0. 0.]
 [0. 0. 0. ... 0. 0. 0.]
 ...
 [0. 0. 0. ... 0. 0. 0.]
 [0. 0. 0. ... 0. 0. 0.]
 [0. 0. 0. ... 0. 0. 0.]]
layers.1.weight: [[0. 0. 0. ... 0. 0. 0.]
 [0. 0. 0. ... 0. 0. 0.]
 [0. 0. 0. ... 0. 0. 0.]
 ...
 [0. 0. 0. ... 0. 0. 0.]
 [0. 0. 0. ... 0. 0. 0.]
 [0. 0. 0. ... 0. 0. 0.]]
layers.2.weight: [[-0.37602842 -0.49653652 -0.37537253 -0.45100853 -0.43900642 -0.3085062
  -0.431973   -0.3896267  -0.4737074  -0.36115444 -0.28480673 -0.47203338
  -0.43730155 -0.36306107 -0.31015655 -0.44216287 -0.41854864 -0.30905458
  -0.38873953 -0.42499012 -0.29148117 -0.51728696 -0.34981105 -0.4591221
  -0.38403064 -0.24108773 -0.33269715 -0.44293657 -0.33915338 -0.3636854
  -0.48088896 -0.43860322]]

Final Loss: 0.3672
Distance Metric: 9.1560
L1 norm: 1e-05
L2 norm: 0
Batch size: 16
Clipping: 0
Learning rate: 0.01
data size: 100000
init: 0.2
seed: 3

================================================================================

nonoverlappingCNN_tanh -> fcnn_decreasing_relu

Student Model Parameters:
layers.0.weight: [[ 0.0000000e+00  0.0000000e+00  0.0000000e+00 ...  0.0000000e+00
   0.0000000e+00  0.0000000e+00]
 [ 0.0000000e+00  0.0000000e+00  0.0000000e+00 ...  0.0000000e+00
   0.0000000e+00  0.0000000e+00]
 [ 0.0000000e+00  0.0000000e+00  0.0000000e+00 ...  0.0000000e+00
   0.0000000e+00  0.0000000e+00]
 ...
 [ 0.0000000e+00  0.0000000e+00  0.0000000e+00 ...  0.0000000e+00
   0.0000000e+00  0.0000000e+00]
 [-1.2818740e-01 -3.5669884e-01 -3.6031276e-03 ...  7.6174743e-02
   4.4951431e-02  4.1455580e-03]
 [-2.2591003e-03 -6.7672357e-03  6.8523614e-03 ...  1.3242458e-04
  -2.5054703e-02  3.3881096e-03]]
layers.1.weight: [[0.         0.         0.         ... 0.         0.         0.        ]
 [0.         0.         0.         ... 0.         0.         0.        ]
 [0.         0.         0.         ... 0.         0.         0.        ]
 ...
 [0.         0.         0.         ... 0.         0.         0.        ]
 [0.         0.         0.         ... 0.         0.         0.        ]
 [0.         0.         0.         ... 0.         0.0584835  0.03466333]]
layers.2.weight: [[ 0.          0.          0.         -0.26112744  0.          0.39688385
   0.         -0.25511473  0.2286292   0.26234046  0.          0.
   0.          0.         -0.88094133 -0.14975269  0.34161666  0.
   0.          0.          0.28707466  0.1710402   0.39146706  0.
   0.          0.          0.          0.         -0.8681776   0.
   0.         -0.63835007]]

Final Loss: 0.1950
Distance Metric: 14.0225
L1 norm: 1e-05
L2 norm: 0
Batch size: 16
Clipping: 0
Learning rate: 0.01
data size: 100000
init: 0.2
seed: 3

================================================================================

nonoverlappingCNN_tanh -> fcnn_decreasing_tanh

Student Model Parameters:
layers.0.weight: [[0. 0. 0. ... 0. 0. 0.]
 [0. 0. 0. ... 0. 0. 0.]
 [0. 0. 0. ... 0. 0. 0.]
 ...
 [0. 0. 0. ... 0. 0. 0.]
 [0. 0. 0. ... 0. 0. 0.]
 [0. 0. 0. ... 0. 0. 0.]]
layers.1.weight: [[0. 0. 0. ... 0. 0. 0.]
 [0. 0. 0. ... 0. 0. 0.]
 [0. 0. 0. ... 0. 0. 0.]
 ...
 [0. 0. 0. ... 0. 0. 0.]
 [0. 0. 0. ... 0. 0. 0.]
 [0. 0. 0. ... 0. 0. 0.]]
layers.2.weight: [[ 0.          0.          0.          0.          0.          0.
   0.          0.          0.          0.          0.          0.36837095
  -0.84238225  0.          0.          0.          0.          0.
   0.          0.          0.          0.          0.          0.
   0.          0.          0.         -0.49055097  0.          0.
   0.          0.        ]]

Final Loss: 0.0003
Distance Metric: 10.1026
L1 norm: 1e-05
L2 norm: 0
Batch size: 16
Clipping: 0
Learning rate: 0.01
data size: 100000
init: 0.2
seed: 3

================================================================================

