Experiment Summary:
================================================================================

Teacher Model Parameters:
layers.0.weight: [[[ 2.59 -2.83  0.87]]]
layers.1.weight: [[[-1.38  1.29]]]
layers.2.weight: [[[ 0.86 -0.84]]]

================================================================================

nonoverlappingCNN_sigmoid -> fcnn_decreasing_sigmoid

Student Model Parameters:
layers.0.weight: [[ 0.00325123 -0.02595025 -0.01029235 ... -0.01698799 -0.01256207
   0.00795181]
 [ 0.09291165 -0.08775036  0.0398435  ...  0.07420813 -0.05420168
  -0.00047807]
 [-0.0197366   0.00778887  0.00063389 ... -0.01901628 -0.0020731
  -0.03445596]
 ...
 [-0.05571996  0.05967215 -0.00999595 ... -0.043058    0.06904887
  -0.03658845]
 [-0.01843103  0.04479015 -0.01178477 ... -0.02392742  0.00613237
  -0.03482255]
 [ 0.01956069  0.00937492  0.02950196 ...  0.01994884 -0.03123409
   0.02416621]]
layers.1.weight: [[-0.00148103 -0.00654991 -0.02752892 ...  0.01953522  0.00351763
   0.01536462]
 [-0.02372436 -0.06342049 -0.01495202 ...  0.01579344  0.01310768
  -0.03530571]
 [-0.00614421  0.0727712   0.01544906 ... -0.06486348 -0.00045984
   0.        ]
 ...
 [ 0.01442186  0.01403137 -0.01083686 ... -0.00987265 -0.02852762
   0.00096006]
 [-0.02452626 -0.01327902 -0.02068227 ... -0.01356263  0.00212311
  -0.02658733]
 [-0.01761993  0.02847889 -0.00152911 ... -0.01223809 -0.02668878
   0.02833493]]
layers.2.weight: [[ 0.01260394  0.3365832  -0.41554993 -0.10571619 -0.08888463 -0.1487418
  -0.09753694 -0.17564806 -0.40098658  0.01405675 -0.01416739 -0.06979456
  -0.39816764 -0.23594576  0.22358395 -0.05969389  0.32689124 -0.1330412
   0.4663085   0.1339463   0.46751288  0.15505436  0.05622852 -0.24318302
   0.28274176 -0.47940484  0.26157707  0.18886082  0.37251022 -0.159508
   0.02411783 -0.01596827]]

Final Loss: 0.0027
Distance Metric: 11.1124
L1 norm: 1e-05
L2 norm: 0
Batch size: 16
Clipping: 0
Learning rate: 0.01
data size: 5120
init: 0.2
seed: 1

================================================================================

nonoverlappingCNN_sigmoid -> fcnn_decreasing_relu

Student Model Parameters:
layers.0.weight: [[ 0.06818108 -0.14550754  0.06793823 ...  0.10666964  0.21592718
  -0.01570401]
 [ 0.1567022   0.0345711   0.17082593 ... -0.05675284 -0.11808932
  -0.03777431]
 [-0.00503825 -0.04157999 -0.09009252 ... -0.09385648  0.00920393
  -0.10737135]
 ...
 [-0.03726906 -0.05999936 -0.21395868 ... -0.05774489  0.13566828
   0.0030792 ]
 [ 0.07570668  0.02848293 -0.00034021 ...  0.08655678 -0.05116091
  -0.08345497]
 [-0.0172919  -0.09240019 -0.0899911  ... -0.02328606  0.08350287
   0.17867444]]
layers.1.weight: [[-0.00803474  0.0326339   0.01061119 ...  0.02600557 -0.0453463
  -0.04088988]
 [ 0.08473945  0.08697026  0.00953187 ...  0.09608605  0.02263569
   0.03968999]
 [-0.05336257 -0.02129593  0.02957544 ...  0.01753456 -0.08398262
   0.06547584]
 ...
 [-0.02272967 -0.07680349 -0.00055054 ...  0.12348736 -0.06314395
   0.03198903]
 [ 0.12095419 -0.10219721 -0.04144739 ... -0.00320142 -0.0454222
  -0.01362146]
 [ 0.0171376   0.10085261 -0.09163751 ... -0.08804866  0.0048857
  -0.04598185]]
layers.2.weight: [[-0.34734628  0.38519707  0.28837198 -0.9093806  -0.8031088  -0.49007684
  -0.4337795  -0.6091461   0.6338508   0.29403755 -0.6252056   0.49392357
  -0.3248259   0.3199022   0.36020592 -0.5276047  -0.59336746  0.62177515
   0.39067602 -0.6206461  -0.7081598   0.48198232  0.2887634  -0.7731039
  -0.88206863  0.29390875 -0.58201826 -0.40154502 -0.95170987 -0.8390261
   0.34865284 -0.6517002 ]]

Final Loss: 0.0083
Distance Metric: 21.3303
L1 norm: 1e-05
L2 norm: 0
Batch size: 16
Clipping: 0
Learning rate: 0.01
data size: 5120
init: 0.2
seed: 1

================================================================================

nonoverlappingCNN_sigmoid -> fcnn_decreasing_tanh

Student Model Parameters:
layers.0.weight: [[ 3.05704594e+00  4.15877670e-01 -3.03327370e+00 ... -2.56808192e-01
  -2.27726415e-01 -5.50096941e+00]
 [-2.93719947e-01 -1.93009805e-02 -1.74278051e-01 ... -1.08535327e-01
  -6.95049614e-02  1.62290081e-01]
 [ 1.14790135e-04 -4.35297102e-01  1.66204953e+00 ...  5.93826413e-01
  -2.11172104e-01 -7.68473446e-01]
 ...
 [ 2.21133038e-01  5.00255764e-01 -9.63988826e-02 ... -8.10084283e-01
   2.68752694e-01 -4.92475599e-01]
 [ 6.98625147e-02 -1.67985216e-01 -8.49638805e-02 ... -2.56887153e-02
  -9.36873555e-02  4.46476117e-02]
 [ 2.17274174e-01 -1.38426632e-01  9.91224349e-02 ... -2.21538525e-02
   2.83496454e-02  1.02065559e-02]]
layers.1.weight: [[-1.2398134   0.23387793 -0.5437706  ... -0.31786275  0.10649718
  -0.00423299]
 [-0.26017126  0.05573565  0.08811413 ... -0.06635406 -0.02115073
  -0.05356656]
 [ 0.773349   -0.00770817  0.47186908 ...  0.1302133  -0.07571748
  -0.10246468]
 ...
 [-0.16584602 -0.10643277  0.12572256 ... -0.06130534 -0.0241257
   0.04585993]
 [-1.4478747  -0.01547843  0.10391682 ...  0.12580088  0.01440461
  -0.09370729]
 [-0.11383156 -0.08337743 -0.23554036 ...  0.12119243 -0.02397581
   0.01307063]]
layers.2.weight: [[-0.36452752 -0.3093502  -0.3305459   0.33455765 -0.41942808 -0.319028
  -0.08504135  0.14824764  0.3201235  -0.23883128 -0.31051558  0.23007531
   0.52405614 -0.41090676 -0.2544402  -0.2783123  -0.37381494  0.26890162
  -0.18185855  0.46334302  0.387834   -0.52343726  0.42779386 -0.37449476
  -0.35507953 -0.26533076  0.5393258   0.27970824 -0.34133348  0.2103081
  -0.34813395  0.30357015]]

Final Loss: 0.0313
Distance Metric: 85.9466
L1 norm: 1e-05
L2 norm: 0
Batch size: 16
Clipping: 0
Learning rate: 0.01
data size: 5120
init: 0.2
seed: 1

================================================================================

nonoverlappingCNN_relu -> fcnn_decreasing_sigmoid

Student Model Parameters:
layers.0.weight: [[ 2.72129215e-02  1.58166718e-02  1.57389715e-02 ...  3.96742225e-02
  -1.05071209e-01  5.93182519e-02]
 [ 1.84535217e-02  1.61337145e-02 -2.20600772e-03 ...  7.37517849e-02
  -9.09759179e-02  1.98574457e-02]
 [-4.74288046e-01  2.10952416e-01 -2.12076917e-01 ... -1.23739910e+00
   2.01077533e+00 -4.24081475e-01]
 ...
 [ 2.35265885e-02 -2.50163060e-02  1.47814723e-02 ...  1.37143712e-02
  -8.11981969e-03 -2.53543761e-02]
 [-5.19730747e-02 -9.82049331e-02  3.45081184e-03 ...  3.47721926e-03
  -8.69966461e-04  2.18916535e-02]
 [ 1.90281883e-01 -3.03397506e-01  4.44913246e-02 ... -4.03807089e-02
   1.00412406e-01 -8.00272524e-02]]
layers.1.weight: [[ 1.0454444e-02 -1.4798321e-02 -9.0960735e-01 ...  1.8119872e-02
   3.7946142e-02  7.5878836e-02]
 [ 4.5983135e-03 -4.3555342e-02  1.2075190e-01 ...  1.4760027e-02
  -2.7346127e-02  9.7836934e-02]
 [-1.6403448e-02 -1.6628746e-02 -1.2454775e-01 ...  1.5530452e-02
  -3.1641323e-02  6.2867501e-03]
 ...
 [ 3.8875337e-03 -1.9309921e-02 -7.8589863e-01 ...  1.4298414e-02
   3.8587667e-02  6.2486660e-02]
 [-2.2863099e-02 -2.8255582e-02 -1.2169180e+00 ...  2.9683035e-02
   7.2378762e-02  8.8784948e-02]
 [-8.8687232e-03  2.9581487e-02 -5.9740847e-01 ... -7.3251687e-04
   5.7345103e-02  5.1924273e-02]]
layers.2.weight: [[ 2.8859367  -1.8662131   0.22157934  2.7652636  -1.5557836  -0.7509026
   0.6112734   4.0554624  -1.9215428  -1.4652014   3.7703319   2.3717513
   0.69963604  5.128828   -2.923328    2.6431808   0.2814713  -1.7815709
   0.1192119   3.0975137   4.0215783  -1.6907495  -5.4689837   0.9575079
   1.299241    2.0314524  -1.5258298   1.390307   -1.6314877   2.5429912
   3.6893685   1.924332  ]]

Final Loss: 3.3592
Distance Metric: 51.6813
L1 norm: 1e-05
L2 norm: 0
Batch size: 16
Clipping: 0
Learning rate: 0.01
data size: 5120
init: 0.2
seed: 1

================================================================================

nonoverlappingCNN_relu -> fcnn_decreasing_relu

Student Model Parameters:
layers.0.weight: [[-0.01024995  0.00915553 -0.00795871 ...  0.08914633 -0.10621201
   0.01199307]
 [-0.04660979  0.09682149 -0.04506923 ... -0.06545378  0.02546741
   0.01135831]
 [ 0.00914493  0.0236994   0.01432542 ... -0.01912199 -0.00702435
   0.02527905]
 ...
 [-0.00146211 -0.01425805 -0.00866918 ... -0.07064979  0.10897215
  -0.046775  ]
 [ 0.09400194 -0.11064336  0.03202019 ...  0.00485105  0.00472726
  -0.00345315]
 [-0.00662084  0.00630325  0.00145658 ... -0.05040688  0.0699506
  -0.03414547]]
layers.1.weight: [[-0.03037405  0.01970798  0.00086481 ...  0.02642849  0.05464224
   0.1445276 ]
 [ 0.0066755   0.06329215  0.01507468 ... -0.0637139  -0.05275293
   0.0228578 ]
 [-0.00067304 -0.02037454  0.04890886 ...  0.00886859 -0.02039979
   0.01583103]
 ...
 [-0.07468097  0.00320293 -0.01904152 ... -0.00809592  0.00064648
   0.05025701]
 [ 0.06242007 -0.03578504  0.00813381 ...  0.18337744  0.07879124
   0.06812289]
 [ 0.00387106  0.04682286 -0.07362928 ... -0.02137342  0.04600169
  -0.01461886]]
layers.2.weight: [[-0.23017034 -0.4936001   0.58441883 -1.1490449   0.22505333  0.07093124
  -0.15330864  0.06815092  0.03607523  0.04244108  0.04224675  0.09692042
   0.12840319  0.10579596  0.05646642 -0.17795482  0.04833638  0.80607224
   0.11845295 -0.35156253 -0.1639263  -0.14789242 -0.27615282 -0.44932154
  -0.14462678  0.0221405  -0.07616759 -0.12858835  0.1363123  -0.08455782
  -0.08836134 -0.3217502 ]]

Final Loss: 0.0055
Distance Metric: 15.6955
L1 norm: 1e-05
L2 norm: 0
Batch size: 16
Clipping: 0
Learning rate: 0.01
data size: 5120
init: 0.2
seed: 1

================================================================================

nonoverlappingCNN_relu -> fcnn_decreasing_tanh

Student Model Parameters:
layers.0.weight: [[ 4.2390961e-02 -6.1802398e-03 -5.3638160e-02 ...  8.2362570e-02
  -4.5416802e-02 -3.2094195e-02]
 [-3.5785697e-02 -3.1527192e-03  6.9404565e-02 ... -8.2483746e-02
  -4.8447368e-03 -2.5533378e-02]
 [ 8.3580911e-01  3.9476034e-01  8.8845652e-01 ... -7.1005458e-01
  -6.5022331e-01  6.4057291e-01]
 ...
 [-3.5850424e-01  8.3424729e-01 -7.7296615e-01 ...  1.1828758e+00
  -2.4936898e-01 -3.9545158e-01]
 [ 3.0882335e+00 -3.6694679e+00  1.0540148e+00 ... -2.4621390e-01
  -9.0411395e-01  4.4195452e-01]
 [-1.0234940e+00  1.0085213e+00 -7.4574822e-01 ...  5.2706498e-01
  -3.5929292e-01  4.2424452e-01]]
layers.1.weight: [[ 1.3189584e-02 -2.9961558e-02 -2.4833038e-02 ... -4.0280890e-01
   7.3207803e-02 -1.6916275e-01]
 [ 2.4138715e-02  4.2865608e-02  4.6683032e-02 ... -1.3011498e-02
   5.6963589e-02  6.8917279e-03]
 [ 1.2803175e-03  2.4001082e-02 -2.1615157e-02 ... -2.9860303e-02
  -2.4975747e-02 -3.2816231e-03]
 ...
 [-3.0914571e-02 -5.5870358e-02  3.3820984e-01 ...  6.3281097e-02
  -2.4412696e+00  7.6814550e-01]
 [-7.3016430e-03  2.6264559e-03 -1.9718351e-02 ... -1.9756002e-02
   1.2054618e-02 -2.8390588e-02]
 [-2.3022568e-02 -7.7838227e-02 -4.4463256e-01 ... -1.8261780e-01
   1.5838071e+00 -4.4321603e-01]]
layers.2.weight: [[-3.3050248e-01  2.6956983e-02 -5.9051416e-03  2.4730525e+00
  -3.3795187e+00 -4.2052101e-02 -3.1234486e-02 -2.5050638e-02
  -3.3891389e+00 -2.2078164e-01 -9.8700911e-01 -7.6080626e-04
  -1.3099148e-02 -1.1925038e+00 -1.3100115e-02  3.2706109e-01
  -1.2969650e-02 -3.8942385e-03  4.6018094e-02 -7.6315975e-01
   1.6802603e-02  2.4653773e+00  1.8781266e-01 -7.5031334e-01
  -2.6038583e-02 -1.7121872e-02  1.3202182e-03 -6.2055353e-02
  -7.4438684e-02  9.7743839e-01  1.2978891e-02 -1.2072339e+00]]

Final Loss: 3.4998
Distance Metric: 63.0905
L1 norm: 1e-05
L2 norm: 0
Batch size: 16
Clipping: 0
Learning rate: 0.01
data size: 5120
init: 0.2
seed: 1

================================================================================

nonoverlappingCNN_tanh -> fcnn_decreasing_sigmoid

Student Model Parameters:
layers.0.weight: [[-9.3557261e-02  8.4289707e-02 -1.4178052e-02 ... -3.3367313e-02
   6.2753551e-02 -3.4401555e-02]
 [ 4.2480256e-02 -2.7231447e-02  2.0609036e-02 ...  5.6754034e-02
  -7.2875082e-02  1.2353138e-04]
 [ 7.8847133e-02 -1.3958415e-01  2.3264285e-02 ...  9.8020978e-02
  -9.8528586e-02  2.3470117e-02]
 ...
 [ 6.9928043e-02 -4.9355254e-02  3.2209042e-02 ...  8.1605375e-02
  -7.2416700e-02  4.9409606e-02]
 [-8.7698680e-01  1.0088608e+00 -2.5242117e-01 ... -1.6210996e-01
   2.1759474e-01 -9.3105651e-02]
 [ 3.8518853e-02 -8.7794125e-02  2.3457849e-02 ...  2.4094817e-01
  -1.8795775e-01  8.3623305e-02]]
layers.1.weight: [[-8.36693794e-02 -1.98645081e-04  1.90107599e-02 ...  8.33970029e-03
  -2.68237412e-01  3.50732096e-02]
 [-9.08159018e-02  3.65053639e-02  7.58365244e-02 ...  5.98653033e-02
  -5.05838275e-01  8.69742334e-02]
 [-2.09976956e-02  1.19464530e-03 -4.30372208e-02 ...  1.33011695e-02
   1.87662885e-01  3.57942358e-02]
 ...
 [-3.70963663e-02  1.41404094e-02  4.04880708e-03 ... -1.33152772e-02
  -1.56049937e-01  1.86247788e-02]
 [-9.91925970e-03  5.02465619e-03  4.98926220e-03 ...  7.85610732e-03
   2.10192084e-01 -1.00369519e-02]
 [-3.77959386e-02  7.65671115e-03  6.82401881e-02 ...  1.75916776e-02
  -3.55128735e-01  1.04733579e-01]]
layers.2.weight: [[-1.2389864   2.2861633  -2.6396034  -1.5588236  -1.0988867  -1.9609789
  -1.32888    -1.1387354   5.7702966  -1.842018    1.2469152   2.5441775
  -1.144711   -1.6772667  -1.5754819  -1.7933171   0.82151526 -1.9954882
  -2.3975515   2.9880676  -1.9212738  -3.681685   -1.5937966  -1.3234075
  -1.2010618  -1.8689075  -1.4353874  -2.2579691  -1.2256764  -1.4684321
  -1.3409635  -1.6197668 ]]

Final Loss: 0.1950
Distance Metric: 49.4368
L1 norm: 1e-05
L2 norm: 0
Batch size: 16
Clipping: 0
Learning rate: 0.01
data size: 5120
init: 0.2
seed: 1

================================================================================

nonoverlappingCNN_tanh -> fcnn_decreasing_relu

Student Model Parameters:
layers.0.weight: [[-0.06928704  0.04320493 -0.02233095 ...  0.27385634 -0.26826394
   0.06667373]
 [-0.00537603 -0.06908223  0.03309619 ...  0.04627302  0.05324927
   0.07264493]
 [ 0.01690775 -0.05010486 -0.1086916  ...  0.1306746  -0.08172666
   0.04593663]
 ...
 [ 0.06560067 -0.01207379  0.06511161 ...  0.25874582 -0.28712133
   0.08572417]
 [-0.05140541 -0.10384624 -0.03953189 ...  0.04960124 -0.04387743
  -0.02830916]
 [ 0.11133141  0.0423046   0.09218261 ...  0.10235517 -0.07166526
  -0.01014388]]
layers.1.weight: [[-0.01425227 -0.00756606 -0.12885672 ...  0.10512553 -0.11807024
   0.4092354 ]
 [ 0.00195304 -0.12134375 -0.04256772 ... -0.01178129  0.01251325
   0.15360692]
 [ 0.00381843 -0.02771407 -0.02669286 ...  0.0527008   0.03077351
   0.0671036 ]
 ...
 [-0.17988284  0.08545983 -0.00043966 ... -0.1188049   0.08381758
   0.01955107]
 [ 0.08511224 -0.07317955  0.11327343 ... -0.00908196 -0.2555392
   0.21264699]
 [ 0.02581847  0.02433635  0.03671012 ...  0.04252191  0.09464175
   0.08130427]]
layers.2.weight: [[-0.9699392   0.5580143   0.34168717  0.60596323 -1.0418754  -0.6362462
   0.45392227  0.59905094 -0.5105226  -0.7418961  -0.82527155 -0.68443465
   0.33103254 -0.46022463 -0.14103815 -0.7352313  -0.6409095   0.40448672
  -0.34008557  0.56690043  0.1835181  -0.86298144  0.56185925 -0.5864861
   0.61439997 -0.08247092 -0.6465863   0.7855271   0.47750378  0.652699
   0.63213897  0.60569143]]

Final Loss: 0.1925
Distance Metric: 20.5050
L1 norm: 1e-05
L2 norm: 0
Batch size: 16
Clipping: 0
Learning rate: 0.01
data size: 5120
init: 0.2
seed: 1

================================================================================

nonoverlappingCNN_tanh -> fcnn_decreasing_tanh

Student Model Parameters:
layers.0.weight: [[-0.02287765  0.07962179 -0.01897273 ... -0.02169226  0.02950094
  -0.0367551 ]
 [-0.10560112  0.11795752 -0.02952255 ...  0.01853086  0.01549351
   0.04136755]
 [-0.09933465  0.09271061 -0.02780084 ... -0.01066379 -0.00704108
   0.02544753]
 ...
 [-0.11440206  0.11785789 -0.0111964  ...  0.05357303 -0.01702612
   0.03999312]
 [ 0.0005087   0.04507798 -0.00529309 ...  0.00572779 -0.04086667
  -0.03577024]
 [ 0.02406825 -0.06106758  0.00124095 ...  0.086211   -0.1224467
  -0.00124313]]
layers.1.weight: [[-0.0846812   0.02190719 -0.08063303 ...  0.05240578  0.02316602
  -0.00463712]
 [-0.05272988 -0.00765266 -0.02084928 ...  0.03273756 -0.02155626
  -0.01899595]
 [ 0.01314725 -0.01524441  0.0318319  ...  0.04386726  0.00724237
  -0.00084449]
 ...
 [-0.01429241 -0.02156779  0.01822834 ... -0.0423214  -0.03355185
  -0.00330045]
 [ 0.01913275 -0.00382895  0.02501326 ...  0.02522301 -0.01067147
   0.01940323]
 [ 0.0093275   0.04526943  0.03388825 ... -0.01690972 -0.02933289
  -0.03719165]]
layers.2.weight: [[-0.07430953  0.11155408 -0.06747702 -0.02724635 -0.07509734 -0.03016327
   0.03432736 -0.3893807   0.08371732  0.44218528 -0.08202989 -0.05866632
  -0.15387842 -0.01962301  0.01585804  0.01766159  0.45213944  0.08973455
  -0.02041483 -0.02563524  0.02003992 -0.06145567  0.01226106 -0.36530617
   0.06110721  0.10239983  0.05963267  0.00792149  0.03554843  0.01239685
  -0.02499087  0.01964285]]

Final Loss: 0.0046
Distance Metric: 14.1395
L1 norm: 1e-05
L2 norm: 0
Batch size: 16
Clipping: 0
Learning rate: 0.01
data size: 5120
init: 0.2
seed: 1

================================================================================

Experiment Summary:
================================================================================

Teacher Model Parameters:
layers.0.weight: [[[ 2.59 -2.83  0.87]]]
layers.1.weight: [[[-1.38  1.29]]]
layers.2.weight: [[[ 0.86 -0.84]]]

================================================================================

nonoverlappingCNN_sigmoid -> fcnn_decreasing_sigmoid

Student Model Parameters:
layers.0.weight: [[ 0.00202904 -0.02454716  0.0110672  ...  0.00157626  0.00509898
   0.03284523]
 [-0.00904025 -0.02688724  0.00093338 ...  0.04479872 -0.03393676
   0.02714155]
 [-0.02272886  0.02010609 -0.00813786 ... -0.01371501 -0.01276757
  -0.01622944]
 ...
 [ 0.05365376 -0.07284263  0.02147328 ...  0.06588953 -0.04954253
   0.00897567]
 [ 0.04300896 -0.04851038  0.02738981 ...  0.01446514 -0.01134154
   0.01240627]
 [ 0.0355484   0.00595712 -0.00433515 ...  0.00750787 -0.02352896
  -0.0197749 ]]
layers.1.weight: [[-0.00161453  0.0074516   0.00260256 ... -0.00761825 -0.00763748
   0.02151204]
 [ 0.0027324  -0.02830399 -0.02068825 ... -0.03688239  0.01026092
   0.003005  ]
 [-0.00095231  0.00375006 -0.0243669  ... -0.03036704  0.01609011
  -0.00474033]
 ...
 [-0.01537403  0.03737293 -0.00363929 ...  0.02572902  0.01182103
  -0.00346139]
 [ 0.02208422  0.01270594  0.01841152 ...  0.02301555 -0.01600859
  -0.00716003]
 [-0.01173623  0.00548266 -0.02701436 ...  0.00863081 -0.00969014
  -0.01934475]]
layers.2.weight: [[ 0.05236163  0.1894356   0.09477308 -0.41214633  0.23272131  0.20888555
   0.03687593  0.32442588 -0.29846272  0.32110935 -0.36721194 -0.4004965
  -0.33116543  0.01645768  0.09523571  0.14356588  0.23617311  0.29091537
   0.18829772 -0.28822216  0.04451599  0.28990874  0.31827664  0.0478351
  -0.36033547  0.20417307  0.29781333 -0.15306911 -0.45384493 -0.1851559
  -0.01442384 -0.21800075]]

Final Loss: 0.0028
Distance Metric: 11.2668
L1 norm: 1e-05
L2 norm: 0
Batch size: 16
Clipping: 0
Learning rate: 0.01
data size: 5120
init: 0.2
seed: 2

================================================================================

nonoverlappingCNN_sigmoid -> fcnn_decreasing_relu

Student Model Parameters:
layers.0.weight: [[ 0.04943342 -0.14850271  0.17122306 ... -0.10371739 -0.04826797
   0.08521167]
 [-0.05349943  0.05918126  0.02584572 ...  0.11943178 -0.13960738
   0.06741069]
 [ 0.1388884  -0.06250414  0.06612101 ...  0.24336143  0.07111559
   0.04509331]
 ...
 [-0.13805258  0.04252619 -0.05428129 ...  0.04619264 -0.00098147
   0.06346708]
 [-0.02531447 -0.08129694  0.07508514 ...  0.09726532 -0.06459329
   0.04505795]
 [ 0.13335608 -0.01663889 -0.0453275  ... -0.02065454 -0.09807058
   0.03162239]]
layers.1.weight: [[-0.04036099  0.0501232  -0.01095986 ...  0.00296243  0.10478123
  -0.15235296]
 [-0.03324646 -0.00658737  0.02860901 ...  0.09306727 -0.11777908
  -0.10058611]
 [-0.04900602 -0.07026365 -0.0285056  ...  0.05730976 -0.03610304
  -0.06808641]
 ...
 [ 0.14550823  0.00263516  0.05755933 ... -0.06104089 -0.06331908
  -0.03065794]
 [ 0.02831072 -0.06168934 -0.05816435 ...  0.07804541 -0.01725228
   0.01104377]
 [ 0.081498    0.13406071 -0.01513299 ...  0.03000461  0.01966758
   0.0740737 ]]
layers.2.weight: [[ 0.4948956  -0.6787187  -0.52311724 -0.7018835   0.39044517 -0.6642198
   0.6885544   0.36490074  0.29408586  0.7076199   0.40772575 -0.67089456
  -0.74030393  0.5445222  -0.67344576  0.52633417 -0.68028784  0.5378269
  -0.508389    0.2834392   0.36154458  0.4903622   0.2582438  -0.39790642
  -0.54809344  0.36250836 -0.607077    0.3052693   0.40609884 -0.6813168
  -0.6529758  -0.6568537 ]]

Final Loss: 0.0083
Distance Metric: 21.0092
L1 norm: 1e-05
L2 norm: 0
Batch size: 16
Clipping: 0
Learning rate: 0.01
data size: 5120
init: 0.2
seed: 2

================================================================================

nonoverlappingCNN_sigmoid -> fcnn_decreasing_tanh

Student Model Parameters:
layers.0.weight: [[ 0.29900768  0.39115238  0.08693651 ...  0.15699612 -0.5412537
  -0.4733784 ]
 [ 1.1422834   0.60070354  0.2681522  ...  0.24360934  0.59976906
  -0.5703516 ]
 [ 2.939468    1.4622864   0.8232559  ...  3.859508    0.73142564
   2.8213181 ]
 ...
 [ 0.08435652  1.5702937   0.91202205 ...  0.66702217 -0.13438809
  -0.78402233]
 [-0.3465523  -0.44052026  0.3642507  ... -0.03250653 -0.16844231
   0.16939019]
 [-0.15372886 -0.44476664  0.17445818 ...  0.27186546 -0.26486084
   0.0436138 ]]
layers.1.weight: [[ 0.00190562  0.07120907  0.01461294 ...  0.136176   -0.03467368
  -0.07057473]
 [ 0.09295258 -0.38653696 -0.6663206  ...  0.48772353 -0.23298594
   0.2185801 ]
 [ 0.10072426 -0.571526    1.6076633  ...  0.98860586  0.25124946
   0.066166  ]
 ...
 [ 0.14357224 -0.04057984  0.07363688 ... -0.12197683 -0.21871139
  -0.135222  ]
 [-0.0093411  -0.08354034 -0.35073838 ...  0.19312732  0.11080088
   0.00458732]
 [-0.17617945  0.67506003 -0.8038639  ...  0.05454871  0.02246696
  -0.06615206]]
layers.2.weight: [[-0.22143623 -0.40623006 -0.4339704   0.26434413 -0.3325571  -0.30453947
  -0.23797661  0.4325831   0.34531778 -0.4602225   0.2873261   0.32224807
   0.44946387  0.34422076 -0.34298027 -0.47167093  0.10311478 -0.36406976
  -0.5455954   0.3406203  -0.47583517 -0.24974558  0.28852707  0.01549122
  -0.33648196 -0.38530228 -0.25236812 -0.19795986  0.32040334 -0.34680238
   0.31464013 -0.4478383 ]]

Final Loss: 0.0308
Distance Metric: 78.6786
L1 norm: 1e-05
L2 norm: 0
Batch size: 16
Clipping: 0
Learning rate: 0.01
data size: 5120
init: 0.2
seed: 2

================================================================================

nonoverlappingCNN_relu -> fcnn_decreasing_sigmoid

Student Model Parameters:
layers.0.weight: [[-0.00592893 -0.04485909 -0.02391507 ...  0.04164144 -0.05284583
   0.03457375]
 [-0.07827213  0.05787807 -0.06252027 ...  0.04945033  0.05830164
  -0.03385873]
 [-0.02025263 -0.00675276 -0.00095397 ...  0.02273707  0.01962273
   0.01655341]
 ...
 [-0.02475892  0.00994831 -0.06678955 ...  0.00316419  0.01836571
  -0.01799871]
 [-0.01864037 -0.04852002 -0.01742556 ...  0.04763975  0.02709976
   0.00757536]
 [ 0.02754705 -0.09001587 -0.04159658 ...  0.02023538  0.00773286
   0.0420388 ]]
layers.1.weight: [[-0.0115606   0.04287449 -0.00810121 ... -0.01100615 -0.0043064
   0.01567632]
 [ 0.00725026  0.00855789  0.0311135  ...  0.00014486 -0.005856
   0.00299112]
 [ 0.00938651  0.08240043  0.00422198 ...  0.04316508  0.02453276
   0.00116484]
 ...
 [ 0.0055628  -0.02358531  0.0192943  ... -0.02799775 -0.00134911
   0.00602841]
 [-0.00736813  0.03853583  0.01528201 ... -0.00696674 -0.04221322
  -0.00686204]
 [-0.00240277 -0.0179613  -0.02793167 ...  0.01841498 -0.03507831
  -0.04861493]]
layers.2.weight: [[ 1.272582    2.1903343   3.2870944   2.5580878   3.4396944   0.04772399
   0.63180983  3.9378004  -0.22388807  0.7504993   0.82919675 -4.9338455
   2.1625779   3.6828482  -3.510001    0.90580386  3.217129    1.8376226
   3.3628123  -1.3234007   0.8894625  -2.8488443   2.420908   -3.7718766
   1.0172222   0.77993727  0.26445374  1.7710285  -3.269578    0.00874685
  -1.3604748   0.16699944]]

Final Loss: 3.2934
Distance Metric: 50.4319
L1 norm: 1e-05
L2 norm: 0
Batch size: 16
Clipping: 0
Learning rate: 0.01
data size: 5120
init: 0.2
seed: 2

================================================================================

nonoverlappingCNN_relu -> fcnn_decreasing_relu

Student Model Parameters:
layers.0.weight: [[-0.00538779 -0.0063841  -0.01906357 ...  0.0073621  -0.00182021
   0.00279633]
 [ 0.00325333  0.00381659 -0.00078401 ... -0.00265564 -0.00932705
   0.00066824]
 [-0.32031286  0.30281767 -0.07301665 ... -0.00184276  0.08613677
   0.01382749]
 ...
 [-0.02995131  0.00414677 -0.01344221 ... -0.04089514  0.02288862
  -0.02217631]
 [ 0.01202817 -0.0121016   0.02158994 ... -0.02940782  0.03001301
  -0.02619017]
 [-0.02028104  0.05018235  0.0305941  ...  0.0674852  -0.0890576
  -0.02806168]]
layers.1.weight: [[ 0.00394577  0.00188484  0.00253244 ...  0.05335728  0.06434233
  -0.00051069]
 [ 0.03981636 -0.00379942 -0.0549461  ...  0.04223083 -0.03520352
  -0.05732565]
 [-0.00812056 -0.01249179 -0.0553783  ... -0.00713268  0.00984957
   0.02655037]
 ...
 [ 0.01292896  0.00468718  0.06168925 ...  0.02199132 -0.04554472
  -0.03713707]
 [-0.01970582 -0.0256407  -0.03999178 ... -0.00817871  0.04631906
   0.020466  ]
 [ 0.03324677 -0.08683271 -0.02430421 ...  0.05617757  0.06204613
  -0.1618199 ]]
layers.2.weight: [[-0.22607231  0.17217197 -0.6215433   0.09194721  0.35067394 -0.05526289
   0.12934503 -0.87558407  0.06490388  0.06225301 -0.23530303 -0.4946586
   0.17591394  0.15296592  0.32136407 -0.25717208  0.18068008  0.05508486
   0.1934054   0.29701257 -0.63492334 -0.1159035  -0.5459377  -0.57445866
   0.06244069  0.09169962  0.6586539  -0.3373634   0.53384924 -0.20468384
   0.22018711 -0.0289859 ]]

Final Loss: 0.0059
Distance Metric: 16.8949
L1 norm: 1e-05
L2 norm: 0
Batch size: 16
Clipping: 0
Learning rate: 0.01
data size: 5120
init: 0.2
seed: 2

================================================================================

nonoverlappingCNN_relu -> fcnn_decreasing_tanh

Student Model Parameters:
layers.0.weight: [[ 0.24433482 -0.12459172  0.12866741 ...  0.22914574 -0.10037193
   0.06477469]
 [-0.08510616  0.39491573 -0.06764049 ...  0.18923327 -0.07648237
  -0.12875742]
 [ 0.15723465  0.09156051 -0.14650455 ... -0.03710309  0.11766854
   0.05731349]
 ...
 [ 0.01335979  0.14329903 -0.03651206 ...  0.06908474 -0.05063944
  -0.01866816]
 [ 0.48415112 -0.24814811  0.44633898 ... -0.41291344  0.1230159
   0.20698231]
 [-0.5166106   0.06601839  0.46314123 ... -0.5069148  -0.18434489
   0.17414322]]
layers.1.weight: [[ 0.24602398  0.32485187 -0.07442252 ...  0.17743224 -0.47670573
  -0.3230488 ]
 [ 0.05252708 -0.02926384 -0.01488513 ... -0.0133122   0.01135314
   0.02119486]
 [-0.27698058  0.13626203 -0.13982174 ...  0.0163143  -0.00189075
  -0.00102565]
 ...
 [-0.03802767 -0.00919837 -0.04344294 ... -0.02565316 -0.01282976
   0.0354184 ]
 [-0.11477187 -0.01239044 -0.08698925 ... -0.09289601  0.23116843
  -0.27461016]
 [ 0.05249715 -0.09038228  0.01439178 ... -0.01159256 -0.01705423
  -0.3312943 ]]
layers.2.weight: [[-1.2053953e+00  1.1391438e-02  6.3609207e-01 -2.3765841e-01
   5.3354029e-02 -2.1621006e+00 -9.4651738e-03 -9.1194490e-04
  -5.6153778e-03 -1.2036046e-02  4.8487228e-01  1.2224532e+00
  -3.7118670e-02 -3.2895815e+00  1.6552307e-02  2.1667888e+00
   5.1153439e-01 -1.3322193e-02 -5.0073516e-01 -2.5924036e-01
   2.5023671e-03  1.3118708e-02 -2.1027284e-02 -1.4069452e-02
  -2.9530529e-02  1.8219003e-02  1.7404605e-01  6.5765738e-01
   3.4549288e-03 -1.8581213e-01  4.9671152e-01  3.2856987e+00]]

Final Loss: 3.4473
Distance Metric: 67.4089
L1 norm: 1e-05
L2 norm: 0
Batch size: 16
Clipping: 0
Learning rate: 0.01
data size: 5120
init: 0.2
seed: 2

================================================================================

nonoverlappingCNN_tanh -> fcnn_decreasing_sigmoid

Student Model Parameters:
layers.0.weight: [[ 0.00103071 -0.05698803 -0.02600764 ...  0.02022504 -0.06774975
   0.03659505]
 [-0.02001537 -0.05212881 -0.01913268 ...  0.02606687 -0.03090149
   0.02856679]
 [-0.00193953 -0.03608163  0.02765296 ...  0.06830455 -0.02059862
   0.03433087]
 ...
 [-0.04721091 -0.0347058  -0.00742536 ... -0.08781123  0.1128151
   0.00455217]
 [-0.00615494 -0.04832083 -0.00696551 ... -0.00113398 -0.04468793
   0.0320073 ]
 [-0.0055906  -0.02154965 -0.02013546 ... -0.05422252  0.04220828
  -0.0188696 ]]
layers.1.weight: [[-0.02912859 -0.01038062  0.04084603 ... -0.06631654 -0.0439413
  -0.04643411]
 [-0.05791627 -0.03558935  0.02655375 ... -0.04252654 -0.0143581
  -0.0744574 ]
 [-0.03115992 -0.04053641  0.04160662 ... -0.07013594 -0.0222615
  -0.07663532]
 ...
 [ 0.00682717  0.02319831 -0.07048124 ... -0.0168774   0.00405586
   0.04865978]
 [-0.05765657 -0.02549222 -0.05225017 ... -0.03507956 -0.02034604
  -0.01153505]
 [-0.02393088 -0.02398024  0.01626442 ... -0.09293912 -0.01982108
  -0.05478235]]
layers.2.weight: [[-1.3639711  -1.1214194  -1.3520213  -1.5884253  -0.85043496 -1.1429635
  -1.3801367  -1.4699345  -2.7501278  -1.5358659  -1.6014621  -1.4867992
  -1.1293635  -3.9513874  -3.6603594  -0.11561444 -1.1854646  -1.701676
  -1.1919482  -1.1198139  -1.229069   -1.5474614  -1.0732034  -1.4921024
   2.6125822   2.2993908  -2.3049123  -1.5691792   4.5610247   4.6528316
  -0.97815514 -1.1022505 ]]

Final Loss: 0.1989
Distance Metric: 51.4111
L1 norm: 1e-05
L2 norm: 0
Batch size: 16
Clipping: 0
Learning rate: 0.01
data size: 5120
init: 0.2
seed: 2

================================================================================

nonoverlappingCNN_tanh -> fcnn_decreasing_relu

Student Model Parameters:
layers.0.weight: [[ 0.32454515 -0.01760745  0.15322317 ...  0.07047675 -0.0816958
  -0.11756711]
 [-0.00841546 -0.02509969  0.0204678  ... -0.05620403  0.11940687
  -0.04457926]
 [ 0.19223362 -0.260046    0.05896011 ... -0.0105259  -0.01525691
   0.05003775]
 ...
 [ 0.11980039 -0.10172382  0.16676764 ...  0.02408014 -0.03886713
   0.0066553 ]
 [ 0.068571   -0.21159473  0.07351214 ...  0.0707806   0.06519222
  -0.01958688]
 [ 0.02128081 -0.11856167 -0.05777903 ...  0.13962631 -0.10494015
   0.07850203]]
layers.1.weight: [[ 0.06458852  0.07146208  0.05018196 ... -0.15253603  0.00710161
  -0.13407674]
 [ 0.09744668 -0.17878143 -0.02922831 ... -0.0967491   0.06710736
   0.04394802]
 [ 0.12181783 -0.01359776 -0.08358976 ...  0.01895192  0.01170084
  -0.00233753]
 ...
 [-0.07190794 -0.02545374  0.04550472 ... -0.03625977  0.06983519
  -0.00658382]
 [ 0.13520567 -0.00347338 -0.10624621 ... -0.07128102  0.08994349
  -0.13651812]
 [ 0.12655382 -0.03892591 -0.15712453 ...  0.00095947 -0.03275533
  -0.05218429]]
layers.2.weight: [[ 0.6281318  -0.8084767   0.56814575  0.74894595  0.15094903  0.5974207
  -0.47722688 -1.1904718   0.25595766 -0.5620025  -0.18495522 -0.14066564
  -0.6097958  -0.5625426  -0.6319063  -0.6686065   0.8246824  -0.54486775
  -0.86657774 -0.91145986  0.52213025 -0.13251112  0.4162716  -0.9058022
   0.3746036   0.50301754  0.40701112 -0.40122515  0.12403971  0.340937
   0.7013691   0.66821146]]

Final Loss: 0.1959
Distance Metric: 20.2935
L1 norm: 1e-05
L2 norm: 0
Batch size: 16
Clipping: 0
Learning rate: 0.01
data size: 5120
init: 0.2
seed: 2

================================================================================

nonoverlappingCNN_tanh -> fcnn_decreasing_tanh

Student Model Parameters:
layers.0.weight: [[-0.01028411 -0.01831108 -0.02461243 ... -0.00078377 -0.05184062
   0.04125255]
 [-0.24971509  0.31107858 -0.05559011 ...  0.01066308  0.09052811
  -0.0017211 ]
 [-0.08585833  0.0481602  -0.00138928 ...  0.09914551 -0.09190143
   0.03849244]
 ...
 [-0.09493078  0.08138961 -0.01063442 ...  0.004637   -0.00546387
  -0.02540046]
 [ 0.01199645  0.00831669 -0.02989709 ...  0.02083958  0.00748708
  -0.04817713]
 [-0.03194818  0.0489614  -0.03711183 ...  0.00889886  0.00280788
   0.00809751]]
layers.1.weight: [[-0.04172969  0.04205104  0.01784923 ...  0.01293335 -0.02413692
   0.04344122]
 [ 0.03152221 -0.06444789  0.12131237 ...  0.01797393 -0.00782608
  -0.00951734]
 [-0.05113903  0.0030098  -0.02750804 ... -0.00251092  0.04184184
   0.00195532]
 ...
 [-0.00351652  0.00493148  0.030082   ...  0.01433462 -0.02643766
   0.02676645]
 [ 0.03347128  0.01821972  0.03363887 ...  0.01196912 -0.01912574
   0.03600257]
 [-0.02583236  0.02483877 -0.04283409 ... -0.01231664 -0.04475313
   0.04725596]]
layers.2.weight: [[ 0.05203102 -0.3729785   0.1048291   0.09101135 -0.01723369 -0.00628367
   0.05523447  0.0518854   0.03816259  0.01093005 -0.03888339 -0.37145042
  -0.04664297 -0.01612281  0.00665463  0.05586643 -0.02604223  0.45211992
  -0.08910332 -0.05616359 -0.08958198  0.45550558 -0.13032088 -0.10238954
   0.05171046 -0.00148403 -0.14266282 -0.00191903 -0.04654755  0.0182212
  -0.03905787 -0.02378182]]

Final Loss: 0.0045
Distance Metric: 14.0581
L1 norm: 1e-05
L2 norm: 0
Batch size: 16
Clipping: 0
Learning rate: 0.01
data size: 5120
init: 0.2
seed: 2

================================================================================

Experiment Summary:
================================================================================

Teacher Model Parameters:
layers.0.weight: [[[ 2.59 -2.83  0.87]]]
layers.1.weight: [[[-1.38  1.29]]]
layers.2.weight: [[[ 0.86 -0.84]]]

================================================================================

nonoverlappingCNN_sigmoid -> fcnn_decreasing_sigmoid

Student Model Parameters:
layers.0.weight: [[-0.0670343   0.0286671  -0.01198545 ... -0.01953165  0.07274725
  -0.04147434]
 [ 0.00086612 -0.01491108  0.0073403  ...  0.00767528 -0.01919376
  -0.02425869]
 [ 0.01505745 -0.02876274  0.00433678 ...  0.03225114 -0.00033705
  -0.00390078]
 ...
 [-0.01467566 -0.01994448 -0.02028054 ...  0.01458456  0.01588724
  -0.01034487]
 [ 0.02611065 -0.02881909  0.00608941 ...  0.03518665 -0.05189504
   0.01569278]
 [ 0.05038559 -0.04832854  0.01179146 ...  0.02160283 -0.01977018
   0.0404894 ]]
layers.1.weight: [[ 0.03345368 -0.01592593 -0.02313294 ... -0.02107071 -0.00352921
  -0.04315001]
 [ 0.05110342 -0.0052334  -0.02372421 ...  0.01573112 -0.00524069
  -0.00948509]
 [-0.03253374 -0.0269556   0.00405141 ... -0.01751441  0.
   0.01014894]
 ...
 [ 0.01911165 -0.01176579  0.00329826 ... -0.02139319 -0.01687009
   0.0001353 ]
 [-0.01767608 -0.02548133  0.0248177  ... -0.02165291  0.00999457
  -0.0054476 ]
 [-0.01412688 -0.0020363   0.02582508 ... -0.0091125   0.02733674
   0.03274067]]
layers.2.weight: [[ 0.35182914  0.30595696 -0.08993116 -0.18220907 -0.2851157   0.41235307
  -0.24967246 -0.15650107 -0.19374391 -0.06218973 -0.16897449  0.34606493
  -0.2910443  -0.27164415  0.24773826 -0.34735656 -0.20640637  0.14619453
   0.06621105  0.30985117  0.09859188 -0.219686    0.40734535 -0.2622045
   0.40834168  0.34123078 -0.3209728  -0.15669662  0.12232058 -0.02779693
  -0.15865025 -0.2063688 ]]

Final Loss: 0.0028
Distance Metric: 11.3379
L1 norm: 1e-05
L2 norm: 0
Batch size: 16
Clipping: 0
Learning rate: 0.01
data size: 5120
init: 0.2
seed: 3

================================================================================

nonoverlappingCNN_sigmoid -> fcnn_decreasing_relu

Student Model Parameters:
layers.0.weight: [[ 0.08748942 -0.13101597  0.0219282  ...  0.12509531 -0.05449574
  -0.16041614]
 [ 0.06130411 -0.01861074  0.09910838 ...  0.04041043  0.17431225
  -0.16016334]
 [-0.1687927   0.11065719  0.00117722 ...  0.16164136 -0.0439081
  -0.07645182]
 ...
 [-0.05940082  0.02759325 -0.12686044 ...  0.07432006  0.0762298
  -0.08746659]
 [-0.01440552  0.00248931 -0.24393979 ...  0.04947482  0.1650127
   0.13513687]
 [-0.06782752 -0.16275431  0.1507131  ...  0.15363145  0.22742069
  -0.20352325]]
layers.1.weight: [[ 5.06237149e-02 -1.03555107e-02 -3.30589786e-02 ...  6.89747408e-02
  -7.71888718e-02 -9.29895267e-02]
 [ 7.96319619e-02  1.71912834e-04 -1.06059564e-02 ...  1.07210204e-02
  -1.71881676e-01  1.87352851e-01]
 [-7.10925227e-03 -7.36760944e-02  2.39289589e-02 ... -1.12077855e-01
   3.34102996e-02 -9.30736810e-02]
 ...
 [-6.93656923e-03  1.09153436e-02  5.95992431e-02 ... -1.11034051e-01
   1.08746931e-01 -1.69803016e-02]
 [-1.49191478e-02 -1.20221199e-02  2.29223240e-02 ... -2.12414898e-02
   3.78693044e-02 -2.68635657e-02]
 [ 2.72105704e-03 -3.16132940e-02  3.23037431e-02 ...  5.95310032e-02
   1.31466761e-01 -6.67307898e-02]]
layers.2.weight: [[ 0.3646358  -0.7582752  -0.67069805  0.49916992 -0.7232282   0.6506786
   0.40215704  0.6048143   0.5161149   0.2901298   0.3283833  -0.81102175
  -0.6962396  -0.6955674   0.34276992 -0.74195963 -0.52133566 -0.5937003
  -0.84798473  0.42334488 -0.85819334 -0.7087578  -0.5828407   0.42868114
  -0.9169689  -0.82430565  0.30007997  0.2682904  -0.70239264  0.29597127
   0.2465452   0.334013  ]]

Final Loss: 0.0083
Distance Metric: 21.2144
L1 norm: 1e-05
L2 norm: 0
Batch size: 16
Clipping: 0
Learning rate: 0.01
data size: 5120
init: 0.2
seed: 3

================================================================================

nonoverlappingCNN_relu -> fcnn_decreasing_relu

Student Model Parameters:
layers.0.weight: [[ 0.03281394 -0.01869933  0.00994072 ... -0.03165422  0.05886412
  -0.0097409 ]
 [-0.01048611  0.02238718  0.01693146 ...  0.05856283  0.02574418
  -0.00636978]
 [-0.00655222  0.02187613 -0.00768211 ...  0.0004619  -0.00882634
  -0.02158211]
 ...
 [-0.2122056   0.24164593 -0.12618087 ... -0.05930879  0.05485248
  -0.01877915]
 [ 0.03479681  0.05250288  0.02416039 ... -0.0207396   0.02743096
   0.01138265]
 [-0.04290986  0.00536294 -0.02002678 ...  0.001058   -0.04600879
   0.012502  ]]
layers.1.weight: [[ 0.0690314   0.07270101 -0.03905989 ... -0.00818244  0.09562869
  -0.02040106]
 [-0.10587501  0.02341242 -0.0190634  ... -0.09109711 -0.03768815
  -0.0095496 ]
 [ 0.10361288  0.01614297 -0.11480405 ...  0.04155474 -0.04902584
   0.0575658 ]
 ...
 [ 0.03584046  0.02006071  0.10415895 ...  0.05518272  0.00406771
   0.08637382]
 [ 0.07281678 -0.00870702 -0.00382818 ...  0.03018441  0.01540713
  -0.05088552]
 [-0.01076846 -0.0057184  -0.02587858 ...  0.01202736 -0.00219456
  -0.00628293]]
layers.2.weight: [[ 0.06611329  0.13880895 -0.06527773  0.04256162  0.37689656 -0.36266258
   0.0529619   0.1109064  -0.14862035 -0.27318686 -0.22592779 -0.14122137
  -0.5595447   0.18569861  0.09400214  0.18228003 -0.6794242   0.05202254
   0.14848469  0.07026523  0.4711787   0.40219554 -0.14192408  0.5259685
  -0.20307475  0.45802596  0.10082464 -0.27263644 -0.33273074  0.36453173
  -0.299992   -0.21660843]]

Final Loss: 0.0061
Distance Metric: 16.9511
L1 norm: 1e-05
L2 norm: 0
Batch size: 16
Clipping: 0
Learning rate: 0.01
data size: 5120
init: 0.2
seed: 3

================================================================================

nonoverlappingCNN_relu -> fcnn_decreasing_tanh

Student Model Parameters:
layers.0.weight: [[ 0.01845862 -0.03504311  0.08965486 ... -0.00193787  0.09178293
  -0.12312239]
 [ 0.03733961 -0.07860333 -0.07777914 ...  0.05401642 -0.06253314
  -0.05985504]
 [-0.02737157  0.05773804  0.20105903 ...  0.07958893  0.04666968
  -0.11669235]
 ...
 [-0.0195477   0.01215999  0.01997246 ... -0.02854208  0.02454601
  -0.0711981 ]
 [-0.00287435  0.01200739  0.10653702 ...  0.03018245  0.01770257
  -0.01306981]
 [ 0.00796978 -0.12181273 -0.07126731 ...  0.02002824 -0.02288325
  -0.02335886]]
layers.1.weight: [[ 0.074353    0.0330011   0.11008972 ...  0.01341355  0.03659588
   0.03319779]
 [ 0.07691152  0.02341614  0.08020476 ...  0.01175666 -0.01404011
   0.05504972]
 [ 0.02660177  0.00371628  0.03713951 ... -0.01242701 -0.02874391
  -0.00701364]
 ...
 [ 0.14008667 -0.05758544  0.18088262 ... -0.02080821  0.0653742
  -0.10774174]
 [ 0.11820422 -0.08649265  0.1596046  ...  0.00494117  0.08558227
  -0.11226973]
 [-0.05704131 -0.02313206  0.04862177 ... -0.03008624 -0.04832399
  -0.00443272]]
layers.2.weight: [[ 3.7223668e+00 -2.1815725e-01 -1.2716602e-02  3.6598167e-01
   3.7018185e+00  2.5769985e-01  9.9395856e-04 -2.7119231e+00
   3.9182264e-02  3.3440030e-01  6.2580064e-02 -3.0750496e-02
  -1.9105724e+00 -1.6339682e-02  9.2246723e-01  1.9166136e+00
  -5.9242636e-02  2.7247872e+00  9.3621010e-01  1.4013749e+00
   1.3050875e-01  1.5229599e-02  2.7000491e-02 -1.7011287e-02
   3.7479991e-01  1.4155605e+00  1.8269245e-02  1.9505344e-02
  -4.3976983e-01 -8.9027506e-01  8.8732940e-01  7.8745224e-03]]

Final Loss: 3.6127
Distance Metric: 71.6402
L1 norm: 1e-05
L2 norm: 0
Batch size: 16
Clipping: 0
Learning rate: 0.01
data size: 5120
init: 0.2
seed: 3

================================================================================

nonoverlappingCNN_sigmoid -> fcnn_decreasing_tanh

Student Model Parameters:
layers.0.weight: [[-0.03222523  0.367133   -0.12338945 ... -0.46413812  0.77911997
   0.65256125]
 [ 0.26985022 -0.63403875 -0.5600508  ...  0.6589552   0.7486433
   0.698368  ]
 [ 0.56879026 -0.11996077 -0.1332836  ...  0.20207815  0.13541006
  -0.26062477]
 ...
 [ 0.54520005  1.0829682  -0.5671893  ...  1.2555618   0.530121
  -0.01964656]
 [-0.1974543   0.10420446  0.00798829 ... -0.17321867  0.14539719
  -0.07159764]
 [ 0.4641919  -0.4006424   0.06620669 ... -0.734719   -0.5202728
  -0.18687356]]
layers.1.weight: [[ 0.02980485  0.15185687  0.12969832 ...  0.22203194  0.01460466
  -0.09097918]
 [-0.05760965 -0.23104209 -0.07068725 ...  0.09661869  0.01087773
  -0.05813314]
 [-0.04645859 -0.01527857  0.00623127 ...  0.15853727  0.00851917
   0.00816003]
 ...
 [ 0.15988068  0.01454846  0.2244523  ... -0.5807145  -0.11872876
   0.10297132]
 [ 0.13692798  0.28238246 -0.05477459 ... -0.28543425  0.04368213
   0.12809725]
 [ 0.13091408 -0.00614658 -0.01265875 ...  0.11789084  0.00296354
   0.03856857]]
layers.2.weight: [[ 0.37085104 -0.20515916 -0.13073257  0.42627752 -0.43699685  0.34046024
  -0.281019   -0.2422874   0.25720987  0.44635093  0.5515021   0.39816713
  -0.05918499  0.26161614 -0.31798694 -0.28064275  0.3163176  -0.1699194
  -0.31631446  0.23719455  0.3419793   0.34436446  0.35248291 -0.45574462
  -0.30620947  0.29646537  0.4527868  -0.23441373  0.43408698 -0.5476313
  -0.3019606   0.25794098]]

Final Loss: 0.0304
Distance Metric: 78.9903
L1 norm: 1e-05
L2 norm: 0
Batch size: 16
Clipping: 0
Learning rate: 0.01
data size: 5120
init: 0.2
seed: 3

================================================================================

nonoverlappingCNN_relu -> fcnn_decreasing_sigmoid

Student Model Parameters:
layers.0.weight: [[-0.0684507   0.07252818 -0.03859695 ... -0.05100545 -0.01145807
  -0.01480209]
 [ 0.06066031 -0.02921605 -0.01202709 ... -0.0538091   0.00539128
  -0.05354069]
 [-0.04896306  0.02514485 -0.01732328 ...  0.08451182 -0.00454605
   0.03019337]
 ...
 [-0.05605046  0.04999711 -0.03517927 ... -0.01030343 -0.03254011
  -0.0226171 ]
 [-0.00556366  0.05200285 -0.06830946 ... -0.06345718  0.02141995
  -0.00239697]
 [-0.08569874  0.06476539 -0.09934549 ... -0.06365672  0.00098549
  -0.04422031]]
layers.1.weight: [[ 0.00767338  0.0574692  -0.01133306 ...  0.065227    0.01949214
   0.0360271 ]
 [ 0.02310143  0.00827122 -0.02385016 ... -0.01656239 -0.02698026
   0.01139524]
 [ 0.02760766  0.06853626  0.00469367 ...  0.03289772  0.03932934
   0.03782284]
 ...
 [ 0.08302949  0.07405276 -0.04273446 ...  0.08373436  0.05197335
   0.03552554]
 [ 0.09445234  0.06922942  0.02112435 ...  0.06285057  0.07841974
   0.09678702]
 [ 0.05572756  0.07305827 -0.01816491 ...  0.02889891  0.00519187
   0.06309135]]
layers.2.weight: [[-6.2743258e-01 -3.5245370e-03  2.5545697e+00  4.3048353e+00
   2.1885154e+00 -4.8760086e-01  2.9304340e-01 -3.3440759e+00
   3.1097779e+00  8.4366298e-01  2.6147360e-01  3.1250510e+00
   1.2730463e+00  1.7904012e+00  2.4669631e+00  6.5257424e-01
   3.8187294e+00  1.8595436e+00 -3.9623091e+00  1.8910247e+00
   2.3645816e+00 -3.7717118e+00  2.5201468e+00  2.5435650e+00
  -1.3552173e+00 -3.2668917e+00 -6.5105933e-01 -3.5262280e+00
  -4.3121300e+00  2.3869071e+00  4.2352037e+00  2.1391466e+00]]

Final Loss: 3.4703
Distance Metric: 53.9345
L1 norm: 1e-05
L2 norm: 0
Batch size: 16
Clipping: 0
Learning rate: 0.01
data size: 5120
init: 0.2
seed: 3

================================================================================

nonoverlappingCNN_tanh -> fcnn_decreasing_sigmoid

Student Model Parameters:
layers.0.weight: [[-0.01439285  0.04221676 -0.00265346 ... -0.1325921   0.11713884
  -0.05427804]
 [-0.1278575   0.15911773 -0.08487112 ... -0.18463954  0.32347414
  -0.09085175]
 [ 0.2924642  -0.30460036  0.12479489 ...  0.09266984 -0.11174656
   0.0267914 ]
 ...
 [ 0.04581895  0.01430328 -0.03866402 ... -0.01046366  0.01194552
   0.00509573]
 [-0.12525976  0.16038896 -0.06412252 ... -0.26333758  0.27146575
  -0.07247955]
 [-0.01366521 -0.02458662 -0.03697992 ... -0.01663187  0.03350879
   0.03079955]]
layers.1.weight: [[-0.0709477  -0.1700974   0.04512525 ... -0.01977483 -0.14292386
  -0.04746606]
 [-0.00706458 -0.04209912 -0.00907725 ... -0.02683766 -0.04722414
  -0.047769  ]
 [ 0.07652602  0.06925012 -0.01853936 ...  0.02079686  0.10699823
   0.03291309]
 ...
 [-0.06052554 -0.07809418  0.01664687 ... -0.05950291 -0.07739744
  -0.04652959]
 [-0.03112856 -0.02068583 -0.01835822 ... -0.02188372 -0.04121403
  -0.03658974]
 [-0.01654007  0.07574158 -0.072915   ... -0.03076802  0.0270387
  -0.03486184]]
layers.2.weight: [[-1.2650031  -0.90779746 -2.94527     0.5246233  -1.2860714  -0.81504554
  -1.1027099   1.710757   -1.4507209  -2.356331   -1.9783404  -2.724398
  -1.9842237  -2.6740768  -1.7437725  -0.39887843 -3.4519641   1.6147038
  -0.52565235  2.363157   -2.4281352  -2.6103249  -4.4728827  -1.701255
  -2.551774    3.7840705  -1.7769595  -1.0384763   3.0305126   0.48058388
  -1.2564878  -1.734167  ]]

Final Loss: 0.1920
Distance Metric: 51.2316
L1 norm: 1e-05
L2 norm: 0
Batch size: 16
Clipping: 0
Learning rate: 0.01
data size: 5120
init: 0.2
seed: 3

================================================================================

nonoverlappingCNN_tanh -> fcnn_decreasing_relu

Student Model Parameters:
layers.0.weight: [[ 0.06086163 -0.1591053  -0.06639808 ...  0.29905027 -0.13192354
  -0.04289629]
 [ 0.00636132 -0.06789897  0.0550453  ... -0.03834376  0.05145514
   0.0248423 ]
 [-0.14703044  0.02519033  0.05727647 ... -0.1147782  -0.00569082
   0.04897504]
 ...
 [ 0.07420648 -0.05359209  0.03084755 ...  0.04491971 -0.00291518
  -0.17510861]
 [-0.07552506 -0.09963192 -0.21078344 ...  0.03040562  0.01269897
   0.0683236 ]
 [ 0.1360202  -0.12073661  0.07150384 ... -0.07208658  0.168627
  -0.00410285]]
layers.1.weight: [[-0.09254419 -0.04550605  0.00429635 ... -0.00247365 -0.0072241
  -0.00596213]
 [ 0.00229644  0.07278714 -0.11630493 ... -0.00179497 -0.10826611
  -0.13462675]
 [ 0.01477332  0.03618804  0.03080288 ...  0.04053922  0.0359729
   0.04586892]
 ...
 [ 0.03788991  0.14413236  0.04340122 ...  0.21013124  0.08290897
   0.00978187]
 [ 0.04541304 -0.01119165 -0.12499736 ...  0.01059825 -0.11698614
  -0.03528315]
 [-0.18169765 -0.02415206 -0.0485561  ...  0.0645429  -0.06610033
   0.02038502]]
layers.2.weight: [[ 0.3342942  -0.7095949   0.2576075  -0.60934275 -1.1941395   0.4328359
   0.6700877  -0.81902534  0.42723772 -0.5642753  -1.1287278  -0.31677577
  -0.59308577  0.1995056  -0.29300284  0.1351105   0.8478864   0.24604581
   0.2663663   0.6869552  -0.86013806  0.28659907  0.554061   -0.06019314
   0.5692744   0.6157853   0.82589763 -0.8073678   0.25593537  0.566031
  -0.51731485  0.42425397]]

Final Loss: 0.1896
Distance Metric: 20.3004
L1 norm: 1e-05
L2 norm: 0
Batch size: 16
Clipping: 0
Learning rate: 0.01
data size: 5120
init: 0.2
seed: 3

================================================================================

nonoverlappingCNN_tanh -> fcnn_decreasing_tanh

Student Model Parameters:
layers.0.weight: [[-0.04135273  0.07965665 -0.00949958 ... -0.01997477 -0.00592703
  -0.01715009]
 [-0.08280681  0.06967673  0.00574457 ...  0.0279962   0.01288437
   0.0311056 ]
 [-0.07761991  0.11520401  0.02190661 ... -0.01381861 -0.02979308
   0.00384915]
 ...
 [-0.09852416  0.03724188 -0.02065839 ...  0.1026446  -0.08170295
   0.00544305]
 [-0.02095158  0.00558019 -0.03676266 ... -0.02696237  0.08341029
  -0.00913673]
 [-0.07992236  0.03953108 -0.04151914 ...  0.00117996  0.04242244
   0.0116449 ]]
layers.1.weight: [[ 0.0377008  -0.05453445 -0.01826943 ... -0.03594466  0.01481915
   0.02252367]
 [ 0.03192988 -0.0021596   0.01009057 ... -0.02185082  0.02153872
   0.02955572]
 [-0.01327281 -0.07340096  0.04071677 ...  0.04303612 -0.05606745
   0.00982018]
 ...
 [-0.00710451 -0.05145333 -0.02930409 ... -0.12871303  0.05708525
   0.03132764]
 [-0.00834024 -0.01861312  0.00689705 ...  0.00689212  0.02568174
   0.01779289]
 [ 0.008698    0.06342495 -0.01949195 ...  0.02341245  0.03615958
  -0.03907662]]
layers.2.weight: [[-4.9492210e-02  3.0163404e-02  1.2593155e-01  4.0721156e-02
  -2.9340141e-02 -4.3961152e-02  5.3347293e-02  4.4669602e-02
   1.3937540e-01  2.1718791e-02  7.9841858e-01 -2.7852410e-02
  -3.4009155e-02  5.0954018e-02  1.2466909e-03 -1.0917895e-02
  -1.9225973e-04  2.8097328e-02  5.8283973e-02  1.6447412e-02
   2.3466818e-02  4.5092583e-01 -7.8758812e-03  3.9306160e-02
   1.6443241e-02 -4.2191118e-02 -7.7520363e-04 -1.6153077e-02
  -5.9432641e-02  3.7534210e-01 -6.5451093e-02 -3.8251851e-02]]

Final Loss: 0.0043
Distance Metric: 13.9798
L1 norm: 1e-05
L2 norm: 0
Batch size: 16
Clipping: 0
Learning rate: 0.01
data size: 5120
init: 0.2
seed: 3

================================================================================

Experiment Summary:
================================================================================

Teacher Model Parameters:
layers.0.weight: [[[ 2.59 -2.83  0.87]]]
layers.1.weight: [[[-1.38  1.29]]]
layers.2.weight: [[[ 0.86 -0.84]]]

================================================================================

nonoverlappingCNN_sigmoid -> fcnn_decreasing_sigmoid

Student Model Parameters:
layers.0.weight: [[ 0.02210239 -0.01866826 -0.0051255  ...  0.0250647  -0.02290859
  -0.01328709]
 [-0.04960471  0.00867944  0.01452295 ... -0.03797671  0.02339392
   0.01122838]
 [-0.02684034  0.0331316  -0.01772969 ...  0.00362771  0.03707558
  -0.0036658 ]
 ...
 [-0.02910995  0.02433237 -0.00408174 ... -0.02670488  0.01165718
   0.00244703]
 [ 0.02361731 -0.04934191  0.03980992 ...  0.01726282 -0.05543734
   0.03803977]
 [ 0.04182303 -0.04905884  0.01038453 ...  0.02158359 -0.05365784
   0.00249469]]
layers.1.weight: [[ 0.00715037  0.01359066  0.02982258 ...  0.01925428 -0.008916
  -0.01985027]
 [-0.01002791  0.00416634  0.01714746 ... -0.00411789 -0.04429973
  -0.00790679]
 [ 0.02905481  0.00301525 -0.02492433 ... -0.00344068  0.03039736
   0.01701501]
 ...
 [-0.01906525  0.00722439  0.02475696 ... -0.01408075 -0.02157152
  -0.00672666]
 [-0.0156363  -0.00510745 -0.014273   ...  0.01805205 -0.00450357
  -0.00038094]
 [ 0.01753319  0.02981866  0.00029101 ... -0.01909624 -0.01123771
  -0.02569756]]
layers.2.weight: [[ 0.15473738  0.27251354 -0.26556197  0.39650914 -0.02259941  0.3184849
   0.10854724 -0.41747132  0.07557373  0.14130156 -0.47714812 -0.17956063
  -0.44821262  0.32899472  0.06774979 -0.02147359  0.19287923 -0.14340149
   0.358967    0.2752536   0.16009097 -0.03431197 -0.12550996 -0.16082443
  -0.05253542 -0.11527808  0.35388625  0.07134888 -0.48977217 -0.03940137
  -0.22213791  0.231109  ]]

Final Loss: 0.0027
Distance Metric: 11.1361
L1 norm: 1e-05
L2 norm: 0
Batch size: 16
Clipping: 0
Learning rate: 0.01
data size: 5120
init: 0.2
seed: 4

================================================================================

nonoverlappingCNN_sigmoid -> fcnn_decreasing_relu

Student Model Parameters:
layers.0.weight: [[-0.12983283  0.08740817 -0.09790359 ...  0.01378237 -0.0459201
  -0.01658411]
 [-0.0960444  -0.07660004 -0.04110696 ... -0.09375193 -0.10105436
  -0.09058529]
 [ 0.05711988  0.26371932  0.01894259 ... -0.0188111  -0.01237914
  -0.08950287]
 ...
 [ 0.09449585 -0.18454842 -0.08426714 ... -0.11539639 -0.0212561
   0.11302353]
 [ 0.0828976   0.14296165 -0.08503568 ... -0.10152476  0.03935233
   0.0037016 ]
 [ 0.07179286 -0.05776158  0.14593698 ... -0.01827888 -0.01653069
  -0.02569563]]
layers.1.weight: [[ 0.01645331  0.00265753  0.02146312 ... -0.05098858 -0.01759557
   0.05101197]
 [-0.10533495 -0.06301667 -0.07807174 ...  0.14467761 -0.10694657
   0.03724707]
 [-0.03372278  0.11225773  0.05742512 ... -0.01944611  0.07945382
  -0.08547954]
 ...
 [ 0.01916831  0.01824745  0.03009675 ... -0.06932618  0.05279078
  -0.07114185]
 [-0.00766538 -0.12750322  0.12922178 ... -0.10250091 -0.08850443
   0.00166898]
 [ 0.032002   -0.09075654 -0.01598743 ...  0.14195383  0.14771599
  -0.0742804 ]]
layers.2.weight: [[-0.25758368 -0.6977668   0.46328926  0.69169503 -0.502663   -0.6910265
  -0.69244367  0.24532235 -0.7386354   0.402014    0.35472724 -0.6173427
   0.29307878 -0.9098624   0.6813867  -0.8340379  -0.56542253  0.3585532
  -0.75101674  0.6059896  -0.4390489  -0.5082171   0.32404488  0.31862357
   0.3478307   0.5194517   0.34742674 -0.6953727  -0.7106751   0.34652528
   0.4640365   0.5669781 ]]

Final Loss: 0.0083
Distance Metric: 21.2802
L1 norm: 1e-05
L2 norm: 0
Batch size: 16
Clipping: 0
Learning rate: 0.01
data size: 5120
init: 0.2
seed: 4

================================================================================

nonoverlappingCNN_sigmoid -> fcnn_decreasing_tanh

Student Model Parameters:
layers.0.weight: [[ 0.06185229 -0.12681071 -0.10059609 ...  0.02788473 -0.18674542
   0.11224132]
 [-0.4665304  -0.7172052  -0.7221607  ... -3.0042038   1.9823526
  -0.25705647]
 [-0.5166807   0.5763906  -0.1842365  ... -0.16761173 -0.5208592
   0.19237275]
 ...
 [ 0.19152796 -0.03436396 -0.04129244 ... -0.01568131 -0.09628518
  -0.00476108]
 [-0.23455612 -2.0464506   0.19391637 ... -2.5937452   0.38536468
   1.9515519 ]
 [-0.11225075  0.10191526 -0.08269455 ... -0.02287855 -0.03975976
   0.19035263]]
layers.1.weight: [[-1.4756727e-02 -7.5780586e-03 -2.6798528e-02 ...  3.3300374e-02
   3.4285959e-02  1.3815259e-03]
 [-5.8527566e-02 -9.0381384e-01 -4.2195362e-01 ...  7.3651329e-02
   1.5845412e+00  3.1034656e-02]
 [-2.5501633e-02  1.6032694e-01 -5.0926137e-01 ... -3.1762905e-02
  -2.5991827e-01 -6.9099881e-02]
 ...
 [-1.4973174e-02  9.6462609e-04  1.7157879e-01 ... -1.8595072e-02
  -4.5237970e-02  1.4225560e-02]
 [ 1.0377625e-01 -6.6181481e-02 -4.4949839e-01 ... -5.9146229e-02
  -5.1585060e-01 -5.0647333e-02]
 [ 9.1727026e-02  1.3985035e+00  2.7174860e-01 ...  6.3043267e-02
  -3.1239903e+00  1.2354895e-01]]
layers.2.weight: [[ 0.15261555  0.41910943 -0.4358598   0.45598343  0.25048327  0.32222986
   0.2725643  -0.28564     0.45206958  0.2556575  -0.29387563 -0.26167354
  -0.30506262 -0.36050868  0.30237097 -0.46832246 -0.44700134 -0.35453597
  -0.35638398 -0.39131993 -0.26706097 -0.40970954  0.20921864  0.24060412
   0.3456035  -0.2957062  -0.36558664 -0.30863655 -0.34764615 -0.2576735
  -0.29659024 -0.42515978]]

Final Loss: 0.0304
Distance Metric: 80.7803
L1 norm: 1e-05
L2 norm: 0
Batch size: 16
Clipping: 0
Learning rate: 0.01
data size: 5120
init: 0.2
seed: 4

================================================================================

nonoverlappingCNN_relu -> fcnn_decreasing_sigmoid

Student Model Parameters:
layers.0.weight: [[-0.01593759  0.02114165 -0.01074499 ... -0.00044877  0.00810918
   0.03739032]
 [ 0.03284326 -0.01796103 -0.06364466 ... -0.0621395   0.02892746
   0.00410766]
 [ 0.04481634 -0.02380488 -0.11048605 ... -0.13319932  0.06027282
   0.00355213]
 ...
 [ 0.01498066  0.04093094  0.04896766 ...  0.00192599 -0.03025647
  -0.01006202]
 [ 0.05573098 -0.09217712 -0.04880071 ... -0.1216316   0.00969994
   0.0046931 ]
 [-0.00760042  0.          0.02252674 ...  0.0670389  -0.04354456
  -0.00674481]]
layers.1.weight: [[ 0.02554279  0.00817623  0.03878504 ... -0.00647331  0.06754913
  -0.04998037]
 [ 0.03133533 -0.03057261 -0.05358559 ... -0.0073459  -0.06117984
  -0.02480368]
 [ 0.03076941  0.10293967  0.23272021 ... -0.03712411  0.34656644
  -0.12394254]
 ...
 [ 0.01049262  0.08484966  0.15998675 ... -0.0094228   0.25717482
  -0.1023779 ]
 [ 0.0065142  -0.00385774 -0.01663995 ...  0.00617034  0.00295934
   0.00695303]
 [ 0.01977041  0.01396255 -0.01598269 ... -0.00069539  0.03129455
  -0.04329935]]
layers.2.weight: [[ 4.27868     3.8786943  -4.456608    0.03876422  1.717804   -2.0337923
   3.463491   -1.4036908  -1.4650843   2.0210068   0.3458957   0.6559289
   3.220908    5.3687463   1.3488446  -0.24541897 -1.7831851  -2.6302798
   2.9632568  -2.6430995   0.73447263  3.402314   -2.684849    3.4786537
  -1.9308449   0.42232606  4.3128533   2.3898115   2.0486681  -2.7766573
   0.35499436  0.42626607]]

Final Loss: 3.4351
Distance Metric: 53.7471
L1 norm: 1e-05
L2 norm: 0
Batch size: 16
Clipping: 0
Learning rate: 0.01
data size: 5120
init: 0.2
seed: 4

================================================================================

nonoverlappingCNN_relu -> fcnn_decreasing_relu

Student Model Parameters:
layers.0.weight: [[ 0.01024815 -0.0153235   0.00109597 ... -0.03527171  0.03323801
  -0.00263676]
 [ 0.04102386  0.02457685 -0.0211186  ... -0.04188119 -0.00634017
  -0.04575802]
 [-0.00628802 -0.00450854 -0.00260598 ... -0.00949902  0.022391
  -0.01840875]
 ...
 [-0.00657992  0.01910062 -0.03784666 ... -0.01005283  0.0015796
   0.02656164]
 [ 0.00500823 -0.00601949  0.00198494 ...  0.01390936  0.
   0.0099815 ]
 [ 0.06110873  0.01959037 -0.03293036 ...  0.03579275  0.04743867
   0.00444352]]
layers.1.weight: [[-0.06444053 -0.02809426  0.03224736 ... -0.02235586 -0.06562465
   0.03746722]
 [-0.02924452  0.03617379 -0.07873566 ...  0.07192218 -0.02692754
   0.01867863]
 [-0.04862177  0.03128847  0.01885562 ... -0.0232467  -0.04920997
   0.01113055]
 ...
 [-0.01194564 -0.00790927  0.04866707 ...  0.06519765  0.0573309
  -0.03187269]
 [ 0.03635615 -0.05785061  0.01162654 ... -0.09875782 -0.03922836
   0.01955124]
 [-0.02071334 -0.04230341 -0.01477774 ... -0.00928092  0.0168329
  -0.02177483]]
layers.2.weight: [[-0.7796718  -0.3583967  -0.21895754  0.2722267   0.47696444 -0.6375333
  -0.08235443  0.57936305  0.05786454  0.10897094  0.18224825 -0.0215197
  -0.28142792 -0.42893472  0.24364297 -0.9469491   0.20698686  0.3530091
  -0.20279947  0.34127605 -0.27977884  0.4064716  -0.28933772 -0.34070203
   0.05399137  0.05373757  0.20175979  0.11404165 -0.40482226  0.06622152
  -0.46427563 -0.22178483]]

Final Loss: 0.0060
Distance Metric: 17.7109
L1 norm: 1e-05
L2 norm: 0
Batch size: 16
Clipping: 0
Learning rate: 0.01
data size: 5120
init: 0.2
seed: 4

================================================================================

nonoverlappingCNN_relu -> fcnn_decreasing_tanh

Student Model Parameters:
layers.0.weight: [[-1.2732147   1.2054118  -1.9385961  ... -1.5692798  -1.0466678
   0.08172183]
 [-0.39895967  0.2134179  -0.03795516 ...  0.07163579  0.13325551
  -0.05110542]
 [ 0.5349623  -2.7846494  -0.5713405  ...  2.4496584  -2.6777344
   0.8146736 ]
 ...
 [ 0.00654173  0.03219355  0.02870376 ...  0.05622629 -0.05184039
   0.0111099 ]
 [-0.0398929  -0.10617276 -0.11982045 ...  0.02326289 -0.04546121
   0.02564639]
 [-1.2247543   2.3404176  -0.15503302 ...  0.19793552  0.75498915
  -2.2688215 ]]
layers.1.weight: [[-0.01835816  0.02724905 -0.00295986 ... -0.0470772  -0.00817905
   0.00858338]
 [-0.01407465 -0.02535059 -0.00874884 ... -0.04307774  0.0357856
   0.02494368]
 [ 0.00416668  0.03085805  0.00343813 ...  0.04368194  0.00826874
  -0.00468066]
 ...
 [-0.02503655  0.02401736 -0.01028979 ... -0.00494976  0.00250238
  -0.00575478]
 [ 0.02573368 -0.00558255 -0.02135403 ...  0.00763778  0.00980001
  -0.01257904]
 [ 0.01464717  0.00465453  0.02419358 ... -0.0326054  -0.00497904
   0.02222026]]
layers.2.weight: [[ 1.83531339e-03  1.21612870e-03 -1.96725279e-02  1.09890068e+00
  -2.21516229e-02 -3.44704576e-02 -1.13791716e+00 -3.50832790e-02
   1.19487858e+00 -3.42982896e-02 -1.09666300e+00 -2.16953531e-02
   1.13601792e+00  1.18843269e+00  3.28943706e+00 -8.27856511e-02
   4.10358742e-04 -4.47893739e-02 -2.31119222e-03  1.07546570e-02
  -1.63924005e-02 -3.22231976e-03  9.38896846e-04  3.28885603e+00
   2.57817414e-02 -5.18007856e-03  9.13153309e-03  8.70001689e-03
  -2.74854200e-03 -1.41529292e-02  5.40525327e-03 -1.54157635e-02]]

Final Loss: 3.5994
Distance Metric: 63.3807
L1 norm: 1e-05
L2 norm: 0
Batch size: 16
Clipping: 0
Learning rate: 0.01
data size: 5120
init: 0.2
seed: 4

================================================================================

nonoverlappingCNN_tanh -> fcnn_decreasing_sigmoid

Student Model Parameters:
layers.0.weight: [[-0.027346    0.01891187  0.00969302 ...  0.00250282  0.02345304
  -0.01737762]
 [-0.02368977 -0.01411709 -0.00855654 ...  0.08050277 -0.05736428
   0.05592572]
 [ 0.08266709 -0.04543407  0.02020264 ...  0.03322413 -0.09402884
   0.00892169]
 ...
 [ 0.02981207  0.02237438  0.00114934 ... -0.05894148  0.0057731
   0.00635737]
 [ 0.00827422  0.00453323  0.03599194 ... -0.06174079  0.02624069
  -0.06000686]
 [ 0.00487992  0.03748265  0.02338271 ... -0.03184208 -0.0126
  -0.03680234]]
layers.1.weight: [[-0.01489918  0.00948028 -0.01781408 ... -0.02380823 -0.01167504
  -0.02521869]
 [-0.00491044 -0.02938956 -0.00065888 ... -0.04397644 -0.03606191
  -0.04403453]
 [-0.04922852 -0.07792059  0.06311482 ... -0.04785907  0.00689076
  -0.03021621]
 ...
 [-0.02854312 -0.04976892  0.02092228 ... -0.04225762  0.00021994
  -0.01115782]
 [ 0.03927479  0.0277381   0.02850563 ...  0.00294007  0.05081735
   0.01673526]
 [ 0.01731865 -0.02415007  0.02764118 ... -0.03859707 -0.00089296
   0.01773803]]
layers.2.weight: [[-0.13866392  0.35331035 -1.6830789  -1.6659698   2.5347726  -0.35792276
  -1.4249082   0.7551959  -0.97772557 -3.1251497  -1.0475062   1.6877387
   1.2121763  -2.9349124  -3.7868237  -1.8586124  -1.8348267  -2.080196
  -1.9617151  -0.95824534 -1.2790167  -2.30779     0.02412551 -2.7004423
  -1.1933573  -1.583312    4.226577   -1.2954326   2.0670779  -1.4089597
  -2.4947484  -2.9572306 ]]

Final Loss: 0.1959
Distance Metric: 48.2520
L1 norm: 1e-05
L2 norm: 0
Batch size: 16
Clipping: 0
Learning rate: 0.01
data size: 5120
init: 0.2
seed: 4

================================================================================

nonoverlappingCNN_tanh -> fcnn_decreasing_relu

Student Model Parameters:
layers.0.weight: [[ 0.00081017 -0.1658994  -0.21509594 ...  0.15287535  0.16051628
  -0.10082589]
 [ 0.01518635  0.05405251 -0.06652563 ... -0.17513955  0.24077863
  -0.06843279]
 [ 0.14881447 -0.21132113  0.01312886 ...  0.10175824 -0.03835661
   0.05724179]
 ...
 [-0.04840241 -0.05725098 -0.122922   ... -0.04638751 -0.09844749
   0.11826614]
 [-0.07608143 -0.195841    0.09363499 ... -0.03198442  0.06570683
   0.02089525]
 [ 0.10999654 -0.15511513  0.00142945 ...  0.02533705 -0.0249294
  -0.02069811]]
layers.1.weight: [[ 0.01860529  0.09761547  0.08755091 ...  0.07274764  0.16831121
  -0.00179853]
 [ 0.06772036 -0.044472   -0.04890761 ... -0.12013652 -0.03319979
  -0.1363963 ]
 [-0.02430215  0.0436905  -0.02053796 ...  0.09355451  0.0468713
   0.07739148]
 ...
 [ 0.00991725 -0.00457389 -0.0545744  ... -0.07433514 -0.07279199
   0.04692208]
 [ 0.09416831  0.01702594 -0.04519891 ...  0.1053303  -0.06245781
  -0.0028921 ]
 [-0.02042632  0.07624707 -0.01870221 ... -0.01393403 -0.00716228
   0.09023114]]
layers.2.weight: [[ 0.23500723  0.60352725  0.19168763 -0.97418684 -0.7478346   0.24399808
   0.42051864  0.4238185   0.16758461  0.28789493  0.27663717  0.5958117
  -0.6863428   0.7905661  -1.064783   -0.7519986  -0.30192357 -1.0031716
  -0.85953635 -0.14750718  0.63714224  0.26536128 -0.5183815  -0.7412371
  -0.6126184   0.44260642  0.32248408 -1.0841105  -0.52880603  0.34071198
  -0.65710205 -0.3573211 ]]

Final Loss: 0.1943
Distance Metric: 20.8298
L1 norm: 1e-05
L2 norm: 0
Batch size: 16
Clipping: 0
Learning rate: 0.01
data size: 5120
init: 0.2
seed: 4

================================================================================

nonoverlappingCNN_tanh -> fcnn_decreasing_tanh

Student Model Parameters:
layers.0.weight: [[ 0.30380785 -0.34878522  0.12206933 ... -0.00936629 -0.06725139
  -0.02153822]
 [ 0.0351476  -0.0994601   0.07268407 ...  0.03191287  0.03866586
  -0.02548728]
 [-0.04459614  0.0260133  -0.03078412 ... -0.03268412  0.04116326
  -0.02758288]
 ...
 [-0.05022988  0.03910001 -0.02176606 ... -0.315634    0.29312113
  -0.12150881]
 [-0.04578084 -0.00981365 -0.02048353 ...  0.01178098 -0.05315001
  -0.00990715]
 [-0.00667208 -0.06329179  0.00125198 ...  0.01500593 -0.01310043
  -0.00387751]]
layers.1.weight: [[-0.04560777  0.01522241  0.01332689 ...  0.0384075  -0.02612981
  -0.04542317]
 [-0.00286885  0.04141664  0.01688728 ... -0.0069344  -0.00193164
  -0.03969496]
 [ 0.04644557  0.04611655  0.01009311 ... -0.0595207  -0.01050861
   0.00098197]
 ...
 [-0.03871717  0.01230608  0.04642506 ...  0.03092489 -0.03570015
  -0.03467412]
 [-0.01414653  0.03792521 -0.01401284 ... -0.02924769 -0.02684074
   0.03611739]
 [-0.00096791  0.03974187  0.02509584 ... -0.01394611  0.0491919
  -0.00901091]]
layers.2.weight: [[-0.11362084 -0.03468093 -0.14023866  0.00312362 -0.12082349 -0.37229332
  -0.01825584  0.02398674 -0.04457648 -0.02901382  0.02006452 -0.01322413
  -0.1154679  -0.06209436 -0.04036827 -0.01325221  0.05332733 -0.07205942
  -0.02710535  0.02771064 -0.04546778 -0.45249972 -0.05185216  0.04627286
   0.00111245 -0.37484077 -0.05856891  0.00597586 -0.4387603  -0.0137013
  -0.04196408  0.02328962]]

Final Loss: 0.0046
Distance Metric: 14.0029
L1 norm: 1e-05
L2 norm: 0
Batch size: 16
Clipping: 0
Learning rate: 0.01
data size: 5120
init: 0.2
seed: 4

================================================================================

Experiment Summary:
================================================================================

Teacher Model Parameters:
layers.0.weight: [[[ 2.59 -2.83  0.87]]]
layers.1.weight: [[[-1.38  1.29]]]
layers.2.weight: [[[ 0.86 -0.84]]]

================================================================================

nonoverlappingCNN_sigmoid -> fcnn_decreasing_sigmoid

Student Model Parameters:
layers.0.weight: [[-0.01850034  0.01413994 -0.01949511 ... -0.02788651  0.02668074
  -0.01321585]
 [ 0.0077321   0.02314323 -0.02311995 ...  0.00640061  0.00718435
   0.00208234]
 [-0.00413178  0.02365132 -0.02402908 ... -0.03617067  0.02109041
   0.01954928]
 ...
 [ 0.01360382 -0.03935189  0.00048265 ...  0.05197205 -0.04043161
  -0.0143065 ]
 [-0.0271032   0.00078707  0.01381692 ...  0.00600597  0.01028188
   0.01210564]
 [-0.00226251 -0.03504075  0.02708445 ...  0.01739912 -0.00822171
   0.01362706]]
layers.1.weight: [[ 0.02345187 -0.01963344  0.00265347 ...  0.01117118 -0.02599787
  -0.01622848]
 [-0.0234748   0.00089967  0.00743975 ...  0.02275366  0.01479957
   0.00496885]
 [ 0.03718074 -0.01264162  0.0278693  ... -0.01395964  0.0039128
  -0.0076585 ]
 ...
 [-0.03303253 -0.02669841 -0.00704658 ...  0.02169528  0.02926863
   0.02953926]
 [ 0.00985843  0.0188709   0.         ... -0.02553856  0.02428017
  -0.00606281]
 [-0.02877     0.01204741 -0.01390738 ...  0.02796944  0.00475139
  -0.00827894]]
layers.2.weight: [[ 0.18254797 -0.36937395  0.33302197  0.09472244 -0.03728223  0.1456674
   0.32080764 -0.00622789 -0.10135704 -0.36643675 -0.06596335  0.21848091
  -0.3492828  -0.19038698 -0.34634942  0.28093782 -0.32101357 -0.24455321
   0.35489225  0.0435087  -0.0904761   0.05691781 -0.32350272 -0.15199187
   0.41359848  0.29498115  0.12211134  0.14989714  0.29642892 -0.13256603
   0.36178708 -0.34317818]]

Final Loss: 0.0028
Distance Metric: 11.2770
L1 norm: 1e-05
L2 norm: 0
Batch size: 16
Clipping: 0
Learning rate: 0.01
data size: 5120
init: 0.2
seed: 5

================================================================================

nonoverlappingCNN_sigmoid -> fcnn_decreasing_relu

Student Model Parameters:
layers.0.weight: [[ 0.141224   -0.11915107  0.14373569 ... -0.21043886  0.20304841
   0.08446962]
 [ 0.04216713 -0.16484742 -0.09176422 ... -0.06550561 -0.04715232
   0.06980994]
 [-0.17432582 -0.11320962 -0.1704553  ... -0.12606712  0.15196858
   0.19929962]
 ...
 [ 0.07885475 -0.1550873  -0.10785019 ... -0.02979402 -0.06775131
  -0.09708797]
 [ 0.03206781 -0.13135059  0.00379909 ...  0.181031    0.04748437
  -0.10220049]
 [ 0.04808884  0.15407015 -0.03038841 ...  0.10055403  0.12412462
   0.03535576]]
layers.1.weight: [[ 0.04202835 -0.00097327  0.09921457 ... -0.08800743 -0.063986
  -0.09518082]
 [ 0.08514158 -0.07413402 -0.02818953 ... -0.00678701 -0.03121808
  -0.15814589]
 [-0.04760091  0.09815874  0.14028603 ... -0.08308051 -0.0397143
   0.15987901]
 ...
 [-0.01497184 -0.04780378  0.10483158 ...  0.03503075 -0.01965919
   0.12852335]
 [ 0.03732187 -0.02052456  0.03281463 ... -0.01863918 -0.02393438
   0.00069974]
 [ 0.07730485 -0.06739745 -0.10086976 ...  0.08230791 -0.00700597
  -0.0682501 ]]
layers.2.weight: [[-0.65845317  0.44512758  0.43905616  0.46238828 -0.81674415 -0.45375112
   0.53089225 -0.56567836  0.23468496  0.31911218  0.46257594  0.44695356
   0.32700613 -0.5520578   0.30594817  0.51312065  0.25090265 -0.58592665
  -0.6079055  -0.86412364 -0.7038664   0.30449447 -0.6327063  -0.4414492
  -0.7389419  -0.550038    0.31628284 -0.66052383  0.5405002  -0.61035985
   0.17449076 -0.9133919 ]]

Final Loss: 0.0086
Distance Metric: 21.5551
L1 norm: 1e-05
L2 norm: 0
Batch size: 16
Clipping: 0
Learning rate: 0.01
data size: 5120
init: 0.2
seed: 5

================================================================================

nonoverlappingCNN_sigmoid -> fcnn_decreasing_tanh

Student Model Parameters:
layers.0.weight: [[ 5.7002917e-02  7.9502039e-02  1.0743992e-01 ... -2.1210322e-02
   9.6445605e-03  4.3447342e-02]
 [ 3.1442931e-01  1.9420803e-01  3.7140417e-01 ... -3.4540790e-01
  -3.2948598e-01  4.7916269e-01]
 [-2.6517552e-01 -1.0933437e+00  1.8033721e-01 ... -1.1861424e-01
   4.6157482e-01  4.2404145e-01]
 ...
 [-6.8061841e-01 -9.5867383e-04  6.9987607e-01 ... -2.8335315e-01
   5.8729905e-01  1.0841707e+00]
 [-1.6684017e-01 -5.0883652e-03  6.1518461e-01 ... -1.7091125e-02
  -9.0234971e-01 -1.5812304e+00]
 [-9.3659107e-03 -2.4492182e-01 -5.4592807e-02 ...  6.7200541e-02
  -4.1154969e-02 -7.9427138e-02]]
layers.1.weight: [[-0.06440523  0.9188089  -0.34157017 ...  0.05881077  0.23171559
  -0.06264859]
 [ 0.01839493 -0.13463369 -0.04415471 ...  0.0053741   0.07594441
  -0.03115565]
 [-0.03885379  0.11144273  0.00990066 ... -0.14422643 -0.0778148
   0.01404495]
 ...
 [ 0.00250579  0.00237178  0.07156808 ...  0.02612442 -0.03222037
   0.00306745]
 [ 0.07880411 -0.2863461  -0.0994755  ... -0.3259435  -0.30273733
   0.08450548]
 [ 0.05203448  0.03472635 -0.00930428 ... -0.14167552 -0.5492814
   0.09617696]]
layers.2.weight: [[-0.4012855  -0.26900333  0.20259163  0.1533606  -0.3879232   0.40160042
  -0.27996087  0.28246784 -0.3396518   0.29649508 -0.42178714 -0.3391786
   0.21599889  0.45650584  0.34149754 -0.5029454   0.41816157  0.06263725
  -0.0257787   0.3108646   0.2827871   0.4985504  -0.39724904 -0.35849622
  -0.46315265  0.46589914 -0.35144272  0.04834358  0.29651985  0.2005099
  -0.3188733   0.364009  ]]

Final Loss: 0.0304
Distance Metric: 79.2947
L1 norm: 1e-05
L2 norm: 0
Batch size: 16
Clipping: 0
Learning rate: 0.01
data size: 5120
init: 0.2
seed: 5

================================================================================

nonoverlappingCNN_relu -> fcnn_decreasing_sigmoid

Student Model Parameters:
layers.0.weight: [[-0.20437703  0.1348671  -0.16872895 ... -0.09301721  0.10030869
  -0.17468661]
 [-0.00891042 -0.0054648  -0.06301317 ... -0.00543964 -0.00340758
  -0.03297931]
 [ 0.25131142 -0.17114727  0.1747707  ...  0.09950096 -0.10020961
   0.12408511]
 ...
 [ 0.01561489  0.05732676  0.04158968 ... -0.05679103  0.05453328
  -0.02395537]
 [-0.09166765  0.09220516 -0.06279241 ... -0.07130716  0.03498923
  -0.07825962]
 [ 0.02252678 -0.05049258  0.00078586 ...  0.15006915 -0.07190361
   0.08093345]]
layers.1.weight: [[-0.00021676  0.00639395 -0.0114979  ...  0.00819894  0.02840877
   0.00874127]
 [ 0.15074368  0.0379948  -0.15671471 ... -0.01961387  0.07953174
  -0.11083572]
 [ 0.02524891  0.00425423 -0.0139769  ... -0.02424539  0.01318924
  -0.02346837]
 ...
 [ 0.03948266  0.         -0.01820026 ... -0.03636103  0.02255523
   0.04386105]
 [ 0.05828678  0.02620651 -0.03732073 ... -0.03709659  0.00591759
   0.01357083]
 [ 0.03460293  0.01673993 -0.03435948 ... -0.01215218  0.0252116
   0.00384986]]
layers.2.weight: [[ 0.7457127   5.1862426   1.3960763   0.776012   -2.015533    1.2961404
  -2.517107    0.36973736  0.14696558 -1.9937509   3.3379884  -2.8414197
   1.1975421  -4.948898    1.8304467   0.19589773  3.4320219   3.2430506
   4.072567    1.0838343   1.8931985  -0.7639253   2.9186132  -2.5698667
   0.83102554  2.6959105  -0.9070936  -3.1740894   1.1044884   3.5358756
   1.7383891   0.9462303 ]]

Final Loss: 3.2133
Distance Metric: 52.7771
L1 norm: 1e-05
L2 norm: 0
Batch size: 16
Clipping: 0
Learning rate: 0.01
data size: 5120
init: 0.2
seed: 5

================================================================================

nonoverlappingCNN_relu -> fcnn_decreasing_relu

Student Model Parameters:
layers.0.weight: [[-4.3310641e-04  6.1394474e-03  3.5830513e-03 ... -1.0268888e-01
   1.3074033e-01 -3.9402630e-02]
 [-3.2264221e-02  2.3018137e-02 -7.8920061e-03 ... -2.8236723e-02
   5.8162559e-02 -1.0243068e-02]
 [ 6.2868011e-01 -6.6220015e-01  1.8442173e-01 ... -3.7246883e-02
   5.7314034e-03  2.3833524e-02]
 ...
 [ 2.1247469e-02  3.3347640e-02  3.5425752e-02 ...  2.1800524e-02
  -4.6965171e-02  1.4584309e-02]
 [-2.4109813e-03  6.6309079e-04  3.2559573e-04 ...  4.3706801e-03
   6.9078733e-04  8.7719120e-04]
 [-1.0668703e-03  1.5986849e-02  7.8661554e-03 ... -8.9107435e-03
   3.8144919e-03 -3.4485632e-03]]
layers.1.weight: [[ 0.05320023  0.0643067  -0.07994039 ... -0.03538082 -0.06369095
   0.04389213]
 [-0.06713986  0.03987888 -0.04390087 ...  0.01531381  0.02776653
  -0.05140673]
 [ 0.13784611  0.08335092 -0.02110208 ...  0.04238915  0.04635451
  -0.03190386]
 ...
 [ 0.06214999  0.         -0.03977901 ... -0.02202022 -0.07222225
   0.11057963]
 [-0.10362723 -0.01781034 -0.13521174 ...  0.09629589  0.00568329
  -0.0445259 ]
 [ 0.07338203 -0.00761166  0.0469458  ...  0.02203442 -0.00371856
  -0.02001019]]
layers.2.weight: [[ 0.06677935 -0.19234298 -0.0436849  -0.83797866 -0.13067879 -0.05197971
   0.5354874   0.47346228 -0.29740208 -0.23466308 -0.37321004  0.5489805
  -0.15868692  0.44393876 -0.44469005 -0.05933603  0.41126764  0.05735581
  -0.41695914 -0.31847736  0.06754512  0.14758658 -0.6411352   0.13472262
  -0.44429758 -0.10090413  0.05111217 -0.07186761 -0.361834   -0.04403391
   0.15310432 -0.26641455]]

Final Loss: 0.0060
Distance Metric: 17.5210
L1 norm: 1e-05
L2 norm: 0
Batch size: 16
Clipping: 0
Learning rate: 0.01
data size: 5120
init: 0.2
seed: 5

================================================================================

nonoverlappingCNN_relu -> fcnn_decreasing_tanh

Student Model Parameters:
layers.0.weight: [[ 0.13321517 -0.09133615 -0.03291432 ...  0.02073199 -0.04721138
   0.08289301]
 [-0.02592785  0.04808883  0.1213965  ... -0.16923049 -0.07648535
   0.01054593]
 [ 0.20224974 -0.00784811 -0.09315593 ...  0.10565835 -0.01269866
   0.12213592]
 ...
 [ 0.07485955 -0.19493318 -0.05615899 ...  0.00615558 -0.09393014
   0.095907  ]
 [ 0.10349281 -0.04356464 -0.09134461 ...  0.05115471 -0.02812015
  -0.01581736]
 [ 1.7448826   0.90414035  0.10475961 ... -0.3000514  -0.54746205
  -0.7718456 ]]
layers.1.weight: [[ 0.05761236  0.07973718 -0.07999488 ...  0.14958364 -0.04029604
  -0.07315515]
 [-0.01315628  0.05279542  0.02273579 ...  0.00230889 -0.0384516
   0.0339329 ]
 [-0.01695176 -0.11369465 -0.07302816 ... -0.09266656  0.06666672
  -0.12101301]
 ...
 [-0.01360253 -0.01170296  0.02976278 ...  0.0144136   0.05817075
  -0.01543908]
 [-0.04236164 -0.02895775 -0.03213797 ... -0.02951019 -0.00790098
  -0.02480666]
 [-0.04194687  0.00218466 -0.00905195 ...  0.02026236 -0.04208014
   0.00745699]]
layers.2.weight: [[ 4.7580737e-01  8.8262707e-02  8.7326980e-01  1.4964106e-02
  -3.0952153e+00 -2.2024006e-02 -1.0795908e-01  3.0695076e+00
  -6.0382582e-02 -1.4910120e-01  1.0814261e+00 -3.7336576e-01
   1.0928644e+00 -1.3811325e-02 -3.1834181e-02 -5.0014764e-01
   1.8301941e-02  3.0749359e+00 -1.1077479e-02 -2.0109089e-03
  -2.0835936e-02 -4.4045416e-03 -2.1482507e-02  1.3229229e-01
   1.5237173e-01  4.8711296e-02 -2.4952514e-02 -3.6776757e-01
   3.0397975e+00  1.4936218e-01 -1.9109232e-02 -5.7394449e-02]]

Final Loss: 3.3583
Distance Metric: 68.7861
L1 norm: 1e-05
L2 norm: 0
Batch size: 16
Clipping: 0
Learning rate: 0.01
data size: 5120
init: 0.2
seed: 5

================================================================================

nonoverlappingCNN_tanh -> fcnn_decreasing_sigmoid

Student Model Parameters:
layers.0.weight: [[-0.05866706  0.06368703 -0.03900178 ... -0.00316847  0.03544578
   0.0081131 ]
 [ 0.07260966 -0.08784201  0.02465382 ...  0.04663634 -0.03670233
  -0.0231489 ]
 [-0.00959885 -0.01602597 -0.0247311  ...  0.02056617  0.03231231
  -0.00667937]
 ...
 [ 0.09683863 -0.13112447  0.07044547 ...  0.05873242 -0.05400732
   0.05564727]
 [ 0.09598994 -0.09743463  0.03621275 ...  0.02267053 -0.047025
   0.02320309]
 [-0.07965302  0.04411101 -0.04195746 ... -0.0630934   0.03839254
  -0.04725182]]
layers.1.weight: [[ 0.00386239  0.02479101 -0.02297417 ...  0.02341353 -0.0071557
  -0.01726524]
 [-0.07085635  0.02186581 -0.07183208 ...  0.02281844  0.0023633
  -0.06873365]
 [ 0.00091234  0.00869521  0.00176847 ... -0.03787063 -0.00770705
   0.00037973]
 ...
 [ 0.00997928  0.01115301 -0.02180916 ...  0.01505149  0.01688831
   0.01485757]
 [ 0.03971093  0.06418265  0.06558853 ...  0.05351764  0.05224997
   0.07226504]
 [-0.00501369 -0.01827854 -0.00442369 ... -0.0076632  -0.0403448
  -0.05133791]]
layers.2.weight: [[-2.4363925   0.9995795  -1.4449953  -2.1894517  -0.97550344 -1.5550171
  -1.8112711  -1.2769444  -3.3615172  -1.3344373   1.6545699  -0.89302874
  -2.0744967  -1.1748872  -1.6499724   0.21703655 -2.4165506  -0.21230543
  -1.3413135  -1.150465   -1.5541897  -2.2991543   1.3440435   1.8550392
  -1.9970902  -1.214244   -0.9726548  -1.8338145   4.6963434  -2.2414122
  -2.0415156   3.739163  ]]

Final Loss: 0.1844
Distance Metric: 48.0080
L1 norm: 1e-05
L2 norm: 0
Batch size: 16
Clipping: 0
Learning rate: 0.01
data size: 5120
init: 0.2
seed: 5

================================================================================

nonoverlappingCNN_tanh -> fcnn_decreasing_relu

Student Model Parameters:
layers.0.weight: [[-0.18615553  0.18089819 -0.04518924 ... -0.03770905  0.00667759
  -0.02366811]
 [ 0.05015032  0.0291497  -0.12342916 ... -0.03057702  0.08316531
  -0.07237266]
 [ 0.08125076 -0.06054692  0.07979779 ... -0.01231143  0.06887061
  -0.08236123]
 ...
 [-0.0106161   0.06398727  0.1565788  ...  0.023655    0.10448915
   0.07860593]
 [ 0.03715085  0.07612614 -0.07410411 ...  0.09466395 -0.06770196
   0.11201903]
 [-0.02252508  0.07888523 -0.03416563 ...  0.24301128  0.07582061
  -0.01499027]]
layers.1.weight: [[-0.07869751 -0.00216508  0.08328945 ... -0.00238448  0.02835676
   0.00762089]
 [-0.0772542   0.16021463 -0.09848588 ...  0.05653807  0.05527253
   0.01866045]
 [-0.1995949  -0.04971761  0.01477623 ...  0.03061399  0.12215408
   0.06329619]
 ...
 [-0.05379616 -0.04072602 -0.09044576 ...  0.08867854 -0.09525087
   0.09210712]
 [ 0.01006354  0.00407544  0.06714597 ... -0.01457073 -0.14505394
  -0.14046323]
 [-0.0159805  -0.01306451  0.0026161  ...  0.02565409 -0.11085983
   0.03047356]]
layers.2.weight: [[ 0.49761942 -0.68105537 -0.52894926  0.36194167 -0.32064414  0.3176768
  -1.0461442   0.5412821  -0.37344074 -0.5407703   0.63100994  0.4734526
  -1.1288944   0.49477455 -0.5804713  -1.0661147   0.62644565  0.65902114
  -0.36603323  0.45492187  0.25620645 -0.5476289   0.35243845  0.57793033
  -0.39061847  0.5901799  -0.63289094  0.39555487 -0.5315779   0.64816415
   0.6852297   0.6843454 ]]

Final Loss: 0.1816
Distance Metric: 20.6947
L1 norm: 1e-05
L2 norm: 0
Batch size: 16
Clipping: 0
Learning rate: 0.01
data size: 5120
init: 0.2
seed: 5

================================================================================

nonoverlappingCNN_tanh -> fcnn_decreasing_tanh

Student Model Parameters:
layers.0.weight: [[ 0.03597096 -0.00832263  0.03953435 ... -0.04672868  0.03579749
   0.02788188]
 [ 0.00061022 -0.04965893 -0.04802366 ...  0.01320051 -0.03200946
  -0.03503336]
 [ 0.04353603  0.02362126 -0.04754611 ...  0.01145595 -0.02335194
  -0.01568672]
 ...
 [ 0.03227261  0.          0.0255867  ...  0.00193247 -0.02345446
  -0.0081402 ]
 [ 0.02853874  0.03133883  0.03729569 ... -0.04061352 -0.03389062
   0.04647885]
 [ 0.01160759  0.04542254 -0.03455033 ...  0.01371676  0.02791584
  -0.04546799]]
layers.1.weight: [[ 0.03638838  0.00305417  0.03956905 ... -0.04631528 -0.00562849
  -0.0394824 ]
 [-0.01386672 -0.04303135 -0.00933433 ...  0.00140111 -0.00826529
  -0.00421801]
 [ 0.04314356 -0.03328587 -0.02204032 ...  0.01364787  0.02357522
  -0.02835389]
 ...
 [ 0.01989951 -0.02745135 -0.00703174 ... -0.03404155  0.04531093
  -0.0023552 ]
 [ 0.00174621 -0.00503598 -0.02253028 ... -0.029502   -0.00677296
  -0.02949705]
 [ 0.04424012 -0.00469738  0.044678   ... -0.02263168 -0.04782815
   0.01125473]]
layers.2.weight: [[-0.05357505  0.10688766 -0.10591985  0.088378   -0.08851942  0.12095892
   0.05864185  0.13317412 -0.10991336 -0.01413569 -0.08092501  0.01538103
   0.08410639  0.12969719 -0.03185878 -0.07720328  0.03481339 -0.10740948
  -0.06663401 -0.07599823  0.01170534 -0.01500816 -0.13056228  0.08228114
   0.00561824 -0.10335091  0.07548688  0.02995094 -0.06277638  0.10639136
  -0.0595097  -0.02297911]]

Final Loss: 0.0028
Distance Metric: 5.4715
L1 norm: 1e-05
L2 norm: 0
Batch size: 16
Clipping: 0
Learning rate: 0.01
data size: 5120
init: 0.2
seed: 5
