Experiment Summary:
================================================================================

Teacher Model Parameters:
conv1.weight: [[[ 2.59 -2.83  0.87]]]
conv2.weight: [[[-1.38  1.29]]]
conv3.weight: [[[ 0.86 -0.84]]]

================================================================================

nonoverlapping_CNN_relu -> overlapping_CNN_relu

Student Model Parameters:
conv1.weight: [[[ 0.10292292  0.7108724   0.16535808]]

 [[-0.04165921  0.6178782  -1.3430367 ]]

 [[-0.5131405   1.4784038   1.001421  ]]

 [[ 1.5631424  -1.7079949   0.5250761 ]]]
conv2.weight: [[[ 0.09934803 -0.3845936 ]
  [-0.11077114 -0.28075856]
  [-0.20747465 -0.32418737]
  [-0.19804598 -0.26766214]]

 [[-0.25623846  0.28965536]
  [-0.93986946  0.20800757]
  [-1.1366622   0.08762819]
  [ 0.3086968  -0.3500755 ]]

 [[-0.38322812  0.18576843]
  [ 0.          0.01567442]
  [-0.14774288 -0.51137024]
  [ 0.38755774 -0.34960505]]

 [[ 0.          0.        ]
  [ 0.          0.        ]
  [ 0.          0.        ]
  [-1.6680255   1.5592643 ]]]
conv3.weight: [[[ 0.26502675  0.15462655]
  [-0.4191926   0.        ]
  [-0.7426738   0.        ]
  [ 1.1788702  -1.1514142 ]]]

Final Loss: 0.0000
Distance Metric: 8.1303
L1 norm: 0
L2 norm: 1e-05
Batch size: 32
Clipping: 0

================================================================================

nonoverlapping_CNN_relu -> overlapping_CNN_sigmoid

Student Model Parameters:
conv1.weight: [[[-1.184754    1.2556291  -0.186174  ]]

 [[-0.64184344  1.0064005  -0.69421786]]

 [[-4.150154    4.40641    -1.2007884 ]]

 [[ 1.0196024  -0.8185396   0.14696907]]]
conv2.weight: [[[-2.417535    5.0371356 ]
  [-1.2886703   3.4778771 ]
  [-1.2446369   6.984049  ]
  [ 4.6238832  -4.442292  ]]

 [[ 4.657062   -2.418765  ]
  [ 4.898472   -3.9527562 ]
  [ 5.19654    -3.650858  ]
  [-5.408052    2.8466403 ]]

 [[ 1.1704572  -1.5881904 ]
  [ 1.188233    1.5968466 ]
  [ 0.9389314   1.144839  ]
  [-5.479837   -2.1576328 ]]

 [[-1.163306    3.8052638 ]
  [-0.20705493  7.590716  ]
  [ 1.0617672   2.3922446 ]
  [ 3.8995616  -3.664238  ]]]
conv3.weight: [[[ -9.96709     7.6262326]
  [  9.218953   -3.0745096]
  [ -8.203066    3.277904 ]
  [-11.372768    6.5297446]]]

Final Loss: 3.4445
Distance Metric: 53.0342
L1 norm: 0
L2 norm: 1e-05
Batch size: 32
Clipping: 0

================================================================================

nonoverlapping_CNN_relu -> overlapping_CNN_tanh

Student Model Parameters:
conv1.weight: [[[-1.3018105   0.6959609   1.2465082 ]]

 [[ 0.59826386 -0.01793565  1.0779535 ]]

 [[ 1.8653742  -2.3619099   1.1497943 ]]

 [[ 0.41413057 -0.5294892   0.16716449]]]
conv2.weight: [[[-0.33769104  0.01845997]
  [ 0.         -0.39807472]
  [-0.69354796  0.27230108]
  [-0.5603708   0.5612313 ]]

 [[-0.19677602  0.6908588 ]
  [ 0.          0.06887916]
  [ 0.59814936  0.5383681 ]
  [ 1.2526404  -0.18823795]]

 [[-0.5070253   0.30624554]
  [ 0.15254213 -0.43411896]
  [ 0.3816348   1.9761083 ]
  [ 1.5378176  -3.342083  ]]

 [[-0.6361896   0.13503982]
  [ 0.23331662 -0.03989619]
  [ 0.73009     1.3483574 ]
  [ 1.0037076   1.5508399 ]]]
conv3.weight: [[[ 0.06959861 -0.14836429]
  [ 0.19831786 -0.21934271]
  [-2.0065706   0.27014726]
  [ 1.799247   -0.07659516]]]

Final Loss: 3.7524
Distance Metric: 12.8501
L1 norm: 0
L2 norm: 1e-05
Batch size: 32
Clipping: 0

================================================================================

nonoverlapping_CNN_sigmoid -> overlapping_CNN_relu

Student Model Parameters:
conv1.weight: [[[-0.2240437   1.910133   -0.48091635]]

 [[-0.35194016 -0.14395368  0.34173846]]

 [[-0.13934506 -0.31724653 -0.6318488 ]]

 [[ 0.54174423 -0.05734009  0.21383291]]]
conv2.weight: [[[-0.08235406  0.20602192]
  [-0.20646878  0.47647855]
  [ 0.13272113  0.34308878]
  [ 0.8360078  -0.01510126]]

 [[-0.46826947 -0.28192773]
  [-0.01534718 -0.7122622 ]
  [ 0.41444603  0.16151895]
  [-0.44219986 -0.03212065]]

 [[ 0.54487413 -0.31703377]
  [ 0.29815248 -0.55538684]
  [ 0.8533555  -0.41897416]
  [ 0.5767146  -0.5387438 ]]

 [[ 0.13163522 -0.01121334]
  [ 0.6910436   0.33906117]
  [ 0.18836252  0.21065246]
  [-0.23078951  0.6215883 ]]]
conv3.weight: [[[0.15885249 0.24126343]
  [0.03644003 0.04902536]
  [0.05951918 0.02373267]
  [0.26165405 0.21552467]]]

Final Loss: 0.0117
Distance Metric: 7.5245
L1 norm: 0
L2 norm: 1e-05
Batch size: 32
Clipping: 0

================================================================================

nonoverlapping_CNN_sigmoid -> overlapping_CNN_sigmoid

Student Model Parameters:
conv1.weight: [[[-0.21490937  0.16522755  0.46732253]]

 [[ 0.469796   -0.45328566 -0.12146757]]

 [[ 1.8325528  -1.9795383   0.5701379 ]]

 [[ 0.6479711  -0.4291898  -0.12180609]]]
conv2.weight: [[[ 0.35454947  0.2828638 ]
  [ 0.7025411   0.        ]
  [-0.5343756   0.6617505 ]
  [ 0.03853975 -0.31503972]]

 [[ 0.1103632  -0.12174616]
  [-0.17272058 -0.6704741 ]
  [-0.47730872  0.92215085]
  [-0.2856814   0.688549  ]]

 [[ 0.36400548 -0.15583251]
  [-0.1706534  -0.18329842]
  [-0.5994397   0.07296143]
  [ 0.41665778  0.77375126]]

 [[ 0.04940977  0.3549465 ]
  [-0.6228087  -0.41048205]
  [ 1.3258337  -0.3500294 ]
  [-0.25287256  0.63639826]]]
conv3.weight: [[[ 0.62293756 -0.60964286]
  [ 0.7265493  -0.7275732 ]
  [-0.06609713  0.08442368]
  [-0.6322793   0.61673176]]]

Final Loss: 0.0000
Distance Metric: 6.8299
L1 norm: 0
L2 norm: 1e-05
Batch size: 32
Clipping: 0

================================================================================

nonoverlapping_CNN_sigmoid -> overlapping_CNN_tanh

Student Model Parameters:
conv1.weight: [[[-1.8568584   0.70386827  0.82534367]]

 [[ 1.1347065  -0.7014975  -0.5166576 ]]

 [[ 0.55885303 -0.82777506  0.17399122]]

 [[-1.0063276  -1.2610943   0.5375028 ]]]
conv2.weight: [[[-1.0021054   0.07457904]
  [ 1.1742309   0.13710378]
  [ 0.40208614 -1.0808526 ]
  [ 0.5249443   0.6462633 ]]

 [[ 0.         -0.7798245 ]
  [ 0.19410554  0.23863514]
  [-0.630722   -0.5008438 ]
  [ 0.11881598 -0.13044132]]

 [[ 1.2891957   1.016635  ]
  [-0.376302    0.25278285]
  [ 0.73672587 -0.02987636]
  [-0.62674767  0.30367348]]

 [[ 0.7020773  -0.4852292 ]
  [-0.7588032   0.04972708]
  [ 0.         -0.05074906]
  [-0.33689037 -0.10993396]]]
conv3.weight: [[[-0.27207634  0.32714012]
  [-0.12343707 -0.4575884 ]
  [-0.07597968 -0.43376428]
  [-0.10056177  0.7128232 ]]]

Final Loss: 0.2364
Distance Metric: 8.2568
L1 norm: 0
L2 norm: 1e-05
Batch size: 32
Clipping: 0

================================================================================

nonoverlapping_CNN_tanh -> overlapping_CNN_relu

Student Model Parameters:
conv1.weight: [[[-1.337789    1.4776969  -0.5301372 ]]

 [[ 0.91004604 -0.04966856 -1.1589652 ]]

 [[ 1.0792407  -0.7054222   0.        ]]

 [[ 0.85209936 -0.8724152   0.3453805 ]]]
conv2.weight: [[[-0.0566976  -0.883741  ]
  [ 0.10076395  0.420954  ]
  [ 0.2245836  -1.0099763 ]
  [-0.12801918  0.7598397 ]]

 [[ 0.09869105  0.0129365 ]
  [-0.4129564  -0.06935427]
  [ 0.7528255   0.33371684]
  [-0.10264129  0.28007543]]

 [[-1.3231684   0.2595338 ]
  [ 0.25735644  0.20332086]
  [-0.273193   -0.39491883]
  [ 0.5912912   0.27839795]]

 [[ 0.42967793 -1.0558488 ]
  [ 0.49506748  0.12040924]
  [-0.88619924  0.08746454]
  [-1.0120181   0.07708568]]]
conv3.weight: [[[ 0.9511678  -0.18586555]
  [ 0.2550306  -0.09150247]
  [-0.84109914  0.4405238 ]
  [ 0.24781024 -1.4198662 ]]]

Final Loss: 0.2139
Distance Metric: 8.9518
L1 norm: 0
L2 norm: 1e-05
Batch size: 32
Clipping: 0

================================================================================

nonoverlapping_CNN_tanh -> overlapping_CNN_sigmoid

Student Model Parameters:
conv1.weight: [[[ 3.867816   -4.233309    1.5428239 ]]

 [[-0.34748676  0.52978224 -0.12195224]]

 [[ 5.433004   -6.0064855   1.743751  ]]

 [[ 0.26404032 -1.1286478   0.12545833]]]
conv2.weight: [[[-2.0885775   0.5387608 ]
  [-0.87089163 -0.26119137]
  [-2.2359364   2.2952724 ]
  [-0.4061913  -0.60026217]]

 [[-1.5788345   1.7691128 ]
  [-0.19060017 -0.20115389]
  [-3.2661207   2.9827607 ]
  [-0.10060069 -0.06478034]]

 [[ 1.5067748  -2.295863  ]
  [-0.01321106  0.20011286]
  [ 2.6311042  -2.3680613 ]
  [-0.02384817 -0.24492511]]

 [[ 1.5175867  -1.4472878 ]
  [-0.943264   -1.4228243 ]
  [ 3.0078335  -2.0919466 ]
  [-0.8129461   0.14481929]]]
conv3.weight: [[[-0.71372783 -3.5719817 ]
  [ 2.6353242  -3.540238  ]
  [-2.8874907   2.0345356 ]
  [-4.590638    0.59525996]]]

Final Loss: 0.1847
Distance Metric: 28.3670
L1 norm: 0
L2 norm: 1e-05
Batch size: 32
Clipping: 0

================================================================================

nonoverlapping_CNN_tanh -> overlapping_CNN_tanh

Student Model Parameters:
conv1.weight: [[[-1.2038324   0.52592593  0.3135231 ]]

 [[ 0.89141613 -0.93516237  0.23406453]]

 [[ 2.5521667  -2.7881136   0.85645646]]

 [[-0.7284958  -1.1404265   0.24042253]]]
conv2.weight: [[[-0.2973715   0.19045568]
  [ 0.49097812  0.28800282]
  [-0.0574918  -1.0030472 ]
  [ 0.5700216   0.6692672 ]]

 [[ 0.26745218 -0.21359205]
  [ 0.0186785  -0.05058303]
  [-0.48903865  0.44122884]
  [-0.05560901  0.15338162]]

 [[ 0.          0.        ]
  [ 0.          0.        ]
  [-1.3722353   1.2824132 ]
  [ 0.          0.        ]]

 [[ 0.20037651 -0.13040748]
  [-0.48336345  0.41691083]
  [-0.17300043  0.12272789]
  [-0.03239147  0.13201484]]]
conv3.weight: [[[ 0.          0.        ]
  [ 0.02099022 -0.01762454]
  [ 0.8622252  -0.8429827 ]
  [-0.02262215  0.01993227]]]

Final Loss: 0.0000
Distance Metric: 4.2726
L1 norm: 0
L2 norm: 1e-05
Batch size: 32
Clipping: 0

================================================================================

