Experiment Summary:
================================================================================

Teacher Model Parameters:
layers.0.weight: [[[ 2.59 -2.83  0.87]]]
layers.1.weight: [[[-1.38  1.29]]]
layers.2.weight: [[[ 0.86 -0.84]]]

================================================================================

nonoverlappingCNN_sigmoid -> fcnn_sigmoid

Student Model Parameters:
layers.0.weight: [[0. 0. 0. ... 0. 0. 0.]
 [0. 0. 0. ... 0. 0. 0.]
 [0. 0. 0. ... 0. 0. 0.]
 ...
 [0. 0. 0. ... 0. 0. 0.]
 [0. 0. 0. ... 0. 0. 0.]
 [0. 0. 0. ... 0. 0. 0.]]
layers.1.weight: [[0. 0. 0. ... 0. 0. 0.]
 [0. 0. 0. ... 0. 0. 0.]
 [0. 0. 0. ... 0. 0. 0.]
 ...
 [0. 0. 0. ... 0. 0. 0.]
 [0. 0. 0. ... 0. 0. 0.]
 [0. 0. 0. ... 0. 0. 0.]]
layers.2.weight: [[-0.00022406 -0.00022383 -0.00022408 -0.00022405 -0.00022339 -0.00022406
  -0.00022331 -0.00022392 -0.00022396 -0.00022368 -0.00022373 -0.00022394
  -0.0002232  -0.00022337 -0.00022358 -0.00022379 -0.00022321 -0.00022335
  -0.00022337 -0.00022397 -0.00022347 -0.00022391 -0.00022373 -0.00022381
  -0.00022378 -0.00022381 -0.00022351 -0.00022392 -0.00022324 -0.00022362
  -0.00022341 -0.0002234  -0.00022335 -0.00022337 -0.00022328 -0.0002237
  -0.00022337 -0.00022333 -0.00022359 -0.00022353 -0.00022321 -0.00022317
  -0.00022406 -0.00022326 -0.00022338 -0.00022394 -0.0002239  -0.00022403
  -0.00022374 -0.00022399 -0.00022411 -0.00022322 -0.00022402 -0.00022318
  -0.00022361 -0.00022362 -0.00022333 -0.00022338 -0.00022372 -0.00022401
  -0.00022406 -0.00022373 -0.00022367 -0.0002234  -0.00022389 -0.00022345
  -0.00022381 -0.00022372 -0.00022374 -0.00022316 -0.00022314 -0.00022372
  -0.00022358 -0.00022327 -0.00022363 -0.00022395 -0.00022412 -0.00022391
  -0.00022365 -0.00022383 -0.00022349 -0.00022368 -0.00022352 -0.00022407
  -0.00022353 -0.00022335 -0.00022332 -0.00022398 -0.00022327 -0.00022404
  -0.0002239  -0.00022318 -0.00022406 -0.0002234  -0.00022324 -0.00022342
  -0.00022411 -0.0002234  -0.00022368 -0.00022348 -0.00022366 -0.00022396
  -0.00022407 -0.00022367 -0.0002235  -0.00022407 -0.00022361 -0.00022331
  -0.00022331 -0.00022375 -0.00022397 -0.00022372 -0.00022363 -0.00022345
  -0.00022409 -0.00022322 -0.00022349 -0.00022387 -0.00022357 -0.0002241
  -0.00022352 -0.00022348 -0.00022401 -0.00022351 -0.00022365 -0.0002237
  -0.00022375 -0.00022348]]

Final Loss: 0.0026
Distance Metric: 7.0274
L1 norm: 1e-05
L2 norm: 0
Batch size: 16
Clipping: 0
Learning rate: 0.005
data size: 100000
init: 0.2
seed: 4
stopped after epoch: 204

================================================================================

nonoverlappingCNN_sigmoid -> fcnn_relu

Student Model Parameters:
layers.0.weight: [[ 0.01247655 -0.00810422  0.01310133 ... -0.00093901 -0.00138866
   0.01632278]
 [ 0.          0.          0.         ...  0.          0.
   0.        ]
 [-0.00948526  0.00523349 -0.07306938 ...  0.00097627  0.00148815
   0.02854906]
 ...
 [ 0.03283052  0.00760981 -0.00221932 ... -0.04369646  0.0049353
   0.03165458]
 [ 0.00458013  0.00085537  0.00410241 ... -0.09013202 -0.06873184
   0.03557302]
 [ 0.2521569  -0.29561403  0.07583555 ... -0.02284174 -0.0032975
  -0.00396344]]
layers.1.weight: [[0. 0. 0. ... 0. 0. 0.]
 [0. 0. 0. ... 0. 0. 0.]
 [0. 0. 0. ... 0. 0. 0.]
 ...
 [0. 0. 0. ... 0. 0. 0.]
 [0. 0. 0. ... 0. 0. 0.]
 [0. 0. 0. ... 0. 0. 0.]]
layers.2.weight: [[0.         0.         0.         0.         0.         0.
  0.         0.         0.         0.         0.         0.40342206
  0.         0.         0.         0.         0.         0.
  0.         0.         0.         0.         0.         0.
  0.         0.         0.         0.         0.         0.
  0.         0.         0.         0.         0.         0.9170364
  0.         0.         0.         0.         0.         0.
  0.         0.         0.         0.         0.         0.
  0.         0.         0.         0.         0.         0.
  0.         0.         0.         0.         0.         0.
  0.         0.         0.         0.         0.         0.
  0.         0.         0.         0.4679194  0.         0.
  0.         0.         0.         0.         0.         0.3623242
  0.3990918  0.         0.         0.         0.         0.
  0.48066708 0.         0.         0.         0.         0.
  0.         0.         0.         0.         0.         0.
  0.         0.         0.         0.         0.         0.
  0.         0.         0.42436582 0.         0.         0.
  0.         0.         0.         0.         0.         0.
  0.         0.         0.         0.         0.         0.38556182
  0.         0.         0.         0.         0.         0.
  0.         0.        ]]

Final Loss: 0.0109
Distance Metric: 9.2706
L1 norm: 1e-05
L2 norm: 0
Batch size: 16
Clipping: 0
Learning rate: 0.005
data size: 100000
init: 0.2
seed: 4
stopped after epoch: 555

================================================================================

nonoverlappingCNN_sigmoid -> fcnn_tanh

Student Model Parameters:
layers.0.weight: [[0. 0. 0. ... 0. 0. 0.]
 [0. 0. 0. ... 0. 0. 0.]
 [0. 0. 0. ... 0. 0. 0.]
 ...
 [0. 0. 0. ... 0. 0. 0.]
 [0. 0. 0. ... 0. 0. 0.]
 [0. 0. 0. ... 0. 0. 0.]]
layers.1.weight: [[0. 0. 0. ... 0. 0. 0.]
 [0. 0. 0. ... 0. 0. 0.]
 [0. 0. 0. ... 0. 0. 0.]
 ...
 [0. 0. 0. ... 0. 0. 0.]
 [0. 0. 0. ... 0. 0. 0.]
 [0. 0. 0. ... 0. 0. 0.]]
layers.2.weight: [[0.         0.         0.         0.         0.         0.
  0.         0.         0.         0.         0.         0.
  0.         0.         0.         0.         0.         0.
  0.         0.         0.         0.         0.         0.
  0.         0.         0.         0.         0.         0.
  0.         0.         0.         0.         0.         0.
  0.         0.         0.         0.         0.         0.
  0.         0.         0.         0.         0.         0.
  0.         0.         0.         0.         0.         0.
  0.         0.         0.         0.         0.         0.
  0.         0.         0.         0.         0.         0.
  0.         0.         0.         0.         0.         0.
  0.         0.         0.         0.         0.         0.
  0.         0.         0.         0.         0.         0.
  0.         0.         0.         0.         0.         0.21457398
  0.         0.         0.         0.         0.         0.
  0.         0.         0.         0.         0.         0.
  0.         0.         0.         0.         0.         0.
  0.         0.         0.         0.         0.         0.
  0.         0.         0.         0.         0.         0.
  0.         0.         0.         0.         0.         0.
  0.         0.        ]]

Final Loss: 0.2528
Distance Metric: 6.8111
L1 norm: 1e-05
L2 norm: 0
Batch size: 16
Clipping: 0
Learning rate: 0.005
data size: 100000
init: 0.2
seed: 4
stopped after epoch: 332

================================================================================

nonoverlappingCNN_relu -> fcnn_sigmoid

Student Model Parameters:
layers.0.weight: [[ 0.          0.          0.         ...  0.          0.
   0.        ]
 [ 0.          0.          0.         ...  0.          0.
   0.        ]
 [ 0.          0.          0.         ...  0.          0.
   0.        ]
 ...
 [ 0.00085058 -0.00023636  0.00133428 ...  0.13736103 -0.07238424
  -0.00019023]
 [ 0.          0.          0.         ...  0.          0.
   0.        ]
 [ 0.          0.          0.         ...  0.          0.
   0.        ]]
layers.1.weight: [[0.         0.         0.         ... 0.         0.         0.        ]
 [0.         0.         0.         ... 0.         0.         0.        ]
 [0.00048381 0.00048336 0.00048385 ... 0.00055735 0.0004836  0.00048402]
 ...
 [0.         0.         0.         ... 0.         0.         0.        ]
 [0.         0.         0.         ... 0.         0.         0.        ]
 [0.         0.         0.         ... 0.         0.         0.        ]]
layers.2.weight: [[ 1.05578358e-04  1.04858009e-04 -1.05198641e+01  1.05506864e-04
   1.05416198e-04  1.05489169e-04  1.04993422e-04  1.05440056e-04
   1.05432315e-04  1.05418418e-04  1.05377097e-04  1.05445077e-04
   1.05249339e-04  1.05148363e-04  1.05629064e-04  1.05026011e-04
   1.05100749e-04  1.05307576e-04  1.05513951e-04  1.05125924e-04
   7.49160671e+00  1.05439882e-04  1.05658735e-04  1.05010709e-04
   1.05087711e-04  1.04806721e-04  1.05729589e-04  1.04814375e-04
   1.05713123e-04  1.05091734e-04  1.54443636e+01  1.05378458e-04
   1.05518804e-04  1.05115054e-04  1.05052350e-04  1.05729545e-04
   1.05264262e-04  1.05153122e-04  1.05685678e-04  1.05133251e-04
   1.05682870e-04  1.04931220e-04  1.04895742e-04  1.05257328e-04
   1.05581974e-04  1.05265339e-04  1.05258739e-04  1.05147265e-04
   1.05271080e-04  1.05508276e-04  1.05042222e-04  1.05278123e-04
   1.05612526e-04  1.05292944e-04  1.05410239e-04  1.05254607e-04
   1.05521656e-04  1.05305051e-04  1.04865809e-04  1.04925151e-04
   1.05083083e-04  1.05605657e-04 -5.28544331e+00  1.05626656e-04
   1.05412735e-04  1.05036437e-04  1.05578300e-04  1.05607724e-04
   1.04801416e-04  1.05683714e-04  1.05192499e-04  1.05453320e-04
   1.05123661e-04  1.05427629e-04  1.05373765e-04  1.05477120e-04
   1.05249150e-04  1.05073850e-04  1.05150575e-04  1.05036132e-04
   1.05043844e-04  1.05648207e-04  1.05542196e-04  1.04938161e-04
   1.05010797e-04  1.05163803e-04  1.05001462e-04  1.05115825e-04
   1.05199608e-04  9.99714184e+00  1.05419465e-04  1.05075465e-04
   1.05404535e-04  1.05323918e-04  1.05170067e-04  1.05304527e-04
   1.04944258e-04  1.04854473e-04  1.05179788e-04  1.05485437e-04
   1.05492873e-04 -9.60057926e+00  1.05213025e-04  1.05063540e-04
   1.05743173e-04  1.05128202e-04  1.05124629e-04  1.05569612e-04
   1.05773259e-04  1.05029860e-04  1.05250161e-04  1.05656844e-04
   1.05138548e-04  1.04909792e-04  1.05354477e-04  1.05469044e-04
   1.04994404e-04  1.05443229e-04  1.05084982e-04  1.05618994e-04
   1.05513231e-04  1.05212392e-04  1.05556210e-04  1.05766165e-04
   1.05566200e-04  1.05767664e-04  1.05486128e-04  1.05275984e-04]]

Final Loss: 3.3328
Distance Metric: 59.6582
L1 norm: 1e-05
L2 norm: 0
Batch size: 16
Clipping: 0
Learning rate: 0.005
data size: 100000
init: 0.2
seed: 4
stopped after epoch: 4945

================================================================================

nonoverlappingCNN_relu -> fcnn_relu

Student Model Parameters:
layers.0.weight: [[0. 0. 0. ... 0. 0. 0.]
 [0. 0. 0. ... 0. 0. 0.]
 [0. 0. 0. ... 0. 0. 0.]
 ...
 [0. 0. 0. ... 0. 0. 0.]
 [0. 0. 0. ... 0. 0. 0.]
 [0. 0. 0. ... 0. 0. 0.]]
layers.1.weight: [[0. 0. 0. ... 0. 0. 0.]
 [0. 0. 0. ... 0. 0. 0.]
 [0. 0. 0. ... 0. 0. 0.]
 ...
 [0. 0. 0. ... 0. 0. 0.]
 [0. 0. 0. ... 0. 0. 0.]
 [0. 0. 0. ... 0. 0. 0.]]
layers.2.weight: [[ 0.         0.         0.         0.         0.         0.
   0.         0.         0.         0.         0.         0.
   0.         0.         0.         0.         0.         0.
   0.         0.         0.         0.         0.         0.
   0.         0.         0.         0.         0.         0.
   0.         0.         0.         0.         0.         0.
   0.         0.         0.         0.         0.         0.
   0.         0.         0.         0.         0.         0.
   0.         0.         0.         0.         0.         0.
   0.         0.         0.         0.         0.         0.
   0.         0.         0.         0.         0.         0.
   0.         0.         0.         0.         0.         0.
   0.         0.         0.         0.         0.         0.
   0.         0.         0.         0.         0.         0.
   0.         0.         0.         0.         0.         0.
   0.         0.         0.         0.         0.         0.
   0.         0.         0.         0.         0.         0.
   0.         0.         0.         0.         0.         0.
   2.0505524  0.         0.         0.         0.         0.
   0.         0.         0.         0.         0.         0.
   0.         0.         0.         0.         0.         0.
   0.        -2.3785331]]

Final Loss: 0.0002
Distance Metric: 10.8921
L1 norm: 1e-05
L2 norm: 0
Batch size: 16
Clipping: 0
Learning rate: 0.005
data size: 100000
init: 0.2
seed: 4
stopped after epoch: 1261

================================================================================

nonoverlappingCNN_relu -> fcnn_tanh

Student Model Parameters:
layers.0.weight: [[ 0.          0.          0.         ...  0.          0.
   0.        ]
 [ 0.          0.          0.         ...  0.          0.
   0.        ]
 [-0.8234973   0.7846988  -0.43271822 ... -0.40058294  0.43835694
   0.24623723]
 ...
 [ 0.          0.          0.         ...  0.          0.
   0.        ]
 [ 2.210856   -2.0736206   0.6819417  ... -0.44493008  0.32442752
   0.03526809]
 [ 5.085808   -5.581448    1.718326   ... -0.2529945   0.1599253
  -0.03926376]]
layers.1.weight: [[ 0.          0.          0.         ...  0.          0.
   0.        ]
 [ 0.          0.          0.         ...  0.          0.
   0.        ]
 [ 0.          0.          0.         ...  0.          0.
   0.        ]
 ...
 [ 0.          0.          0.         ...  0.          0.
   0.        ]
 [ 0.          0.          0.         ...  0.          0.
   0.        ]
 [ 0.          0.         -0.36864433 ...  0.          0.23077366
   3.3122818 ]]
layers.2.weight: [[ 0.          0.          0.          0.          0.         -1.362009
   0.          0.          0.          0.          0.          0.
   0.          0.          0.          0.          0.          0.
   0.          0.          0.          0.          0.         -1.1264272
   0.          0.          0.          0.          0.          0.
   0.          0.          0.          0.          0.          0.
   0.          0.          0.          0.          0.          0.
   0.          0.          0.          0.          0.         -1.4144838
   0.          0.          0.          0.          0.          0.
   0.          0.          0.          0.          0.          0.
  -0.30230764  0.          0.          0.          0.          0.
   0.          0.          0.          0.          0.          0.
   0.          0.          0.          0.          0.          0.
   0.          0.          0.          0.          0.          0.
   0.          0.          0.          0.          0.          0.
   0.25849447  0.          0.          0.          0.          0.
   0.          0.          0.          0.          0.          0.
   0.          0.          0.          0.          0.          0.
   0.          0.          0.          0.          0.          0.
   0.          0.          0.          0.          0.          0.
   0.          0.          0.          0.          0.          0.
   0.         -1.1478388 ]]

Final Loss: 3.5739
Distance Metric: 38.8886
L1 norm: 1e-05
L2 norm: 0
Batch size: 16
Clipping: 0
Learning rate: 0.005
data size: 100000
init: 0.2
seed: 4
stopped after epoch: 569

================================================================================

nonoverlappingCNN_tanh -> fcnn_sigmoid

Student Model Parameters:
layers.0.weight: [[0. 0. 0. ... 0. 0. 0.]
 [0. 0. 0. ... 0. 0. 0.]
 [0. 0. 0. ... 0. 0. 0.]
 ...
 [0. 0. 0. ... 0. 0. 0.]
 [0. 0. 0. ... 0. 0. 0.]
 [0. 0. 0. ... 0. 0. 0.]]
layers.1.weight: [[0. 0. 0. ... 0. 0. 0.]
 [0. 0. 0. ... 0. 0. 0.]
 [0. 0. 0. ... 0. 0. 0.]
 ...
 [0. 0. 0. ... 0. 0. 0.]
 [0. 0. 0. ... 0. 0. 0.]
 [0. 0. 0. ... 0. 0. 0.]]
layers.2.weight: [[-0.07142938 -0.10637003 -0.10132279 -0.08638922 -0.11224479 -0.0688147
  -0.09668556 -0.07945421 -0.12832743 -0.09507827 -0.0888624  -0.08298832
  -0.06709474 -0.13974187 -0.12430405 -0.06383383 -0.07607995 -0.10411645
  -0.07340842 -0.12871645 -0.09209592 -0.06347717 -0.05054677 -0.07443021
  -0.09592879 -0.04568741 -0.05897863 -0.06450497 -0.06198029 -0.0600934
  -0.08669276 -0.06767039 -0.12992914 -0.05786758 -0.06908905 -0.06124365
  -0.12511788 -0.08790756 -0.10200004 -0.11500531 -0.11957823 -0.09686939
  -0.14504111 -0.05167009 -0.12301819 -0.09525075 -0.09765327 -0.06921776
  -0.05549007 -0.10026671 -0.07624692 -0.10043242 -0.05974632 -0.08475184
  -0.09324857 -0.05910332 -0.13337505 -0.05870057 -0.09317305 -0.10159495
  -0.09520124 -0.07938758 -0.10868506 -0.12312464 -0.11133187 -0.08373828
  -0.11016573 -0.11861774 -0.08088495 -0.08565309 -0.13007863 -0.12182917
  -0.11269546 -0.0627329  -0.09073184 -0.1090271  -0.07302569 -0.08282208
  -0.12581311 -0.10958634 -0.12922569 -0.06266252 -0.11014313 -0.04554464
  -0.07519545 -0.0605986  -0.05972657 -0.12139165 -0.11558727 -0.06643258
  -0.05829541 -0.06160192 -0.13959442 -0.12576953 -0.10531303 -0.08798007
  -0.04806846 -0.11560491 -0.13422853 -0.11356886 -0.04286567 -0.08964881
  -0.09627949 -0.12305661 -0.13136914 -0.08200754 -0.05501579 -0.07014457
  -0.08080857 -0.11402239 -0.10737484 -0.07187699 -0.1082542  -0.07617245
  -0.13551132 -0.05308994 -0.12410732 -0.10742385 -0.05568939 -0.10799862
  -0.05816381 -0.05943421 -0.05364394 -0.10299464 -0.08780488 -0.05242962
  -0.05277922 -0.0992981 ]]

Final Loss: 0.3661
Distance Metric: 8.0131
L1 norm: 1e-05
L2 norm: 0
Batch size: 16
Clipping: 0
Learning rate: 0.005
data size: 100000
init: 0.2
seed: 4
stopped after epoch: 379

================================================================================

nonoverlappingCNN_tanh -> fcnn_relu

Student Model Parameters:
layers.0.weight: [[ 3.1219400e-04 -7.6106124e-02  1.1826513e-03 ...  3.4016541e-03
  -6.1725270e-02  9.4613627e-02]
 [ 0.0000000e+00  0.0000000e+00  0.0000000e+00 ...  0.0000000e+00
   0.0000000e+00  0.0000000e+00]
 [-5.0743464e-02  2.2565706e-02 -1.4810173e-02 ...  4.1958085e-01
  -4.5415664e-01  1.2530150e-01]
 ...
 [ 0.0000000e+00  0.0000000e+00  0.0000000e+00 ...  0.0000000e+00
   0.0000000e+00  0.0000000e+00]
 [ 0.0000000e+00  0.0000000e+00  0.0000000e+00 ...  0.0000000e+00
   0.0000000e+00  0.0000000e+00]
 [ 0.0000000e+00  0.0000000e+00  0.0000000e+00 ...  0.0000000e+00
   0.0000000e+00  0.0000000e+00]]
layers.1.weight: [[0. 0. 0. ... 0. 0. 0.]
 [0. 0. 0. ... 0. 0. 0.]
 [0. 0. 0. ... 0. 0. 0.]
 ...
 [0. 0. 0. ... 0. 0. 0.]
 [0. 0. 0. ... 0. 0. 0.]
 [0. 0. 0. ... 0. 0. 0.]]
layers.2.weight: [[ 0.          0.          0.          0.48012695  0.          0.
   0.          0.          0.          0.5420188   0.          0.
   0.2272286   0.32292363  0.          0.          0.          0.
   0.          0.          0.          0.          0.          0.
   0.          0.          0.          0.          0.          0.
   0.          0.          0.49734926  0.          0.          0.
   0.          0.          0.27744475  0.          0.          0.
   0.         -0.39148372  0.         -1.5164617   0.          0.
   0.          0.          0.          0.48586464  0.          0.
   0.          0.          0.         -0.70244765  0.          0.
   0.          0.          0.          0.          0.          0.
   0.          0.          0.          0.          0.          0.
   0.          0.          0.          0.          0.          0.
   0.          0.          0.          0.          0.          0.
  -0.740349    0.          0.          0.          0.          0.
   0.          0.          0.          0.          0.          0.
   0.          0.          0.          0.          0.          0.
   0.          0.          0.          0.          0.          0.
   0.          0.          0.          0.          0.          0.
   0.          0.          0.          0.          0.          0.
  -1.4818025   0.          0.          0.         -0.30747873  0.
   0.          0.        ]]

Final Loss: 0.1927
Distance Metric: 13.7697
L1 norm: 1e-05
L2 norm: 0
Batch size: 16
Clipping: 0
Learning rate: 0.005
data size: 100000
init: 0.2
seed: 4
stopped after epoch: 1306

================================================================================

nonoverlappingCNN_tanh -> fcnn_tanh

Student Model Parameters:
layers.0.weight: [[0. 0. 0. ... 0. 0. 0.]
 [0. 0. 0. ... 0. 0. 0.]
 [0. 0. 0. ... 0. 0. 0.]
 ...
 [0. 0. 0. ... 0. 0. 0.]
 [0. 0. 0. ... 0. 0. 0.]
 [0. 0. 0. ... 0. 0. 0.]]
layers.1.weight: [[0. 0. 0. ... 0. 0. 0.]
 [0. 0. 0. ... 0. 0. 0.]
 [0. 0. 0. ... 0. 0. 0.]
 ...
 [0. 0. 0. ... 0. 0. 0.]
 [0. 0. 0. ... 0. 0. 0.]
 [0. 0. 0. ... 0. 0. 0.]]
layers.2.weight: [[ 0.          0.          0.          0.          0.          0.
   0.          0.          0.          0.          0.          0.
   0.          0.          0.          0.          0.          0.
   0.         -0.8417085   0.          0.          0.          0.
   0.          0.          0.          0.          0.          0.
   0.          0.          0.          0.          0.          0.
   0.          0.          0.          0.          0.          0.
   0.          0.          0.          0.          0.          0.
   0.          0.          0.          0.          0.          0.
   0.          0.          0.          0.          0.          0.
   0.          0.          0.          0.          0.          0.
   0.          0.          0.          0.          0.          0.
   0.          0.          0.          0.          0.          0.
   0.          0.          0.          0.          0.          0.
   0.          0.          0.          0.          0.          0.
   0.          0.          0.          0.         -0.86156255  0.
   0.          0.          0.          0.          0.          0.
   0.          0.          0.          0.          0.          0.
   0.          0.          0.          0.          0.          0.
   0.          0.          0.          0.          0.          0.
   0.          0.          0.          0.          0.          0.
   0.          0.        ]]

Final Loss: 0.0003
Distance Metric: 8.6718
L1 norm: 1e-05
L2 norm: 0
Batch size: 16
Clipping: 0
Learning rate: 0.005
data size: 100000
init: 0.2
seed: 4
stopped after epoch: 457

================================================================================

