Experiment Summary:
================================================================================

Teacher Model Parameters:
layers.0.weight: [[[ 2.59 -2.83  0.87]]]
layers.1.weight: [[[-1.38  1.29]]]
layers.2.weight: [[[ 0.86 -0.84]]]

================================================================================

nonoverlapping_CNN_relu -> fcnn_CNN_relu

Student Model Parameters:
layers.0.weight: [[-0.11720483  0.2874785   0.09120735  0.05963388 -0.17642522  0.36747527
  -0.23713464 -0.02948236  0.20196265  0.29323     0.17850082 -0.12575307]
 [-0.25036696 -0.19837226 -0.03365918  0.03504963 -0.2949775  -0.33340433
  -0.07630266 -0.20589949  0.2854492  -0.05144217 -0.26085708  0.23359695]
 [ 0.34132016 -0.15167291  0.16491547 -0.44655955  0.03352432 -0.03070113
  -0.24055962 -0.05328958 -0.22371083  0.06736849 -0.10530836  0.17775565]
 [-0.05089867  0.08477981 -0.11094649 -0.26781917  0.2328967   0.03820938
   0.46289632  0.          0.20666935 -0.32513413 -0.05150492 -0.14832763]
 [-0.3168628  -0.1568966  -0.08171976  0.26366118  0.14774111  0.33216974
   0.14799474  0.25108925 -0.31332406  0.07043038  0.10756005  0.16363157]
 [ 0.22707652  0.10198006 -0.02020775  0.44867945 -0.01024929 -0.31149232
  -0.1267491   0.18950337 -0.13292477 -0.10636591  0.         -0.32596853]]
layers.1.weight: [[-0.582121   -0.2702965  -1.3676677   0.         -0.6413961  -0.78114766]
 [ 0.50469     0.3457376   0.45872852  0.4490232   0.35687125  0.42344922]
 [-0.2218774   0.52514344 -0.44279522 -0.51376635  0.52438176 -0.3429179 ]]
layers.2.weight: [[-0.72252434  0.97535014  0.32917666]]

Final Loss: 4.2090
Distance Metric: 7.9586
L1 norm: 1e-05
L2 norm: 0
Batch size: 32
Clipping: 0

================================================================================

nonoverlapping_CNN_relu -> fcnn_CNN_relu

Student Model Parameters:
layers.0.weight: [[ 0.05118733  0.30861035  0.          0.29434526 -0.10676982  0.13228261
  -0.40568998 -0.06140522  0.17146316 -0.06620875  0.25267673  0.03940767]
 [-0.1363311  -0.07168749 -0.06175665  0.39700153 -0.20883527  0.23919336
   0.45573628  0.08273581 -0.28693068  0.03278715  0.02740073 -0.04914814]
 [ 0.42055345  0.          0.22957872 -0.33801478 -0.26424634  0.
  -0.01644001 -0.167835   -0.07286158  0.11751701 -0.14845136 -0.04233308]
 [-0.4106479  -0.16615172 -0.12707901 -0.05650268 -0.28883365 -0.30868515
  -0.16597582 -0.12907846  0.07754822  0.08824386 -0.20185663  0.17511438]
 [ 0.11231206 -0.08620564  0.14001131  0.24048814  0.47002244 -0.22962278
  -0.20973212  0.31850246 -0.11115163  0.04367094 -0.13897514 -0.1645499 ]
 [-0.20003264  0.0256404  -0.21300708 -0.42807505  0.3182213   0.23262037
   0.16094467  0.08156511  0.23206097 -0.20066686  0.14794658 -0.01730914]]
layers.1.weight: [[-0.29478198 -0.09318354 -0.39021838 -0.8193666   0.          0.        ]
 [ 0.01122663 -1.147298   -0.44553214 -0.09058041 -0.06781841 -0.1478323 ]
 [ 0.43951514  0.45562288  0.41552696  0.44362554  0.41815954  0.4429253 ]]
layers.2.weight: [[-0.20070615 -1.3871043   1.0095571 ]]

Final Loss: 4.2108
Distance Metric: 7.9338
L1 norm: 5e-05
L2 norm: 0
Batch size: 32
Clipping: 0

================================================================================

nonoverlapping_CNN_relu -> fcnn_CNN_relu

Student Model Parameters:
layers.0.weight: [[ 0.03762227  0.29507956 -0.02539778  0.3074126  -0.13229388  0.0947877
  -0.41594264 -0.06550916  0.14326094 -0.10505357  0.23018286  0.08506643]
 [-0.16420437 -0.0657637  -0.06531589  0.3754439  -0.22475159  0.20729175
   0.46397206  0.08350366 -0.29999447  0.0206325   0.02478977 -0.04601236]
 [ 0.44322726  0.          0.2391392  -0.32258996 -0.27398044  0.01457847
  -0.03020693 -0.13459522 -0.04319113  0.09168101 -0.14398158 -0.0681067 ]
 [-0.35900202 -0.19934988 -0.09609088 -0.0526416  -0.22534522 -0.33075744
  -0.15147528 -0.17109437  0.10409869  0.13238393 -0.20594028  0.16406026]
 [ 0.10863309 -0.07407207  0.13424025  0.23682784  0.4738093  -0.19100721
  -0.18070222  0.32468146 -0.1082206   0.07573934 -0.1333031  -0.15960222]
 [-0.2174728   0.04592699 -0.22594208 -0.41337228  0.30106664  0.23708484
   0.13702546  0.07582868  0.22817583 -0.21429001  0.14926012 -0.0235888 ]]
layers.1.weight: [[-0.2629375  -0.06839051 -0.3581818  -0.79151446  0.          0.        ]
 [ 0.         -1.1179787  -0.41278982 -0.1405453  -0.1252393  -0.13398856]
 [ 0.4415066   0.45971587  0.41974175  0.44142157  0.4165658   0.44907475]]
layers.2.weight: [[-0.18297909 -1.3499877   1.0194776 ]]

Final Loss: 4.2142
Distance Metric: 7.8310
L1 norm: 0.0001
L2 norm: 0
Batch size: 32
Clipping: 0

================================================================================

nonoverlapping_CNN_relu -> fcnn_CNN_relu

Student Model Parameters:
layers.0.weight: [[ 0.15707396  0.375855    0.0755423   0.23734024 -0.11316139  0.129733
  -0.28529367  0.04729938  0.17708251  0.0715255   0.19037358 -0.1068704 ]
 [ 0.05903101 -0.02156543  0.          0.1380341  -0.1045147   0.3254747
   0.35476768 -0.04619049 -0.36838654  0.07559312  0.01506135  0.08202755]
 [ 0.2935211  -0.10566118  0.12063584 -0.48565435 -0.01238587 -0.15672307
  -0.19210112 -0.0514877  -0.01644902  0.         -0.16888273  0.04005614]
 [-0.40673208 -0.09133372 -0.10389046  0.07284712 -0.39486063 -0.17476338
  -0.0744957  -0.26499268  0.05957652  0.03227992 -0.15150012  0.07159126]
 [ 0.         -0.25042796  0.02987001  0.36322263  0.26500133 -0.23685268
  -0.11837967  0.2880516  -0.12324651 -0.03627944 -0.09024228 -0.09593336]
 [-0.27919054  0.0143661  -0.15058282 -0.27360985  0.28964615  0.17975785
   0.17090072  0.13287614  0.2579765  -0.14864016  0.12135375 -0.03364025]]
layers.1.weight: [[-0.02284062  0.         -0.11038876 -0.54912525  0.          0.        ]
 [ 0.         -0.87463284 -0.17825149  0.          0.          0.        ]
 [ 0.46005756  0.42250782  0.42792523  0.465769    0.43578246  0.4632258 ]]
layers.2.weight: [[ 0.        -1.1100665  1.0624491]]

Final Loss: 4.2212
Distance Metric: 7.1874
L1 norm: 0.0005
L2 norm: 0
Batch size: 32
Clipping: 0

================================================================================

nonoverlapping_CNN_relu -> fcnn_CNN_relu

Student Model Parameters:
layers.0.weight: [[ 0.17387813  0.25014016  0.03286451  0.21304238 -0.06995893  0.03618338
  -0.3773949   0.0215345   0.14984024  0.04659585  0.23192382 -0.01295048]
 [-0.19037881  0.         -0.12169157  0.01628412 -0.5000848   0.1061418
   0.12763353 -0.24614649 -0.13751021 -0.12878042 -0.02601856  0.        ]
 [ 0.35674855 -0.04445561  0.17169064 -0.40307808  0.01444364 -0.04447279
   0.          0.02400237 -0.07703921  0.         -0.22392058 -0.03107295]
 [-0.23206975 -0.24357322  0.03237997  0.11685915  0.04052586 -0.2631447
  -0.27153388 -0.02919063  0.0735428   0.14065722 -0.23746572  0.03860437]
 [ 0.          0.01534954 -0.01826063  0.36993018  0.18008958  0.06949245
   0.22617169  0.3158808  -0.25784534 -0.02382262 -0.0287738  -0.09493922]
 [-0.22451192  0.         -0.1296961  -0.2537723   0.2205305   0.21178207
   0.15148214  0.03097164  0.2811995  -0.04688704  0.19170403  0.07776532]]
layers.1.weight: [[ 0.          0.          0.         -0.24781471  0.          0.        ]
 [ 0.01122805 -0.56525636  0.0336556   0.01358151  0.01043748 -0.02922155]
 [ 0.4666119   0.471325    0.42514375  0.46504253  0.44945815  0.465418  ]]
layers.2.weight: [[ 0.         -0.79101276  1.1347219 ]]

Final Loss: 4.2326
Distance Metric: 7.0790
L1 norm: 0.001
L2 norm: 0
Batch size: 32
Clipping: 0

================================================================================

nonoverlapping_CNN_tanh -> fcnn_CNN_tanh

Student Model Parameters:
layers.0.weight: [[-0.17968355  0.4640762   0.22208782  0.40091532 -0.30172345  0.3800389
  -0.17937328 -0.19985396  0.3775358   0.13873921  0.05022451 -0.04616843]
 [-0.18828242  0.43982142  0.19304913  0.39067107 -0.30221352  0.36414897
  -0.15028977 -0.21958825  0.33642077  0.1350084   0.05738738 -0.04437644]
 [ 0.7758577  -1.108089   -0.37172073 -0.14799127 -0.17890787 -0.15819712
  -0.31760952 -0.9390309  -0.20428793  0.3632731  -0.2470685   0.26160112]
 [-0.15190934 -0.4860265  -0.6114956   0.17709388 -0.09528214 -0.058971
  -0.41471297 -0.862427   -0.59789014  0.6952863  -0.56879723  0.2232232 ]
 [ 0.03605352  0.3276113   0.63658184  0.2658931  -0.18946145  0.12494323
  -0.27837446  0.19950655  0.19755986  0.12484548  0.03556375  0.01480298]
 [ 0.15744677 -0.36885834 -0.64416903 -0.22496982 -0.03058326  0.15555502
   0.05707426 -0.22866395  0.38200474 -0.0948008   0.16693908  0.1295689 ]]
layers.1.weight: [[-0.16731271  0.17720324 -0.30493656 -0.8051418   0.40204158  0.18019855]
 [ 0.34464693 -0.5430784   0.36779457  0.4423262  -0.0961455   0.04681885]
 [-0.6407873   0.4107536   0.42634785  0.3364039  -0.0485152   0.13091503]]
layers.2.weight: [[-0.22049564 -0.7714694   0.5142877 ]]

Final Loss: 0.3588
Distance Metric: 7.6916
L1 norm: 1e-05
L2 norm: 0
Batch size: 32
Clipping: 0

================================================================================

nonoverlapping_CNN_tanh -> fcnn_CNN_tanh

Student Model Parameters:
layers.0.weight: [[ 0.5758456  -0.44930327  0.09270288  0.10465939 -0.2699763   0.
  -0.42658946  0.26169714  0.          0.24173181 -0.03193786  0.04560379]
 [ 0.          0.08232764 -0.34003285 -0.41720834  0.13921322  0.0766521
  -0.17750174 -0.22239318 -0.01228793 -0.42836022 -0.3714814   0.        ]
 [-0.84995985 -0.37743747  0.          0.07320464  0.6645715   0.
  -0.04286585  0.         -0.23169558 -0.7614637   0.16337118 -0.40052658]
 [-0.07717574  0.20346692 -0.4387392   0.142061   -0.32196945 -0.6733095
   0.63367724 -0.29583094  0.01556714 -0.19539462  0.33309233 -0.04398976]
 [ 0.73751605 -0.22393082 -0.3617272   0.29063362  0.7255862  -0.5770661
   0.3959126  -0.38409474 -0.14938334  0.3525206   0.0907241   0.48774257]
 [-0.26347706  0.40030313 -0.11386909 -0.5066764   0.42690697  0.04052772
   0.03184685 -0.0236796   0.          0.02777717 -0.25534505  0.        ]]
layers.1.weight: [[-0.48056078  0.         -0.12515725  0.28402245 -0.06063269 -0.44769865]
 [-0.7864584   0.1283668   0.6890462  -1.4988835  -0.46485704 -1.0979651 ]
 [-0.8070133   0.87513924 -0.7679146   0.37299404  0.         -0.15263557]]
layers.2.weight: [[0.0409324 0.        0.       ]]

Final Loss: 0.3599
Distance Metric: 8.6822
L1 norm: 5e-05
L2 norm: 0
Batch size: 32
Clipping: 0

================================================================================

nonoverlapping_CNN_tanh -> fcnn_CNN_tanh

Student Model Parameters:
layers.0.weight: [[ 0.         -0.08698848  0.         -0.15290424 -0.3893489   0.1035763
   0.10644177 -0.28856647 -0.20594594 -0.19808146  0.07451756 -0.5256201 ]
 [ 0.          0.03058135  0.         -0.01292496  0.          0.19275907
  -0.5462224   0.         -0.33840737  0.1300674   0.          0.03121287]
 [-0.68795496  0.06197348  0.          0.         -0.25272804  0.
   0.         -0.11091442 -0.2909006   0.          0.17366867 -0.28032532]
 [ 0.         -0.610877   -0.0999689  -0.15177882 -0.07881349  0.
   0.          0.          0.          0.4179803  -0.05798575  0.1775945 ]
 [ 0.44183865  0.          0.01259643  0.         -0.06191358  0.15004009
   0.15345342 -0.0413409   0.          0.1514458   0.11204935  0.        ]
 [ 0.2602181   0.          0.3247771   0.          0.         -0.20327681
   0.7858409   0.24296002  0.21616961  0.          0.         -0.39163736]]
layers.1.weight: [[-0.38086793  0.51848495  0.01279279 -0.03964739  0.12518552 -0.53084624]
 [ 0.20313706 -0.5648004   0.3277321   0.          0.          0.        ]
 [-0.38181585  0.5971602   0.          0.          0.06004357 -0.5145007 ]]
layers.2.weight: [[ 0.40737706  0.05155219 -0.37020028]]

Final Loss: 0.3601
Distance Metric: 7.2537
L1 norm: 0.0001
L2 norm: 0
Batch size: 32
Clipping: 0

================================================================================

nonoverlapping_CNN_tanh -> fcnn_CNN_tanh

Student Model Parameters:
layers.0.weight: [[0. 0. 0. 0. 0. 0. 0. 0. 0. 0. 0. 0.]
 [0. 0. 0. 0. 0. 0. 0. 0. 0. 0. 0. 0.]
 [0. 0. 0. 0. 0. 0. 0. 0. 0. 0. 0. 0.]
 [0. 0. 0. 0. 0. 0. 0. 0. 0. 0. 0. 0.]
 [0. 0. 0. 0. 0. 0. 0. 0. 0. 0. 0. 0.]
 [0. 0. 0. 0. 0. 0. 0. 0. 0. 0. 0. 0.]]
layers.1.weight: [[0. 0. 0. 0. 0. 0.]
 [0. 0. 0. 0. 0. 0.]
 [0. 0. 0. 0. 0. 0.]]
layers.2.weight: [[0. 0. 0.]]

Final Loss: 0.3589
Distance Metric: 7.0249
L1 norm: 0.0005
L2 norm: 0
Batch size: 32
Clipping: 0

================================================================================

nonoverlapping_CNN_tanh -> fcnn_CNN_tanh

Student Model Parameters:
layers.0.weight: [[0. 0. 0. 0. 0. 0. 0. 0. 0. 0. 0. 0.]
 [0. 0. 0. 0. 0. 0. 0. 0. 0. 0. 0. 0.]
 [0. 0. 0. 0. 0. 0. 0. 0. 0. 0. 0. 0.]
 [0. 0. 0. 0. 0. 0. 0. 0. 0. 0. 0. 0.]
 [0. 0. 0. 0. 0. 0. 0. 0. 0. 0. 0. 0.]
 [0. 0. 0. 0. 0. 0. 0. 0. 0. 0. 0. 0.]]
layers.1.weight: [[0. 0. 0. 0. 0. 0.]
 [0. 0. 0. 0. 0. 0.]
 [0. 0. 0. 0. 0. 0.]]
layers.2.weight: [[0. 0. 0.]]

Final Loss: 0.3589
Distance Metric: 7.0249
L1 norm: 0.001
L2 norm: 0
Batch size: 32
Clipping: 0

================================================================================

nonoverlapping_CNN_sigmoid -> fcnn_CNN_sigmoid

Student Model Parameters:
layers.0.weight: [[ 0.03348877  0.16071889  0.          0.          0.         -0.09234473
  -0.02949767  0.29430163 -0.12238299  0.         -0.26613876 -0.23873898]
 [ 0.         -0.05864448  0.          0.02661719  0.          0.06922942
   0.         -0.22104941  0.          0.04963981  0.24624269  0.14172365]
 [-0.1325465   0.          0.          0.1930628  -0.07497259  0.34317946
   0.          0.06249204 -0.06591706  0.          0.         -0.19812065]
 [ 0.         -0.14476417 -0.03730254  0.          0.          0.31073844
  -0.10137619  0.2727035   0.12292939  0.21393639 -0.25287947  0.22321485]
 [ 0.         -0.2640784   0.05057456 -0.18043683  0.          0.
   0.01137069  0.19147284  0.3209031  -0.145312   -0.344662    0.        ]
 [-0.76674044  0.04737857  0.15355222  0.8201147   0.07914144  0.3154845
  -0.50094694 -0.2505899   1.2685508   0.01712856 -0.03171524  0.72378325]]
layers.1.weight: [[-1.1360286   0.         -0.07493626 -0.34190816  0.          0.37404335]
 [ 0.54068434 -0.2437787   0.          0.3404685  -0.9022663  -0.44546282]
 [ 0.05311047  0.6713214  -0.13317242  0.         -0.32166618  0.        ]]
layers.2.weight: [[ 0.9941481   0.76761127 -1.2454414 ]]

Final Loss: 0.0026
Distance Metric: 7.4301
L1 norm: 1e-05
L2 norm: 0
Batch size: 32
Clipping: 0

================================================================================

nonoverlapping_CNN_sigmoid -> fcnn_CNN_sigmoid

Student Model Parameters:
layers.0.weight: [[0. 0. 0. 0. 0. 0. 0. 0. 0. 0. 0. 0.]
 [0. 0. 0. 0. 0. 0. 0. 0. 0. 0. 0. 0.]
 [0. 0. 0. 0. 0. 0. 0. 0. 0. 0. 0. 0.]
 [0. 0. 0. 0. 0. 0. 0. 0. 0. 0. 0. 0.]
 [0. 0. 0. 0. 0. 0. 0. 0. 0. 0. 0. 0.]
 [0. 0. 0. 0. 0. 0. 0. 0. 0. 0. 0. 0.]]
layers.1.weight: [[0. 0. 0. 0. 0. 0.]
 [0. 0. 0. 0. 0. 0.]
 [0. 0. 0. 0. 0. 0.]]
layers.2.weight: [[0. 0. 0.]]

Final Loss: 0.0024
Distance Metric: 7.0261
L1 norm: 5e-05
L2 norm: 0
Batch size: 32
Clipping: 0

================================================================================

nonoverlapping_CNN_sigmoid -> fcnn_CNN_sigmoid

Student Model Parameters:
layers.0.weight: [[0. 0. 0. 0. 0. 0. 0. 0. 0. 0. 0. 0.]
 [0. 0. 0. 0. 0. 0. 0. 0. 0. 0. 0. 0.]
 [0. 0. 0. 0. 0. 0. 0. 0. 0. 0. 0. 0.]
 [0. 0. 0. 0. 0. 0. 0. 0. 0. 0. 0. 0.]
 [0. 0. 0. 0. 0. 0. 0. 0. 0. 0. 0. 0.]
 [0. 0. 0. 0. 0. 0. 0. 0. 0. 0. 0. 0.]]
layers.1.weight: [[0. 0. 0. 0. 0. 0.]
 [0. 0. 0. 0. 0. 0.]
 [0. 0. 0. 0. 0. 0.]]
layers.2.weight: [[0.01169696 0.         0.        ]]

Final Loss: 0.0024
Distance Metric: 7.0195
L1 norm: 0.0001
L2 norm: 0
Batch size: 32
Clipping: 0

================================================================================

nonoverlapping_CNN_sigmoid -> fcnn_CNN_sigmoid

Student Model Parameters:
layers.0.weight: [[0. 0. 0. 0. 0. 0. 0. 0. 0. 0. 0. 0.]
 [0. 0. 0. 0. 0. 0. 0. 0. 0. 0. 0. 0.]
 [0. 0. 0. 0. 0. 0. 0. 0. 0. 0. 0. 0.]
 [0. 0. 0. 0. 0. 0. 0. 0. 0. 0. 0. 0.]
 [0. 0. 0. 0. 0. 0. 0. 0. 0. 0. 0. 0.]
 [0. 0. 0. 0. 0. 0. 0. 0. 0. 0. 0. 0.]]
layers.1.weight: [[0. 0. 0. 0. 0. 0.]
 [0. 0. 0. 0. 0. 0.]
 [0. 0. 0. 0. 0. 0.]]
layers.2.weight: [[0. 0. 0.]]

Final Loss: 0.0024
Distance Metric: 7.0253
L1 norm: 0.0005
L2 norm: 0
Batch size: 32
Clipping: 0

================================================================================

nonoverlapping_CNN_sigmoid -> fcnn_CNN_sigmoid

Student Model Parameters:
layers.0.weight: [[0. 0. 0. 0. 0. 0. 0. 0. 0. 0. 0. 0.]
 [0. 0. 0. 0. 0. 0. 0. 0. 0. 0. 0. 0.]
 [0. 0. 0. 0. 0. 0. 0. 0. 0. 0. 0. 0.]
 [0. 0. 0. 0. 0. 0. 0. 0. 0. 0. 0. 0.]
 [0. 0. 0. 0. 0. 0. 0. 0. 0. 0. 0. 0.]
 [0. 0. 0. 0. 0. 0. 0. 0. 0. 0. 0. 0.]]
layers.1.weight: [[0. 0. 0. 0. 0. 0.]
 [0. 0. 0. 0. 0. 0.]
 [0. 0. 0. 0. 0. 0.]]
layers.2.weight: [[0. 0. 0.]]

Final Loss: 0.0024
Distance Metric: 7.0250
L1 norm: 0.001
L2 norm: 0
Batch size: 32
Clipping: 0

================================================================================

