Experiment Summary:
================================================================================

Teacher Model Parameters:
layers.0.weight: [[[ 0.5629701  -0.26906928 -0.25878704]]

 [[-0.14645086 -0.03510575  0.30860853]]

 [[-0.25286746 -0.5440909   0.3786764 ]]

 [[ 0.43336055  0.13451569 -0.07599434]]]
layers.1.weight: [[[-0.33735874  0.05981806]
  [ 0.37234014  0.60883844]
  [-0.5765911   0.26577586]
  [ 0.21943325  0.54410255]]

 [[-0.4340811   0.5317428 ]
  [ 0.2396479   0.30208835]
  [ 0.24210268  0.23189436]
  [-0.57482296  0.32182536]]

 [[ 0.34705797  0.53104717]
  [ 0.25288925  0.12758791]
  [ 0.03081796  0.4422016 ]
  [ 0.49592784  0.21461515]]

 [[ 0.5322019  -0.36690935]
  [ 0.15249875  0.12741527]
  [ 0.53200054  0.5855841 ]
  [ 0.09585942 -0.29031637]]]
layers.2.weight: [[[-0.04264959 -0.2883458 ]
  [-0.3375464  -0.11595402]
  [ 0.5756311   0.1153371 ]
  [ 0.4015134   0.7300343 ]]]

================================================================================

multiChannelCNN_sigmoid -> fcn_256_32_sigmoid

Student Model Parameters:
layers.0.weight: [[-0.05371069  0.0963099   0.07896706 ...  0.03272183  0.10914503
  -0.04640358]
 [-0.08095902 -0.14250696  0.12467942 ...  0.12647729 -0.00799778
   0.01800542]
 [-0.12921162  0.02866754 -0.01864047 ...  0.0082461   0.01980175
   0.03972066]
 ...
 [-0.03381667 -0.03837576 -0.09181818 ...  0.09644132  0.12268444
  -0.08809387]
 [ 0.04623728 -0.00458927 -0.09716332 ... -0.08481927  0.13705848
  -0.06138257]
 [ 0.01839723 -0.04975131  0.09400982 ... -0.01279515 -0.134741
  -0.03420435]]
layers.1.weight: [[-0.11516183 -0.08776628 -0.13552979 ...  0.06248309 -0.08139098
  -0.04817273]
 [ 0.13623938 -0.05963475 -0.00799168 ... -0.04842836 -0.01788129
   0.04200081]
 [-0.05415708 -0.05051621 -0.09457431 ...  0.02477285 -0.07802183
   0.10474513]
 ...
 [-0.12861656 -0.07207338  0.05722793 ...  0.07056464 -0.1229631
  -0.04583384]
 [-0.00441383 -0.12042105  0.11830027 ... -0.07868364 -0.02185315
   0.13632967]
 [ 0.06368808 -0.14326985  0.10558092 ... -0.11588869 -0.09981664
  -0.11192083]]
layers.2.weight: [[-0.24005964  0.42717147 -0.23077585  0.04827935 -0.13245618 -0.0757186
   0.43261793 -0.30215937  0.3082475   0.42321467  0.23164573  0.08287336
  -0.17448866  0.078531    0.3124529   0.14577602  0.40776786  0.3875111
  -0.2794888   0.22220224 -0.04904943 -0.23285307 -0.37273216  0.1619426
  -0.1484555   0.06251667 -0.33518898 -0.1635687  -0.3238058   0.27452293
  -0.25113803  0.06734531]]

Final Loss: 0.0000
Distance Metric: 15.8728
L1 norm: 0
L2 norm: 0
Batch size: 16
Clipping: 0
Learning rate: 0.005
data size: 100000
init: 1
seed: 4
stopped after epoch: 1999

================================================================================

multiChannelCNN_sigmoid -> fcn_256_32_relu

Student Model Parameters:
layers.0.weight: [[ 0.18961035  0.04888953 -0.06675283 ... -0.34705958 -0.07760032
   0.30471542]
 [-0.30911452  0.07426684 -0.0838441  ...  0.07502433  0.0088526
  -0.15986346]
 [-0.43288988  0.17751871 -0.13386153 ...  0.14136747  0.10413285
   0.23550953]
 ...
 [-0.18022016 -0.01780701  0.18923539 ...  0.32210952  0.12025715
  -0.5609171 ]
 [-0.2814315   0.15289313 -0.14545524 ...  0.34933802  0.09079568
  -0.0550617 ]
 [-0.11814569  0.20453121  0.13171561 ...  0.15188989 -0.11647018
  -0.18082817]]
layers.1.weight: [[-0.10224504  0.08187845  0.02418069 ...  0.00182836 -0.00490369
  -0.38275424]
 [ 0.19159076  0.00954743  0.0319523  ... -0.24220806 -0.17440747
  -0.23499607]
 [-0.13018158 -0.16020454  0.06606027 ...  0.11201601  0.08624104
   0.08127002]
 ...
 [-0.38328177  0.19559611  0.14059786 ...  0.675784    0.4053507
   0.35457936]
 [-0.00961082 -0.38531697  0.16721313 ...  0.26760238  0.12821993
  -0.01985196]
 [-0.03401548  0.20271395 -0.04591321 ...  0.3982754   0.03094469
  -0.15890187]]
layers.2.weight: [[ 1.179617    0.38407594  1.8236015   0.74513394 -3.2003498  -0.79906046
   0.09497565 -0.5995565  -0.06356831  0.00531908  2.307569   -1.35601
  -1.8753784  -0.13625629 -3.1779578  -0.4245222  -3.4377146   1.5770257
  -0.07397288 -1.8570763   0.27083558  3.54897     3.3220387  -1.4424361
  -2.8463314  -0.328624   -1.2166318   0.21542026  2.9211378  -2.1490865
   1.4302131   1.7882771 ]]

Final Loss: 0.0382
Distance Metric: 44.2821
L1 norm: 0
L2 norm: 0
Batch size: 16
Clipping: 0
Learning rate: 0.005
data size: 100000
init: 1
seed: 4
stopped after epoch: 105

================================================================================

multiChannelCNN_sigmoid -> fcn_256_32_tanh

Student Model Parameters:
layers.0.weight: [[-0.0601061  -0.97908175  0.99673337 ... -0.5810955  -0.9400586
   1.973974  ]
 [-1.1179047   1.7076553   0.1918281  ... -0.95276386  0.79436374
  -1.7389852 ]
 [ 0.04882018 -0.02486608 -0.12781653 ...  0.25539508  0.5792286
   0.33568758]
 ...
 [-1.3110514   0.27218974  0.03813954 ...  0.7884227  -1.6173421
  -1.2635165 ]
 [-0.0437696   0.07674813  0.14211045 ...  0.3053101  -0.11323772
  -0.01234787]
 [-0.2785478  -0.20625363 -0.90301466 ...  0.52025294 -0.27913263
  -0.45269138]]
layers.1.weight: [[-3.8612774e-01  1.4954146e+00 -4.5596060e-01 ...  3.8743258e-01
  -9.8778032e-02 -4.3354756e-01]
 [ 2.1722136e-01 -3.2584032e-01  2.2177160e-01 ...  6.7968838e-02
  -2.1371825e-02 -6.7146011e-02]
 [ 2.6398482e-02 -3.7812915e-02  1.3881247e-02 ...  2.2960581e-02
  -3.5642523e-03 -1.2063229e-02]
 ...
 [-9.1537880e-03  2.0004913e-02  8.4153786e-03 ...  1.5999366e-03
  -2.2450991e-02 -1.5187171e-02]
 [-2.2254886e-02  1.7569337e-02  4.2405829e-02 ... -1.3953864e-02
   4.6108782e-02  2.9179151e-03]
 [ 8.6193508e-01  1.1234169e+00 -4.2466313e-01 ... -9.7373462e-01
   6.1020013e-02  2.4281638e+00]]
layers.2.weight: [[-0.105079    0.12630649 -0.025394   -0.00393697 -0.13672026 -0.02578508
   0.01039732 -0.00432896 -0.0113532  -0.00208643  0.06609958 -0.11591739
   0.05516059  0.00031137  0.0011061  -0.01338341  0.01146307 -0.01796024
  -0.01365161 -0.00788347  0.01363574  0.02052934  0.01688993 -0.00974023
  -0.19701974  0.00534644 -0.00758541 -0.03610734 -0.00169822 -0.0138872
  -0.02322017  0.1156636 ]]

Final Loss: 0.2187
Distance Metric: 110.4883
L1 norm: 0
L2 norm: 0
Batch size: 16
Clipping: 0
Learning rate: 0.005
data size: 100000
init: 1
seed: 4
stopped after epoch: 1999

================================================================================

multiChannelCNN_relu -> fcn_256_32_sigmoid

Student Model Parameters:
layers.0.weight: [[ 0.00486028 -0.37631163 -0.37555963 ...  0.07763314 -0.19518805
  -0.18219702]
 [ 0.02624539  0.18261327  0.16779463 ... -0.25667074  0.2895602
   0.31395522]
 [ 0.20980228 -0.2169022  -0.11473192 ... -0.33632058 -0.06045458
  -0.06901395]
 ...
 [ 0.16819203 -0.21172038 -0.26156056 ...  0.07733031 -0.3812945
  -0.31185275]
 [ 0.15443799 -0.20182006 -0.01813889 ... -0.7258528  -0.17008615
   0.31468278]
 [-0.00837258 -0.15257172  0.0039638  ... -0.16670646 -0.02396389
  -0.05923716]]
layers.1.weight: [[-0.02197848  0.00570642 -0.21396959 ... -0.14538424 -0.07834554
  -0.1645979 ]
 [-0.11777156 -0.09394214  0.03294426 ...  0.0522627   0.06171611
  -0.14357446]
 [ 0.11484443 -0.19124348 -0.0672587  ...  0.17468509  0.09338057
  -0.02342245]
 ...
 [ 0.11417521 -0.25201273 -0.10079245 ...  0.13556612 -0.16011886
   0.04984903]
 [-0.11965065 -0.04395065 -0.11295304 ...  0.08225162 -0.02777803
   0.13840188]
 [-0.00836049 -0.02512935 -0.17035756 ... -0.00383136 -0.13181296
   0.0183276 ]]
layers.2.weight: [[ 0.8657253   1.065765    1.464756    0.03904373 -1.5822887   1.6646677
   0.5090537  -0.9863808  -1.9855726   0.83802354 -3.738145   -1.1050056
  -4.2114334  -0.18952414  0.33345026  0.05849827 -0.8954193  -0.7787422
  -0.09513899  0.7438724   0.1189428  -1.4518269   0.26720738 -1.8657602
  -0.08934577 -3.5843966  -0.4628218  -2.4902468   0.68281406 -2.0456092
  -0.01799377 -1.3594751 ]]

Final Loss: 0.0002
Distance Metric: 36.3035
L1 norm: 0
L2 norm: 0
Batch size: 16
Clipping: 0
Learning rate: 0.005
data size: 100000
init: 1
seed: 4
stopped after epoch: 1999

================================================================================

multiChannelCNN_relu -> fcn_256_32_relu

Student Model Parameters:
layers.0.weight: [[ 0.12683423 -0.40834862  0.3786974  ...  0.31769162 -0.24841942
  -0.5414746 ]
 [ 0.01293755 -0.04041396  0.12712312 ...  0.50969225 -0.09404106
  -0.2799784 ]
 [-0.26861057 -0.05855112 -0.08438907 ... -0.09861773 -0.25587797
   0.18448631]
 ...
 [-0.20243192  0.23919691 -0.21339296 ... -0.48170152  0.3121424
   0.27129936]
 [ 0.00169344  0.02869171 -0.12069625 ...  0.08474264 -0.1203237
  -0.18608019]
 [ 0.44424477 -0.30424923  0.12479944 ...  0.21810481  0.0496057
  -0.34114596]]
layers.1.weight: [[-0.2848255   0.2341096  -0.09789512 ...  0.15232344  0.07832192
   0.13257863]
 [-0.05090637 -0.22330798 -0.47232884 ... -0.39788994 -0.49314347
  -0.21785633]
 [ 0.25463465 -0.22418459 -0.14132448 ... -0.7190443  -0.6397708
  -0.20233399]
 ...
 [ 0.32276556 -0.02229332 -0.16894269 ... -0.2336217  -0.03296433
   0.01092181]
 [ 0.1239696  -0.11266795  0.2578434  ... -0.05678523  0.22643128
   0.08691788]
 [ 0.28624442 -0.16501935  0.02903663 ... -0.02416641  0.12045276
  -0.15688515]]
layers.2.weight: [[-0.08878829  3.603915    2.5059252  -1.5013748   1.3821346  -0.5453384
   2.1233487  -1.253634    2.5529957  -2.4074593   1.3159938   1.0231575
   0.56442124 -3.831408   -1.1586432  -1.6248034  -1.4252553   0.58866507
  -2.1616373   2.0876398   1.3073204   0.04961931 -2.886077    1.0684569
  -1.3515236   1.4731691  -1.5264076   0.78794354 -2.3311925   0.00595083
  -1.9611168   1.2864348 ]]

Final Loss: 0.0055
Distance Metric: 51.4203
L1 norm: 0
L2 norm: 0
Batch size: 16
Clipping: 0
Learning rate: 0.005
data size: 100000
init: 1
seed: 4
stopped after epoch: 201

================================================================================

multiChannelCNN_relu -> fcn_256_32_tanh

Student Model Parameters:
layers.0.weight: [[-0.14295812 -0.6484233   0.4532479  ... -0.19493683  0.3268845
  -0.69567186]
 [-0.19539519 -0.19950162  0.06364777 ...  1.099709   -0.22915427
   0.10928412]
 [-0.19586587 -0.4484056   0.9294067  ...  0.8082528  -0.76274794
   1.6544409 ]
 ...
 [ 0.15551771  0.532034   -0.17227955 ...  0.4719881   0.31373104
   0.69010967]
 [ 0.9650642   0.6092249   0.00711986 ...  0.1161041   2.0505412
   0.41579446]
 [-0.78258055 -1.4437124   0.87049365 ... -1.0186187   0.26095966
   0.47953975]]
layers.1.weight: [[-0.30056676 -0.6926733  -0.46173334 ... -0.45496514  0.16562232
  -0.23806836]
 [ 0.10374869  0.11125048 -0.06796138 ...  0.01232497 -0.00466445
  -0.01078654]
 [ 0.9872596   0.80813634 -1.1123399  ...  0.05121148  0.2807308
   0.4853029 ]
 ...
 [-0.16304421 -0.834425   -0.02221372 ...  0.0125254  -0.10204126
  -1.006103  ]
 [ 0.08552472  0.66896105  0.74656224 ...  0.66911644  0.99751824
   0.2669674 ]
 [-0.14736985  1.7922623   0.13027011 ... -0.39254555  2.3811595
  -0.04037007]]
layers.2.weight: [[-0.37363842 -0.04070539  0.3228056  -0.10578159  0.04499848 -0.11759072
   0.06248528 -0.05423252 -0.24653423  0.24905851 -0.41475603  0.38869402
  -0.42555562  0.44465658 -0.31215328  0.04578061 -0.10175595  0.58681923
  -0.42543688  0.4140875  -0.55731887 -0.09834531 -0.10159639 -0.39484063
   0.4146341   0.31296575  0.37198249  0.41413942 -0.56753415 -0.44198462
   0.31349725  0.5908917 ]]

Final Loss: 0.0078
Distance Metric: 92.1098
L1 norm: 0
L2 norm: 0
Batch size: 16
Clipping: 0
Learning rate: 0.005
data size: 100000
init: 1
seed: 4
stopped after epoch: 1999

================================================================================

multiChannelCNN_sigmoid -> fcn_256_32_sigmoid

Student Model Parameters:
layers.0.weight: [[-0.12716873  0.11862868 -0.04328381 ... -0.06614836 -0.12030251
  -0.02541461]
 [-0.03619307 -0.13346888 -0.08261131 ...  0.07349423 -0.11743248
   0.05747529]
 [ 0.03074312 -0.0955132   0.04210485 ...  0.10405439  0.09736515
   0.0813679 ]
 ...
 [ 0.08083288 -0.0050039  -0.02795555 ... -0.03267044  0.10838915
  -0.09717019]
 [-0.08733825  0.07035805 -0.12183946 ...  0.09076804 -0.04936204
  -0.05432161]
 [ 0.07978562 -0.03795451 -0.06630286 ...  0.08887315 -0.05959414
   0.13106947]]
layers.1.weight: [[ 0.02193875  0.09009007  0.02892063 ...  0.00985398 -0.09607383
  -0.09772637]
 [ 0.00354435  0.13896884 -0.10984033 ...  0.0213144  -0.04061556
   0.08307864]
 [-0.14176935  0.09246115 -0.09931466 ...  0.01245995  0.03734758
  -0.14699335]
 ...
 [ 0.01344376  0.00550533  0.13548708 ...  0.01773422 -0.1365926
  -0.08117104]
 [-0.05924591  0.04272261 -0.05468924 ... -0.04203753 -0.00522705
  -0.01182801]
 [ 0.11265853  0.08211219 -0.10373713 ... -0.07757951  0.07548209
   0.0396184 ]]
layers.2.weight: [[ 0.22891018 -0.4301202   0.21784762  0.17541957 -0.46138513 -0.36655083
  -0.03474057 -0.33235213  0.01135779 -0.33902586 -0.16384615  0.01789562
   0.16324702 -0.04947255  0.2053063   0.04549804  0.30232686 -0.08997774
  -0.01158698 -0.00802115  0.13958926  0.2450092   0.17701064  0.2955778
   0.01618186 -0.27416852  0.26428294 -0.0916703   0.34566852  0.3059877
   0.25288114 -0.38320035]]

Final Loss: 0.0000
Distance Metric: 15.4795
L1 norm: 0
L2 norm: 0
Batch size: 16
Clipping: 0
Learning rate: 0.005
data size: 100000
init: 1
seed: 4
stopped after epoch: 1999

================================================================================

multiChannelCNN_sigmoid -> fcn_256_32_relu

Student Model Parameters:
layers.0.weight: [[-0.01379803  0.0190972  -0.00944435 ... -0.27128628 -0.05634344
   0.25419897]
 [ 0.02308811  0.08638924 -0.00402374 ... -0.03463013  0.07226463
   0.03352515]
 [-0.6372582  -0.03173585 -0.09180138 ... -0.28408846  0.16807719
   0.08623558]
 ...
 [-0.19207972  0.39418417  0.08738146 ...  0.18803175  0.09672961
  -0.38593614]
 [ 0.18143225 -0.21705998 -0.22835827 ... -0.03876505 -0.0235552
   0.31718844]
 [-0.08188502  0.06934003 -0.07698721 ...  0.16886027 -0.24299583
  -0.08299007]]
layers.1.weight: [[-0.07289331  0.09590802  0.03038967 ...  0.00947007  0.06097687
  -0.38071394]
 [ 0.19488706  0.00492478  0.03362909 ... -0.23497802 -0.14731747
  -0.22813608]
 [-0.04650932 -0.13066795  0.06128101 ...  0.1421523   0.20288286
   0.11170246]
 ...
 [-0.4186629   0.20778969  0.15410241 ...  0.649883    0.4326513
   0.35432637]
 [ 0.01494509 -0.37094772  0.16881098 ...  0.22547041  0.20748033
   0.00641642]
 [-0.03401548  0.20271395 -0.03321808 ...  0.3982754   0.04860096
  -0.12962957]]
layers.2.weight: [[ 1.2130679   0.37683994  2.0445993   0.75039715 -3.10818    -0.7776266
   0.1421826  -0.6225662  -0.12488949 -0.03472671  2.4518383  -1.3008417
  -1.8664917  -0.15979603 -3.1318772  -0.5091229  -3.4854198   1.5740528
   0.0341729  -1.8155566   0.24335283  3.6247673   3.2123184  -1.4800997
  -2.859775   -0.34018475 -1.2270933   0.2563821   2.969705   -2.181024
   1.4419754   1.7977141 ]]

Final Loss: 0.0382
Distance Metric: 43.3540
L1 norm: 0
L2 norm: 0
Batch size: 16
Clipping: 0
Learning rate: 0.005
data size: 100000
init: 1
seed: 4
stopped after epoch: 171

================================================================================

multiChannelCNN_sigmoid -> fcn_256_32_sigmoid

Student Model Parameters:
layers.0.weight: [[-0.01690729 -0.10981283  0.05542558 ... -0.03563423  0.02373637
   0.04288911]
 [ 0.07259136  0.11452428 -0.01742262 ...  0.1371079  -0.06332596
  -0.03197191]
 [-0.02808245 -0.03135936  0.08570957 ...  0.11158977  0.1495812
   0.07333878]
 ...
 [ 0.01889182  0.14212002  0.07144356 ...  0.12135603  0.02581286
   0.06872573]
 [ 0.04080765 -0.13487762 -0.12163677 ... -0.10016318 -0.06503215
  -0.11383335]
 [ 0.00277018  0.01590941 -0.04466878 ...  0.10375911 -0.0609523
  -0.13361545]]
layers.1.weight: [[ 0.01504464 -0.04538824 -0.03651446 ... -0.08600078 -0.01355651
  -0.00774146]
 [ 0.13129884 -0.10223237  0.10618106 ... -0.02206542 -0.04577244
   0.09746405]
 [ 0.05976541 -0.02047753  0.10314362 ... -0.03936594 -0.1419121
  -0.00537376]
 ...
 [ 0.0739732  -0.05926434 -0.04205871 ... -0.01755215  0.02025995
   0.0563414 ]
 [-0.02814292 -0.11486449  0.01095724 ...  0.0969835  -0.00033595
   0.06189774]
 [ 0.12806822  0.13392858 -0.099437   ... -0.03991218  0.08986371
  -0.05092914]]
layers.2.weight: [[ 0.16537802 -0.08674117 -0.44875097  0.3594758   0.34003073  0.29337713
  -0.42144626  0.28076246 -0.47258654  0.18966681  0.19181886 -0.04988557
  -0.3104947   0.15059991 -0.20638917  0.2887768   0.13183834  0.16282593
   0.03211326 -0.08879258 -0.20824185 -0.20136987  0.09634414  0.11222662
   0.23178455  0.12520042 -0.37119192 -0.23265757  0.16216223  0.31142542
  -0.4632662   0.04381618]]

Final Loss: 0.0000
Distance Metric: 15.8368
L1 norm: 0
L2 norm: 0
Batch size: 16
Clipping: 0
Learning rate: 0.005
data size: 100000
init: 1
seed: 4
stopped after epoch: 1999

================================================================================

multiChannelCNN_sigmoid -> fcn_256_32_relu

Student Model Parameters:
layers.0.weight: [[ 5.72283603e-02  1.30478755e-01 -8.29037372e-03 ... -2.37203553e-01
  -5.54928482e-02 -2.20601670e-02]
 [ 9.33264866e-02  2.77815629e-02  7.92862568e-03 ... -6.72325417e-02
  -2.88934621e-04 -1.45605225e-02]
 [-3.59060228e-01  1.91388115e-01  2.06568893e-02 ...  3.38218570e-01
   4.65325475e-01  1.52645096e-01]
 ...
 [-1.41194999e-01  5.43848872e-02 -6.42756140e-03 ... -7.64033943e-03
   1.62975565e-01 -2.65479255e-02]
 [ 1.18859291e-01  3.93369086e-02 -1.07652955e-01 ... -8.55890512e-02
  -1.68582112e-01  1.18975202e-02]
 [-3.82324047e-02  1.48168102e-01  1.96105670e-02 ...  1.45814523e-01
  -7.92889670e-02 -8.47410485e-02]]
layers.1.weight: [[-0.08190929  0.09186786  0.02511091 ... -0.00137313  0.06097687
  -0.38855264]
 [ 0.19297902  0.01166882  0.01859301 ... -0.23566289 -0.1541174
  -0.23722927]
 [-0.05671082 -0.10909984  0.00933273 ...  0.14118849  0.16913192
   0.07129655]
 ...
 [-0.41595215  0.17639044  0.15975441 ...  0.62215596  0.43404704
   0.3916559 ]
 [-0.01262387 -0.38042513  0.13394746 ...  0.220134    0.17330354
  -0.02547856]
 [-0.0359257   0.2018946  -0.03321808 ...  0.39270395  0.0478645
  -0.13050523]]
layers.2.weight: [[ 1.1867771   0.42684793  2.0502975   0.7483687  -3.1072712  -0.74134284
   0.16264077 -0.6023319   0.03609519  0.01056848  2.455968   -1.1415799
  -1.8673891  -0.09824663 -3.1202815  -0.48952895 -3.4515467   1.6822124
   0.06212648 -1.8191254   0.3330161   3.786661    3.363237   -1.496029
  -2.8442326  -0.318956   -1.1118296   0.2401993   2.9678085  -2.0988653
   1.4199272   1.7957938 ]]

Final Loss: 0.0382
Distance Metric: 40.6815
L1 norm: 0
L2 norm: 0
Batch size: 16
Clipping: 0
Learning rate: 0.005
data size: 100000
init: 1
seed: 4
stopped after epoch: 269

================================================================================

multiChannelCNN_sigmoid -> fcn_256_32_tanh

Student Model Parameters:
layers.0.weight: [[-0.2080725  -0.41376707  0.18635409 ... -0.63715094 -0.68994975
  -0.59015703]
 [-0.57026047 -0.7072552   0.28834382 ...  0.7649916   0.11103448
   0.28659382]
 [-2.3706288   1.5077703   0.63306177 ...  0.3228782  -0.66111267
   1.7540771 ]
 ...
 [ 0.24915959  0.4000939  -0.32644853 ...  0.15855631 -0.21664259
   0.45183817]
 [ 0.16318682 -1.1018622  -0.48909238 ... -0.88326705 -0.48820814
  -1.5571281 ]
 [ 0.18693554 -0.52481043 -1.1727321  ...  0.5807726   2.0852025
   0.7587716 ]]
layers.1.weight: [[-9.9479750e-02 -2.5281620e-01 -2.8373089e-01 ...  6.5497771e-02
   1.5108983e-02  5.4559968e-02]
 [-1.8900579e-03 -2.1335628e-02 -3.0562466e-02 ...  2.9630234e-02
  -2.1523293e-02  1.6582078e-04]
 [-3.0471636e-02 -1.8925488e-03  1.7015461e-02 ...  6.6940505e-03
   3.0787993e-02  2.2528565e-02]
 ...
 [-7.2805653e-03  2.3236310e-02 -8.1020349e-04 ...  7.2674197e-03
  -2.0959685e-02 -2.9289478e-02]
 [ 1.8215289e-02  8.8271713e-03  1.2224335e-03 ...  3.1841040e-02
  -9.9939236e-04 -6.8067969e-04]
 [ 4.8499019e-03 -7.0927516e-03  6.7173019e-03 ... -6.5957289e-03
  -3.4274638e-02  6.3645998e-03]]
layers.2.weight: [[-0.03185877 -0.01221893  0.02432351 -0.00270648  0.00919594 -0.01014343
  -0.00221782 -0.10872284 -0.00786211 -0.00248684  0.01523866  0.00901648
  -0.002987   -0.16796675  0.00683647  0.00380362  0.091483    0.07892391
   0.08879878  0.00726683  0.0194599   0.00481526  0.06277109  0.00039524
  -0.00257284 -0.02542558  0.00080344  0.00637701 -0.00029268  0.00200102
  -0.01271207  0.00352051]]

Final Loss: 0.1208
Distance Metric: 81.2862
L1 norm: 0
L2 norm: 0
Batch size: 16
Clipping: 0
Learning rate: 0.005
data size: 100000
init: 1
seed: 4
stopped after epoch: 1999

================================================================================

multiChannelCNN_relu -> fcn_256_32_sigmoid

Student Model Parameters:
layers.0.weight: [[-0.00281011 -0.4588849  -0.39786717 ...  0.05119721 -0.19459388
  -0.17189765]
 [ 0.03913744  0.2222297   0.16049351 ... -0.21222225  0.29123345
   0.3039583 ]
 [ 0.18150975 -0.2445759  -0.10274772 ... -0.29494998 -0.06848438
  -0.10863178]
 ...
 [ 0.16659921 -0.25772694 -0.25422367 ...  0.11378578 -0.34508395
  -0.3238219 ]
 [ 0.09536203 -0.2025667  -0.0073052  ... -0.5263148  -0.08468061
   0.24885172]
 [-0.0057432  -0.14931795  0.00948684 ... -0.13513209 -0.02711195
  -0.06079082]]
layers.1.weight: [[-0.01114005  0.01372117 -0.21794617 ... -0.14806086 -0.06221884
  -0.16470164]
 [-0.1118249  -0.0927535   0.0410271  ...  0.05702448  0.06164754
  -0.1535564 ]
 [ 0.11841604 -0.18358085 -0.06476899 ...  0.16821457  0.08559643
  -0.0291877 ]
 ...
 [ 0.14352386 -0.25199366 -0.07547868 ...  0.13122568 -0.09101092
   0.09212232]
 [-0.11982492 -0.04375522 -0.11290248 ...  0.08199179 -0.02741932
   0.13827127]
 [-0.02482007 -0.01859396 -0.16223395 ... -0.00921328 -0.11697496
   0.01292627]]
layers.2.weight: [[ 0.85066235  1.0929118   1.4409382   0.00841809 -1.2451953   1.6435294
   0.53780204 -0.9347467  -1.8519892   0.824352   -3.8397827  -1.1492578
  -4.3246326  -0.17037648  0.34919682  0.05120496 -0.86046726 -0.83714676
  -0.08571645  0.80875534  0.12913634 -1.42946     0.31277105 -1.6564524
  -0.09296657 -3.6428714  -0.4175615  -2.6241975   0.70152944 -2.113328
  -0.01086166 -1.3072922 ]]

Final Loss: 0.0002
Distance Metric: 36.3462
L1 norm: 0
L2 norm: 0
Batch size: 16
Clipping: 0
Learning rate: 0.005
data size: 100000
init: 1
seed: 4
stopped after epoch: 1999

================================================================================

multiChannelCNN_relu -> fcn_256_32_relu

Student Model Parameters:
layers.0.weight: [[-0.13491644 -0.29519495 -0.1971164  ... -0.18658616 -0.13153858
  -0.220948  ]
 [-0.26175386 -0.0617917  -0.06229449 ...  0.09831824 -0.3389888
   0.0646906 ]
 [-0.09796367 -0.0537602  -0.24419345 ... -0.09250598  0.17353556
  -0.08789083]
 ...
 [ 0.8978842   0.5425313   0.05579745 ...  0.31182045  0.8957081
  -0.6420085 ]
 [-0.17857747  0.3961443   0.05776216 ...  0.06924179 -0.36653113
   0.14760843]
 [ 0.16141318 -0.20459911 -0.06572654 ... -0.56681544 -0.03149451
   0.01469668]]
layers.1.weight: [[-0.31381476  0.23733518 -0.14354491 ...  0.14727198  0.0934219
   0.09996104]
 [-0.26950312 -0.16926049 -0.90445447 ... -0.51874256 -0.34694827
  -0.38900578]
 [ 0.0202819  -0.18358769 -0.47568968 ... -0.7549939  -0.5373724
  -0.3873937 ]
 ...
 [ 0.3183034  -0.0187896  -0.15944573 ... -0.22827758 -0.02394128
   0.01041359]
 [ 0.12691794 -0.13812976  0.29650292 ... -0.09694607  0.17809802
   0.09776866]
 [ 0.19550747 -0.18363374 -0.1837567  ... -0.07777188  0.11178879
  -0.27943394]]
layers.2.weight: [[ 0.          3.4713192   2.3033445  -1.5521233   1.7010602  -0.48737285
   2.028925   -1.1680713   2.4158149  -2.6312923   1.199605    0.6620079
   0.41478664 -3.8267677  -1.0290722  -1.7258896  -1.4528217   0.41480228
  -2.1906273   2.316192    1.3466907  -0.26003176 -2.9026039   1.0279387
  -1.2010373   1.4831346  -1.7816368   0.8874173  -2.5444303   0.00643076
  -1.9915454   1.0873458 ]]

Final Loss: 0.0054
Distance Metric: 57.9418
L1 norm: 0
L2 norm: 0
Batch size: 16
Clipping: 0
Learning rate: 0.005
data size: 100000
init: 1
seed: 4
stopped after epoch: 102

================================================================================

multiChannelCNN_relu -> fcn_256_32_tanh

Student Model Parameters:
layers.0.weight: [[-0.49618006 -2.0643961   0.93367016 ... -2.5542147   0.06180066
  -0.5032552 ]
 [ 0.26682916 -0.34857073 -0.19460554 ... -1.1343606   0.4764752
  -0.14634311]
 [-1.7589455  -0.07568088 -0.8749625  ...  0.6869934   1.178874
   1.4221003 ]
 ...
 [-0.6264826  -0.19311535  0.81736165 ...  0.7844457  -0.942581
  -1.1147634 ]
 [-0.67335933  0.40292042 -0.13348246 ...  0.6436753  -1.1255282
  -0.851841  ]
 [-0.26723573  0.7086856   0.89865774 ... -0.8643752   0.37563542
   1.3894511 ]]
layers.1.weight: [[ 1.4073132   0.53887135 -0.49349743 ... -0.32106423 -0.14094034
  -0.88450515]
 [-1.044628   -0.33236262 -0.521281   ...  0.5484357   0.24616115
   0.49190578]
 [-0.6348938   0.23196395 -1.1440512  ...  0.09835985 -0.22846931
   1.2192006 ]
 ...
 [ 1.6326128   0.20196435 -0.63351923 ... -0.780955    0.3227261
   0.51676136]
 [-1.2916882  -0.02464167  1.3806975  ... -1.8894095   0.26194316
   1.7577778 ]
 [ 0.5449408   0.5864204   1.1612217  ...  0.6315265   0.28345868
   0.41888225]]
layers.2.weight: [[ 0.06672183  0.34795997 -0.11797812  0.47577858 -0.47108954  0.51505524
   0.6652552  -0.57911575  0.09907939  0.7518566   0.10351684  0.1225745
  -0.42185742 -0.25427967  0.10952715 -0.39882886  0.1108791  -0.52078056
  -0.09094565 -0.2984855   0.4261716  -0.08193836 -0.58800924  0.3858696
   0.078196    0.28500125  0.08582693  0.73550254 -0.40232548  0.0643152
  -0.68783444 -0.25875735]]

Final Loss: 0.2087
Distance Metric: 167.0526
L1 norm: 0
L2 norm: 0
Batch size: 16
Clipping: 0
Learning rate: 0.005
data size: 100000
init: 1
seed: 4
stopped after epoch: 1999

================================================================================

multiChannelCNN_tanh -> fcn_256_32_sigmoid

Student Model Parameters:
layers.0.weight: [[-0.1368364   0.16722088 -0.02188218 ...  0.25219116  0.08345705
  -0.1615742 ]
 [-1.388216   -0.6783798   0.37501186 ... -0.4073398  -0.04638598
   0.07422002]
 [-0.03061144 -0.12901191  0.23243295 ...  0.19724564  0.24079177
  -0.00365676]
 ...
 [ 2.087686   -1.4270349  -1.2595813  ... -0.02004845  0.01418866
  -0.03935079]
 [-0.35635003 -0.10972452  0.02422658 ... -0.13668439 -0.03202011
  -0.00433072]
 [-0.0119384   0.10270078  0.15342942 ... -0.17086785  0.03819324
   0.06503256]]
layers.1.weight: [[-0.04981291 -0.09470634 -0.17364994 ...  0.10748862  0.52437955
   0.18602075]
 [-0.04193576 -0.58031017 -0.01929134 ... -0.62781274  1.3100929
   0.05038353]
 [ 0.03932935  0.08190472 -0.02299318 ...  0.3415414  -0.56040806
   0.05376616]
 ...
 [ 0.03228426 -0.04285073 -0.16814072 ... -0.0722475  -0.17468517
  -0.07650585]
 [ 0.14337377 -0.05363442 -0.06207592 ... -0.35099024  0.4774171
  -0.21083644]
 [-0.1145398  -0.09400139 -0.1733899  ... -0.2003065   0.15570952
  -0.01974986]]
layers.2.weight: [[ -2.4274993   -3.8403058    1.3555185   -3.6895523    1.3259896
   -2.5604157    2.4655755   -4.2316756  -12.3906555   -4.77241
   -2.624177     0.8322654    3.517715    -1.9372225    0.65899295
   -0.13974322   0.80935585  -1.645243    -1.8348707   -1.0260828
    0.4533932    0.9944731    1.8188399    0.5820778    0.5288191
    1.1677599    4.954257    -3.3112743   -2.261932     0.28612685
   -4.1364717   -1.0903022 ]]

Final Loss: 0.3288
Distance Metric: 72.7502
L1 norm: 0
L2 norm: 0
Batch size: 16
Clipping: 0
Learning rate: 0.005
data size: 100000
init: 1
seed: 4
stopped after epoch: 1999

================================================================================

multiChannelCNN_tanh -> fcn_256_32_relu

Student Model Parameters:
layers.0.weight: [[ 1.11878738e-01  1.31000921e-01 -6.50169402e-02 ... -2.60412127e-01
  -8.28775167e-02 -3.75648327e-02]
 [ 9.84396264e-02  2.58312449e-02  1.48066562e-02 ... -7.80565143e-02
  -2.97389721e-04 -1.48228575e-02]
 [-4.17760253e-01  2.21513674e-01  6.60335124e-02 ...  4.09630775e-01
   5.19004405e-01  1.62279591e-01]
 ...
 [-1.54564992e-01  4.94592786e-02  2.52054958e-03 ... -3.48044373e-02
   1.67342544e-01 -1.05030742e-02]
 [-6.24257931e-03  6.24119379e-02  2.55046207e-02 ... -1.15435474e-01
  -1.02929644e-01  9.19089690e-02]
 [ 1.28138557e-01  1.26886144e-01 -7.60447010e-02 ...  2.20568493e-01
  -1.47927955e-01 -2.38065287e-01]]
layers.1.weight: [[-0.08587915  0.08933457  0.02369837 ... -0.00596955  0.06097687
  -0.38868266]
 [ 0.18875189  0.00960361  0.0129134  ... -0.24148326 -0.16419354
  -0.2548183 ]
 [-0.0736402  -0.11392589 -0.01221652 ...  0.11852373  0.13548966
  -0.00217314]
 ...
 [-0.4020944   0.17990074  0.17398919 ...  0.6395062   0.4606786
   0.45974332]
 [-0.02249353 -0.3855179   0.11977477 ...  0.20651266  0.14638957
  -0.07613067]
 [-0.03648584  0.20165429 -0.03321808 ...  0.39107     0.04764854
  -0.13076201]]
layers.2.weight: [[ 1.1822909   0.36013213  1.9101635   0.7499125  -3.1285102  -0.81053245
   0.09365725 -0.60893184 -0.02446431  0.01632899  2.370231   -1.1701313
  -1.8675612  -0.11940954 -3.153731   -0.5088262  -3.457212    1.6647693
   0.05268525 -1.8169191   0.25021562  3.664715    3.3476253  -1.5088031
  -2.9395993  -0.3275424  -1.109057    0.22014008  2.9654565  -2.146699
   1.4035165   1.7952307 ]]

Final Loss: 0.6627
Distance Metric: 42.6631
L1 norm: 0
L2 norm: 0
Batch size: 16
Clipping: 0
Learning rate: 0.005
data size: 100000
init: 1
seed: 4
stopped after epoch: 109

================================================================================

multiChannelCNN_tanh -> fcn_256_32_tanh

Student Model Parameters:
layers.0.weight: [[ 0.01922991 -0.012532   -0.00550266 ...  0.0185157  -0.0345929
  -0.02254196]
 [-0.01294649  0.01222913 -0.10830344 ...  0.06880394 -0.01257902
  -0.13275461]
 [-0.07634763 -0.0649427  -0.03341755 ... -0.03227357 -0.025988
  -0.00287716]
 ...
 [-0.02809251  0.07268447  0.06698412 ...  0.20654373  0.06053284
  -0.06000368]
 [-0.02716238 -0.04704197 -0.00120934 ... -0.03320067 -0.18996911
  -0.14227588]
 [-0.01943611 -0.01319462 -0.00607905 ...  0.07956465  0.27648336
   0.37974015]]
layers.1.weight: [[-0.06000501  0.14015338  0.17857882 ... -0.1788046   0.22465539
  -0.13559674]
 [ 0.02333706  0.1656433   0.00477064 ...  0.12558344  0.09668103
  -0.0499586 ]
 [ 0.18874195 -0.16979773 -0.03171958 ... -0.17079002  0.1921935
  -0.09093796]
 ...
 [-0.18362868  0.12243    -0.00152671 ...  0.14343694 -0.03320154
  -0.22231719]
 [ 0.02678815 -0.17112449  0.03688806 ...  0.11670676 -0.11665765
  -0.15337443]
 [ 0.1752554  -0.20113833 -0.21696377 ...  0.2310464   0.07607721
   0.02094493]]
layers.2.weight: [[ 0.37834615  0.09592038  0.42863128  0.25762343 -0.11024047 -0.13734789
   0.70578843 -0.04372941  0.02418147 -0.85077995  0.03585548 -0.22194135
   0.01341614 -0.10772732  0.01530833  0.01536911  0.05234938  0.7644029
   0.2089201   0.2714023  -0.16636749  0.6171039  -0.1860205  -0.03876412
  -0.2942174  -0.37612396 -0.0488112   0.3107487  -0.39298168  0.02346881
   0.04700449  0.40413794]]

Final Loss: 0.0000
Distance Metric: 22.0531
L1 norm: 0
L2 norm: 0
Batch size: 16
Clipping: 0
Learning rate: 0.005
data size: 100000
init: 1
seed: 4
stopped after epoch: 1999

================================================================================

