Experiment Summary:
================================================================================

Teacher Model Parameters:
layers.0.weight: [[[ 0.5784602  -0.05761588 -0.12829268]]]
layers.1.weight: [[[ 0.55400753 -0.6922507 ]]]
layers.2.weight: [[[0.5927121 0.7333151]]]

================================================================================

baselineCNN_sigmoid -> fcn_256_32_sigmoid

Student Model Parameters:
layers.0.weight: [[ 0.01351003 -0.00136346 -0.00302591 ... -0.02093587  0.00211217
   0.00467229]
 [-0.02193431  0.00220648  0.00492007 ...  0.0339791  -0.00343977
  -0.00759093]
 [-0.01046912  0.00105166  0.00234919 ...  0.01622358 -0.00163682
  -0.00361837]
 ...
 [ 0.01130516 -0.00113346 -0.00253235 ... -0.01750973  0.00176844
   0.00390898]
 [ 0.01991466 -0.00199954 -0.00446315 ... -0.03085494  0.0031223
   0.00689004]
 [ 0.02921034 -0.00293743 -0.00655197 ... -0.0452646   0.00457722
   0.01010935]]
layers.1.weight: [[ 0.01092918 -0.01785786 -0.00854678 ...  0.00913169  0.0161285
   0.02369885]
 [ 0.00685486 -0.01115525 -0.00532394 ...  0.0057359   0.01010872
   0.01484946]
 [-0.00727109  0.01183212  0.00564348 ... -0.00607292 -0.01071708
  -0.01574435]
 ...
 [ 0.00550563 -0.00893257 -0.00426395 ...  0.00460071  0.00810815
   0.0119079 ]
 [-0.00614735  0.00999347  0.00476589 ... -0.00514022 -0.00906813
  -0.01331721]
 [-0.00226953  0.00366552  0.00174669 ... -0.0018998  -0.0033439
  -0.00490886]]
layers.2.weight: [[ 0.2184652   0.13669246 -0.14464355  0.19557074  0.16753978  0.02873315
  -0.04537513 -0.07501182  0.11682253  0.12800771  0.06261312 -0.0668084
   0.20078239  0.2043495   0.08068805  0.17056394 -0.03072306 -0.10769915
  -0.12090341  0.00459565 -0.02962323 -0.0256075   0.13613425  0.03806154
   0.10592005 -0.03858617 -0.09194633 -0.14007752  0.24983095  0.10960951
  -0.12226714 -0.04486417]]

Final Loss: 0.0000
Distance Metric: 3.9914
L1 norm: 0
L2 norm: 1e-05
Batch size: 16
Clipping: 0
Learning rate: 0.005
data size: 100000
init: 1
seed: 5
stopped after epoch: 1107

================================================================================

baselineCNN_sigmoid -> fcn_256_32_relu

Student Model Parameters:
layers.0.weight: [[0. 0. 0. ... 0. 0. 0.]
 [0. 0. 0. ... 0. 0. 0.]
 [0. 0. 0. ... 0. 0. 0.]
 ...
 [0. 0. 0. ... 0. 0. 0.]
 [0. 0. 0. ... 0. 0. 0.]
 [0. 0. 0. ... 0. 0. 0.]]
layers.1.weight: [[ 0.          0.          0.00010624 ...  0.          0.00017655
   0.        ]
 [ 0.00011907  0.          0.00010747 ... -0.00010276  0.
   0.        ]
 [ 0.          0.          0.         ...  0.          0.
   0.        ]
 ...
 [ 0.          0.          0.         ...  0.          0.
   0.        ]
 [ 0.          0.          0.         ... -0.00010376 -0.0001719
  -0.00016297]
 [ 0.          0.          0.         ...  0.          0.
   0.        ]]
layers.2.weight: [[-0.0003384   0.         -0.0008508   0.00011646  0.00010193  0.
   0.00034549  0.         -0.00042145  0.          0.00042375 -0.00025891
   0.00018149 -0.00018573  0.          0.         -0.00044086 -0.00070948
   0.00029595  0.00036311 -0.00028196 -0.00041439  0.          0.00046777
  -0.00028625 -0.00015345 -0.00018423 -0.00012502  0.          0.
  -0.00019732 -0.00050757]]

Final Loss: 0.1474
Distance Metric: 2.8303
L1 norm: 0
L2 norm: 1e-05
Batch size: 16
Clipping: 0
Learning rate: 0.005
data size: 100000
init: 1
seed: 5
stopped after epoch: 894

================================================================================

