Experiment Summary:
================================================================================

Teacher Model Parameters:
layers.0.weight: [[[ 0.19507667  0.30147177  0.33339578]]

 [[-0.5654952  -0.00178723  0.3575152 ]]

 [[-0.55371     0.4132397  -0.55550426]]

 [[ 0.15179062 -0.15997048  0.545621  ]]]
layers.1.weight: [[[ 0.31324267  0.21492934]
  [-0.14312197 -0.40508613]
  [ 0.5841506   0.15920837]
  [-0.49442315  0.57744783]]

 [[ 0.01051886  0.30748162]
  [ 0.45862395 -0.27366662]
  [ 0.01036059  0.18928763]
  [-0.1682148  -0.43451992]]

 [[ 0.19301897  0.14500605]
  [ 0.58896375 -0.16250813]
  [-0.01234     0.29767394]
  [ 0.08983973 -0.5391715 ]]

 [[ 0.529582    0.296772  ]
  [-0.42205244 -0.3571186 ]
  [ 0.49429694 -0.5162352 ]
  [-0.29416683 -0.59435296]]]
layers.2.weight: [[[ 0.70193446  0.6221654 ]
  [-0.04745547 -0.5331104 ]
  [ 0.75363165  0.0777657 ]
  [ 0.21988207  0.41792604]]]

================================================================================

multiChannelCNN_sigmoid -> fcn_256_32_sigmoid

Student Model Parameters:
layers.0.weight: [[-0.15632698  0.07393309 -0.1517832  ...  0.06061498 -0.00205645
  -0.13799284]
 [ 0.0046575   0.08352555  0.05148176 ... -0.1449193  -0.14127225
  -0.00283994]
 [ 0.01693523  0.01442322 -0.12713903 ...  0.02031685  0.05360617
   0.13633333]
 ...
 [-0.05646361 -0.02001676  0.11336853 ...  0.10047976 -0.05329921
   0.09490499]
 [-0.13116631  0.08853456  0.00569948 ... -0.08383851 -0.14653666
  -0.04642552]
 [-0.0524426   0.07984924  0.0268228  ... -0.07199705 -0.0731625
  -0.05337108]]
layers.1.weight: [[ 0.04901548  0.0403318   0.05132604 ... -0.13588233  0.11539851
  -0.12414363]
 [ 0.13974652 -0.11561988  0.02788037 ...  0.00387164  0.05536301
  -0.02183071]
 [ 0.13527714 -0.0793009   0.11448665 ...  0.12878138  0.08809753
   0.10006609]
 ...
 [ 0.02250439  0.07593608  0.12078393 ...  0.103481    0.09912953
   0.10601859]
 [ 0.12124483 -0.00300388  0.00176266 ... -0.03143794 -0.06991687
  -0.04077526]
 [-0.04355574  0.09101386 -0.08470819 ... -0.05428793  0.09777205
   0.13799684]]
layers.2.weight: [[ 0.4172644   0.43089467  0.2822364   0.31721726  0.4194372  -0.00722357
   0.3325535  -0.2868696   0.40830898  0.03637548  0.09368066  0.06878848
  -0.11048079  0.05541692 -0.3605438   0.02473282 -0.31836185  0.14720888
  -0.24076301  0.31347194 -0.3555953  -0.38972986 -0.3431676   0.13537596
   0.06225204  0.01176488  0.38146317 -0.29239947 -0.14268488  0.05722038
   0.18600993  0.10044917]]

Final Loss: 0.0000
Distance Metric: 16.1839
L1 norm: 0
L2 norm: 0
Batch size: 16
Clipping: 0
Learning rate: 0.005
data size: 100000
init: 1
seed: 1
stopped after epoch: 1999

================================================================================

multiChannelCNN_sigmoid -> fcn_256_32_relu

Student Model Parameters:
layers.0.weight: [[ 0.11234008  0.07963546 -0.07844573 ...  0.1253743   0.04039701
  -0.04383299]
 [-0.09387517  0.01840932 -0.04782715 ... -0.07105764  0.00924699
  -0.08568943]
 [-0.18256915 -0.12400837 -0.02417395 ...  0.02961307  0.10773446
  -0.14207408]
 ...
 [ 0.2673765   0.01084327  0.05905723 ... -0.05665746  0.18099436
  -0.0102374 ]
 [ 0.09202439 -0.0470515   0.22344345 ...  0.17921016  0.09071618
  -0.08042933]
 [ 0.11826697  0.20317891 -0.04052936 ...  0.01896807 -0.10410605
   0.20019576]]
layers.1.weight: [[-0.09542207  0.12141825  0.44288436 ... -0.39868402 -0.1884214
  -0.29155865]
 [ 0.22587912  0.18808648  0.00966259 ... -0.19463204 -0.06891005
  -0.01481127]
 [ 0.5114494  -0.0892722   0.01276605 ...  0.58467454  0.29352504
   0.0656787 ]
 ...
 [-0.0872626   0.11364976  0.070369   ...  0.08098476 -0.23659301
  -0.23160492]
 [ 0.11920139  0.32329646  0.33006287 ... -0.17106175 -0.27943847
  -0.0104707 ]
 [-0.04548086  0.32646683  0.23298551 ...  0.1912839  -0.43602702
  -0.26055282]]
layers.2.weight: [[-0.0658695   0.59877676 -1.602987   -1.374335    0.6110521   0.06098886
   3.0254529  -1.536842   -0.9836126  -0.6834243  -0.86660177  0.29196623
   0.6177544  -0.6106449   0.4435834   1.0119656  -0.4446399   1.7606423
  -0.64268667 -1.6415294  -1.5883088   1.4479973   2.195435   -0.6811706
   0.15054686 -1.8696532  -0.5259492   2.3057773   0.16936244 -2.0461597
  -1.7070887   0.3183517 ]]

Final Loss: 0.0707
Distance Metric: 36.0118
L1 norm: 0
L2 norm: 0
Batch size: 16
Clipping: 0
Learning rate: 0.005
data size: 100000
init: 1
seed: 1
stopped after epoch: 189

================================================================================

multiChannelCNN_sigmoid -> fcn_256_32_tanh

Student Model Parameters:
layers.0.weight: [[-1.1603026   0.6826697   0.01272226 ... -0.5573811  -1.0120274
  -0.01214899]
 [ 0.7204819   0.20920803  0.35683793 ...  0.819781   -0.28329024
   0.36926398]
 [ 0.10258371 -0.2405467   0.08986516 ... -0.00206025  0.11568993
  -0.0060605 ]
 ...
 [-0.54997486  0.2046974   0.5922855  ...  0.06678881 -0.02708365
  -0.06302169]
 [-0.01588634 -0.03085322 -0.03207834 ... -0.03923886 -0.03151292
   0.00295619]
 [-0.66713697  0.10168535 -0.82045364 ... -0.57773435 -0.7181628
   0.375695  ]]
layers.1.weight: [[-0.09083817  0.07213723 -0.02829089 ... -0.09835164  0.11813669
  -0.18377754]
 [-0.00577995  0.00937038  0.02614485 ...  0.03584636  0.11342122
  -0.01646341]
 [-0.01311004 -0.01049049 -0.03996628 ... -0.00382189 -0.10866216
   0.01114889]
 ...
 [ 0.01297503  0.00184969 -0.15361653 ... -0.13762206 -0.06016617
   0.0082718 ]
 [ 1.1354927   1.003687   -0.39425427 ...  0.40380904 -0.02269629
   1.186844  ]
 [-0.01238876 -0.02322     0.11480314 ...  0.07788657  0.1292644
  -0.02827782]]
layers.2.weight: [[-0.04031308 -0.00406861 -0.01802682  0.00089529  0.01723812  0.09091098
  -0.01488257  0.00249284  0.03450394  0.00110843  0.00509714  0.01141
   0.01402364  0.00796416 -0.0043343   0.05731491  0.00745747 -0.01017266
   0.          0.00398063 -0.00646666 -0.02135304  0.00185147  0.00845159
  -0.00188919 -0.01147616 -0.00228818  0.06420134 -0.01778261 -0.00521066
  -0.10991223  0.0049976 ]]

Final Loss: 0.0736
Distance Metric: 55.5263
L1 norm: 0
L2 norm: 0
Batch size: 16
Clipping: 0
Learning rate: 0.005
data size: 100000
init: 1
seed: 1
stopped after epoch: 1999

================================================================================

multiChannelCNN_relu -> fcn_256_32_sigmoid

Student Model Parameters:
layers.0.weight: [[-0.40790185  0.02233473 -0.05157477 ... -0.13687067  0.00583136
   0.4066875 ]
 [ 0.04452761  0.00726962 -0.01106599 ...  2.1873455  -0.30260745
   0.99471676]
 [ 0.04608542  0.15729919 -0.06907321 ...  0.03654791  0.09815399
  -0.03168041]
 ...
 [-0.08139112  0.1844804  -0.24592237 ...  0.02402938 -0.21732414
   0.1005374 ]
 [ 0.21069473 -0.10532299 -0.02589518 ...  0.03245424  0.1388498
  -0.17504409]
 [ 0.48057476  0.02152508  0.0862983  ...  0.39253575 -0.7790543
   2.1288035 ]]
layers.1.weight: [[ 0.24476615 -0.04060933  0.12939794 ... -0.04986149 -0.17090379
  -0.05001707]
 [ 0.05359841 -0.03111457  0.18522228 ...  0.12634176  0.04434232
   0.11570986]
 [-0.03951752 -0.03491627  0.04146001 ... -0.03179068  0.14524482
   0.19126031]
 ...
 [ 0.1470118   0.04872168  0.03280505 ... -0.03423514  0.11170177
  -0.01541571]
 [ 0.12948288 -0.0810505  -0.09254964 ... -0.04624924 -0.1412357
  -0.02553109]
 [-0.15920684  0.01416795  0.02880278 ...  0.06948145 -0.13694538
   0.12278417]]
layers.2.weight: [[-1.3421401   2.1981318   1.4589581  -5.024158   -1.8353652   4.1549945
  -0.2541472  -1.9589858  -0.29456875  2.42251     3.4198792  -2.3762536
   0.68911546 -0.5109708  -3.959197   -5.6858068   2.4947865  -0.7404829
   1.2645155   2.1154916   1.3494341  -2.6329727  -2.1058185   3.2168188
   0.90646917 -3.4039593  -2.531002    0.53506905 -0.7698606  -0.29496157
  -2.9147048   0.69420403]]

Final Loss: 0.0006
Distance Metric: 51.5792
L1 norm: 0
L2 norm: 0
Batch size: 16
Clipping: 0
Learning rate: 0.005
data size: 100000
init: 1
seed: 1
stopped after epoch: 1999

================================================================================

multiChannelCNN_relu -> fcn_256_32_relu

Student Model Parameters:
layers.0.weight: [[-0.04154898 -0.04145006  0.0502441  ...  0.13287598 -0.041802
  -0.13814119]
 [-0.02267249  0.13673307 -0.00397012 ... -0.11667226  0.04751002
   0.04639282]
 [-0.04807007 -0.0471899   0.12295577 ...  0.1094426   0.13256738
  -0.05176605]
 ...
 [-0.06295446 -0.10995205  0.14409883 ...  0.04643546  0.07380264
   0.13226745]
 [-0.04528213  0.         -0.11441219 ... -0.07837017 -0.1652286
  -0.07159548]
 [-0.04571878 -0.01300586 -0.15681359 ... -0.0692995  -0.08451718
  -0.09905901]]
layers.1.weight: [[ 0.49968547  0.27801475 -0.20794421 ...  0.53414875  0.38954425
  -0.28052145]
 [-0.12586592  0.36402005  0.43545473 ... -0.06575476 -0.01199905
   0.0076298 ]
 [ 0.0748006   0.29828808 -0.02179968 ...  0.13394567 -0.3257061
  -0.11246847]
 ...
 [ 0.07277451 -0.32091716 -0.3267762  ...  0.38746086 -0.33534023
   0.20584412]
 [ 0.01195849  0.11384266  0.2159545  ...  0.55024755  0.11519095
  -0.06326696]
 [ 0.00961839 -0.09183392  0.32165465 ... -0.40939307  0.23673873
  -0.17814347]]
layers.2.weight: [[-1.5924858   1.4390658   2.1256895  -0.51350427 -1.3188826  -1.5595772
  -1.0882674   0.24549568  0.20234044 -2.0991793  -1.685802    0.2977665
  -0.8080654   2.4680252   1.5547987   1.2399806  -0.45502198  1.3722942
  -1.2555133  -1.6968493  -2.1518192  -1.2826903   0.5883404  -2.540237
  -2.409905   -0.11466048  2.1547139  -1.3968513   0.6708923   0.2018518
   0.93448436 -2.4347072 ]]

Final Loss: 0.0492
Distance Metric: 37.8171
L1 norm: 0
L2 norm: 0
Batch size: 16
Clipping: 0
Learning rate: 0.005
data size: 100000
init: 1
seed: 1
stopped after epoch: 209

================================================================================

multiChannelCNN_relu -> fcn_256_32_tanh

Student Model Parameters:
layers.0.weight: [[-1.1090732   0.30237973 -0.83170295 ...  1.872879    1.8656799
   0.17437226]
 [ 0.0586456  -0.23684208  0.02073117 ... -1.433805    0.94701517
  -0.36969832]
 [-0.89592063  0.27036226  0.38420337 ...  0.28634253  0.77686816
  -0.7708508 ]
 ...
 [-2.9723554  -0.77959555 -1.8103921  ...  0.8059178  -0.36932775
   0.8905002 ]
 [ 0.63158166  0.45505643  0.72101563 ... -0.18638694 -0.21336822
  -0.15266104]
 [ 1.2369062   0.89444107 -0.5242407  ... -0.87159866 -1.2291892
  -3.4340737 ]]
layers.1.weight: [[ 0.39524168  0.30763945  0.40531924 ... -0.02490609 -0.172627
  -0.05225282]
 [ 2.1404054   0.4751367   0.09659766 ...  0.75009906  0.43957898
   1.2170815 ]
 [-0.30721107 -0.17359537 -0.04266781 ...  0.05355683 -0.36772296
   0.00319554]
 ...
 [-0.4746618   0.23225555  1.5395008  ... -0.21684968  2.3523593
  -0.40575334]
 [-0.08231531  0.14188524 -0.37023944 ...  0.05376428 -0.07164978
   0.14089653]
 [ 0.13620825 -0.1487379  -0.23050636 ...  0.08737334  0.12860608
   0.14773947]]
layers.2.weight: [[-0.03510952  0.6056739  -0.03877433 -0.23988786 -0.6361447  -0.04938954
  -0.6043746  -0.6463813   0.6006131  -0.54378563 -0.0615232  -0.6606094
   0.6634079   0.06596883 -0.06163148 -0.07591891 -0.08237714  0.02541196
  -0.07738236  0.08175737  0.6077091  -0.18180797  0.16442613  0.6188368
   0.04977351 -0.6601581   0.61448383  0.14404404  0.5470038   0.6817053
  -0.05544508 -0.05585236]]

Final Loss: 0.0582
Distance Metric: 140.1849
L1 norm: 0
L2 norm: 0
Batch size: 16
Clipping: 0
Learning rate: 0.005
data size: 100000
init: 1
seed: 1
stopped after epoch: 1999

================================================================================

multiChannelCNN_tanh -> fcn_256_32_sigmoid

Student Model Parameters:
layers.0.weight: [[-0.08757055  0.03559429  0.17619988 ... -0.20811145  0.18022732
   0.3372212 ]
 [ 0.05712131 -0.03430396  0.12795466 ...  0.03670743  0.09014121
   0.2390107 ]
 [ 0.13183507  0.04832274 -0.03507806 ... -0.02498053 -0.05511132
   0.02822352]
 ...
 [-0.13640347  0.0087789   0.06577371 ... -0.12659     0.04433587
  -0.03728501]
 [-0.18033025  0.02533105 -0.04338261 ...  0.19078256 -0.0854216
  -0.06172576]
 [ 0.0406428  -0.02222643  0.07673737 ... -0.08735886 -0.08600163
  -0.17703386]]
layers.1.weight: [[-0.27548465  0.09996308  0.01614835 ... -0.13369185  0.11016574
  -0.03278486]
 [ 0.12229884 -0.07171682  0.13229182 ...  0.08513352 -0.00391421
  -0.02936857]
 [ 0.11803596  0.02431478 -0.14848909 ... -0.08173744 -0.07704688
  -0.14748466]
 ...
 [-0.13993628 -0.08275562 -0.17207591 ... -0.18457226  0.09882265
  -0.01086171]
 [-0.01261159  0.19818607  0.10974608 ...  0.081575    0.07001139
   0.18634722]
 [ 0.1145386   0.1391035  -0.02813417 ... -0.00857717  0.12533432
   0.03288524]]
layers.2.weight: [[-9.097978   -1.3947761  -0.02139804 -4.8324757  -1.5758215  -7.839918
   1.8135575   0.17490123  0.6364042   1.3178599  -0.7995162  -1.126486
  -1.6157606   1.1917641  -4.256044   -1.9719834  -2.9209394   1.6888791
  -1.5228274   0.9838139  -0.6231537   1.9971483   2.6726475  -3.032655
  -1.198434    0.99555653 -0.53060883 -1.1160858  -0.94624466  1.711487
   1.8539668  -1.4116738 ]]

Final Loss: 0.2433
Distance Metric: 66.5263
L1 norm: 0
L2 norm: 0
Batch size: 16
Clipping: 0
Learning rate: 0.005
data size: 100000
init: 1
seed: 1
stopped after epoch: 1999

================================================================================

multiChannelCNN_tanh -> fcn_256_32_relu

Student Model Parameters:
layers.0.weight: [[ 0.10961081  0.05714556 -0.07836674 ...  0.10864491  0.02711776
  -0.04854142]
 [-0.07878528  0.0387034  -0.02771038 ... -0.10906167 -0.00647747
  -0.10015647]
 [-0.19686536 -0.08022954  0.03742986 ...  0.01051915  0.05442719
  -0.1808787 ]
 ...
 [ 0.23136207 -0.12484486  0.07966655 ...  0.04304982  0.27144966
  -0.00678543]
 [ 0.1138197  -0.08857019  0.23684773 ...  0.20868011  0.09841082
  -0.08524153]
 [ 0.10480272  0.18106976  0.02730669 ... -0.0622292  -0.14393218
   0.1720312 ]]
layers.1.weight: [[-0.0960793   0.12043869  0.4424107  ... -0.39872578 -0.18915835
  -0.29275376]
 [ 0.2280144   0.18689571  0.0112978  ... -0.19420128 -0.06903895
  -0.01311262]
 [ 0.5023315  -0.08802368  0.00735897 ...  0.58498144  0.29524818
   0.05520404]
 ...
 [-0.08517364  0.11035791  0.07766684 ...  0.07688053 -0.24162276
  -0.22544336]
 [ 0.11577445  0.32487848  0.32300293 ... -0.17048699 -0.28639054
  -0.0139573 ]
 [-0.04545918  0.32812938  0.23240286 ...  0.19143756 -0.43558055
  -0.25887182]]
layers.2.weight: [[-0.09702915  0.598466   -1.5937504  -1.3804432   0.6111511   0.04871289
   3.0210965  -1.5444187  -1.02685    -0.69418854 -0.87315476  0.28719404
   0.5775247  -0.6172923   0.42866766  1.0189842  -0.45146105  1.7337109
  -0.6638354  -1.6499575  -1.5932461   1.4443637   2.1801822  -0.6753823
   0.15185724 -1.8706433  -0.5532081   2.2872372   0.16875054 -2.0527117
  -1.7034398   0.31917816]]

Final Loss: 0.4844
Distance Metric: 36.6481
L1 norm: 0
L2 norm: 0
Batch size: 16
Clipping: 0
Learning rate: 0.005
data size: 100000
init: 1
seed: 1
stopped after epoch: 155

================================================================================

multiChannelCNN_tanh -> fcn_256_32_tanh

Student Model Parameters:
layers.0.weight: [[ 3.50288972e-02  1.47162518e-03 -5.16565889e-03 ... -5.12011442e-03
   1.46491108e-02  1.40816877e-02]
 [ 1.14978224e-01  1.60422828e-02  1.93382800e-03 ...  4.51122560e-02
  -1.56388879e-01 -8.52705911e-02]
 [-6.54314086e-03 -4.81616966e-02 -3.00769918e-02 ... -6.81813946e-03
  -4.23842408e-02 -6.89440668e-02]
 ...
 [-1.52126607e-02  1.23212803e-02 -4.60979529e-02 ...  8.88391286e-02
   1.00313328e-01 -4.04081307e-02]
 [-3.02663771e-03 -2.76557216e-03 -1.26787333e-03 ... -8.20599496e-01
  -5.33863068e-01  1.23743638e-01]
 [ 2.89165485e-03 -6.39725360e-04 -9.30945156e-04 ... -4.07380192e-03
   2.41464633e-03  1.41433877e-04]]
layers.1.weight: [[-0.17051758 -0.11040607 -0.16570735 ... -0.21807958  0.26354113
  -0.08534171]
 [ 0.12173877 -0.14522451 -0.21138042 ... -0.14239103  0.11416803
   0.1072799 ]
 [-0.19986732  0.00354051  0.15565969 ... -0.15145186  0.05303841
   0.10997366]
 ...
 [-0.05733507  0.16857179  0.16105767 ... -0.00303869 -0.0649104
   0.02327917]
 [-0.11399889 -0.25180098  0.18099129 ...  0.14097568  0.11131652
   0.14452367]
 [-0.08568054  0.09885236 -0.06294721 ... -0.10668202  0.01002453
  -0.20806152]]
layers.2.weight: [[-1.9936769e-03 -3.6695348e-03  8.4816813e-03  9.4942283e-04
   8.1466459e-04 -4.8451793e-01  3.2522628e-01  5.4521998e-03
   2.8639402e-02 -5.1006722e-01 -7.6894904e-04  6.5509379e-01
   1.9092219e-04 -7.5428647e-01 -5.1597008e-03 -1.4850167e-02
  -7.6907283e-01  5.8979070e-01  1.3333166e-03 -1.1928440e-02
  -1.8642482e-01 -7.2137145e-03 -4.5084298e-01  3.8774973e-01
   9.8909857e-03  3.6353491e-02 -3.4059234e-02 -6.1515808e-02
   1.6070430e-03  7.9590902e-03 -1.0375875e-02 -2.1038328e-01]]

Final Loss: 0.0000
Distance Metric: 21.0667
L1 norm: 0
L2 norm: 0
Batch size: 16
Clipping: 0
Learning rate: 0.005
data size: 100000
init: 1
seed: 1
stopped after epoch: 1999

================================================================================

