Experiment Summary:
================================================================================

Teacher Model Parameters:
layers.0.weight: [[[ 2.59 -2.83  0.87]]]
layers.1.weight: [[[-1.38  1.29]]]
layers.2.weight: [[[ 0.86 -0.84]]]

================================================================================

nonoverlappingCNN_sigmoid -> fcnn_decreasing_sigmoid

Student Model Parameters:
layers.0.weight: [[ 0.02210239 -0.01866826 -0.0051255  ...  0.0250647  -0.02290859
  -0.01328709]
 [-0.04960471  0.00867944  0.01452295 ... -0.03797671  0.02339392
   0.01122838]
 [-0.02684034  0.0331316  -0.01772969 ...  0.00362771  0.03707558
  -0.0036658 ]
 ...
 [-0.02910995  0.02433237 -0.00408174 ... -0.02670488  0.01165718
   0.00244703]
 [ 0.02361731 -0.04934191  0.03980992 ...  0.01726282 -0.05543734
   0.03803977]
 [ 0.04182303 -0.04905884  0.01038453 ...  0.02158359 -0.05365784
   0.00249469]]
layers.1.weight: [[ 0.00715037  0.01359066  0.02982258 ...  0.01925428 -0.008916
  -0.01985027]
 [-0.01002791  0.00416634  0.01714746 ... -0.00411789 -0.04429973
  -0.00790679]
 [ 0.02905481  0.00301525 -0.02492433 ... -0.00344068  0.03039736
   0.01701501]
 ...
 [-0.01906525  0.00722439  0.02475696 ... -0.01408075 -0.02157152
  -0.00672666]
 [-0.0156363  -0.00510745 -0.014273   ...  0.01805205 -0.00450357
  -0.00038094]
 [ 0.01753319  0.02981866  0.00029101 ... -0.01909624 -0.01123771
  -0.02569756]]
layers.2.weight: [[ 0.15473738  0.27251354 -0.26556197  0.39650914 -0.02259941  0.3184849
   0.10854724 -0.41747132  0.07557373  0.14130156 -0.47714812 -0.17956063
  -0.44821262  0.32899472  0.06774979 -0.02147359  0.19287923 -0.14340149
   0.358967    0.2752536   0.16009097 -0.03431197 -0.12550996 -0.16082443
  -0.05253542 -0.11527808  0.35388625  0.07134888 -0.48977217 -0.03940137
  -0.22213791  0.231109  ]]

Final Loss: 0.0027
Distance Metric: 11.1361
L1 norm: 1e-05
L2 norm: 0
Batch size: 16
Clipping: 0
Learning rate: 0.01
data size: 5120
init: 0.2
seed: 4

================================================================================

nonoverlappingCNN_sigmoid -> fcnn_decreasing_relu

Student Model Parameters:
layers.0.weight: [[-0.12983283  0.08740817 -0.09790359 ...  0.01378237 -0.0459201
  -0.01658411]
 [-0.0960444  -0.07660004 -0.04110696 ... -0.09375193 -0.10105436
  -0.09058529]
 [ 0.05711988  0.26371932  0.01894259 ... -0.0188111  -0.01237914
  -0.08950287]
 ...
 [ 0.09449585 -0.18454842 -0.08426714 ... -0.11539639 -0.0212561
   0.11302353]
 [ 0.0828976   0.14296165 -0.08503568 ... -0.10152476  0.03935233
   0.0037016 ]
 [ 0.07179286 -0.05776158  0.14593698 ... -0.01827888 -0.01653069
  -0.02569563]]
layers.1.weight: [[ 0.01645331  0.00265753  0.02146312 ... -0.05098858 -0.01759557
   0.05101197]
 [-0.10533495 -0.06301667 -0.07807174 ...  0.14467761 -0.10694657
   0.03724707]
 [-0.03372278  0.11225773  0.05742512 ... -0.01944611  0.07945382
  -0.08547954]
 ...
 [ 0.01916831  0.01824745  0.03009675 ... -0.06932618  0.05279078
  -0.07114185]
 [-0.00766538 -0.12750322  0.12922178 ... -0.10250091 -0.08850443
   0.00166898]
 [ 0.032002   -0.09075654 -0.01598743 ...  0.14195383  0.14771599
  -0.0742804 ]]
layers.2.weight: [[-0.25758368 -0.6977668   0.46328926  0.69169503 -0.502663   -0.6910265
  -0.69244367  0.24532235 -0.7386354   0.402014    0.35472724 -0.6173427
   0.29307878 -0.9098624   0.6813867  -0.8340379  -0.56542253  0.3585532
  -0.75101674  0.6059896  -0.4390489  -0.5082171   0.32404488  0.31862357
   0.3478307   0.5194517   0.34742674 -0.6953727  -0.7106751   0.34652528
   0.4640365   0.5669781 ]]

Final Loss: 0.0083
Distance Metric: 21.2802
L1 norm: 1e-05
L2 norm: 0
Batch size: 16
Clipping: 0
Learning rate: 0.01
data size: 5120
init: 0.2
seed: 4

================================================================================

nonoverlappingCNN_sigmoid -> fcnn_decreasing_tanh

Student Model Parameters:
layers.0.weight: [[ 0.06185229 -0.12681071 -0.10059609 ...  0.02788473 -0.18674542
   0.11224132]
 [-0.4665304  -0.7172052  -0.7221607  ... -3.0042038   1.9823526
  -0.25705647]
 [-0.5166807   0.5763906  -0.1842365  ... -0.16761173 -0.5208592
   0.19237275]
 ...
 [ 0.19152796 -0.03436396 -0.04129244 ... -0.01568131 -0.09628518
  -0.00476108]
 [-0.23455612 -2.0464506   0.19391637 ... -2.5937452   0.38536468
   1.9515519 ]
 [-0.11225075  0.10191526 -0.08269455 ... -0.02287855 -0.03975976
   0.19035263]]
layers.1.weight: [[-1.4756727e-02 -7.5780586e-03 -2.6798528e-02 ...  3.3300374e-02
   3.4285959e-02  1.3815259e-03]
 [-5.8527566e-02 -9.0381384e-01 -4.2195362e-01 ...  7.3651329e-02
   1.5845412e+00  3.1034656e-02]
 [-2.5501633e-02  1.6032694e-01 -5.0926137e-01 ... -3.1762905e-02
  -2.5991827e-01 -6.9099881e-02]
 ...
 [-1.4973174e-02  9.6462609e-04  1.7157879e-01 ... -1.8595072e-02
  -4.5237970e-02  1.4225560e-02]
 [ 1.0377625e-01 -6.6181481e-02 -4.4949839e-01 ... -5.9146229e-02
  -5.1585060e-01 -5.0647333e-02]
 [ 9.1727026e-02  1.3985035e+00  2.7174860e-01 ...  6.3043267e-02
  -3.1239903e+00  1.2354895e-01]]
layers.2.weight: [[ 0.15261555  0.41910943 -0.4358598   0.45598343  0.25048327  0.32222986
   0.2725643  -0.28564     0.45206958  0.2556575  -0.29387563 -0.26167354
  -0.30506262 -0.36050868  0.30237097 -0.46832246 -0.44700134 -0.35453597
  -0.35638398 -0.39131993 -0.26706097 -0.40970954  0.20921864  0.24060412
   0.3456035  -0.2957062  -0.36558664 -0.30863655 -0.34764615 -0.2576735
  -0.29659024 -0.42515978]]

Final Loss: 0.0304
Distance Metric: 80.7803
L1 norm: 1e-05
L2 norm: 0
Batch size: 16
Clipping: 0
Learning rate: 0.01
data size: 5120
init: 0.2
seed: 4

================================================================================

nonoverlappingCNN_relu -> fcnn_decreasing_sigmoid

Student Model Parameters:
layers.0.weight: [[-0.01593759  0.02114165 -0.01074499 ... -0.00044877  0.00810918
   0.03739032]
 [ 0.03284326 -0.01796103 -0.06364466 ... -0.0621395   0.02892746
   0.00410766]
 [ 0.04481634 -0.02380488 -0.11048605 ... -0.13319932  0.06027282
   0.00355213]
 ...
 [ 0.01498066  0.04093094  0.04896766 ...  0.00192599 -0.03025647
  -0.01006202]
 [ 0.05573098 -0.09217712 -0.04880071 ... -0.1216316   0.00969994
   0.0046931 ]
 [-0.00760042  0.          0.02252674 ...  0.0670389  -0.04354456
  -0.00674481]]
layers.1.weight: [[ 0.02554279  0.00817623  0.03878504 ... -0.00647331  0.06754913
  -0.04998037]
 [ 0.03133533 -0.03057261 -0.05358559 ... -0.0073459  -0.06117984
  -0.02480368]
 [ 0.03076941  0.10293967  0.23272021 ... -0.03712411  0.34656644
  -0.12394254]
 ...
 [ 0.01049262  0.08484966  0.15998675 ... -0.0094228   0.25717482
  -0.1023779 ]
 [ 0.0065142  -0.00385774 -0.01663995 ...  0.00617034  0.00295934
   0.00695303]
 [ 0.01977041  0.01396255 -0.01598269 ... -0.00069539  0.03129455
  -0.04329935]]
layers.2.weight: [[ 4.27868     3.8786943  -4.456608    0.03876422  1.717804   -2.0337923
   3.463491   -1.4036908  -1.4650843   2.0210068   0.3458957   0.6559289
   3.220908    5.3687463   1.3488446  -0.24541897 -1.7831851  -2.6302798
   2.9632568  -2.6430995   0.73447263  3.402314   -2.684849    3.4786537
  -1.9308449   0.42232606  4.3128533   2.3898115   2.0486681  -2.7766573
   0.35499436  0.42626607]]

Final Loss: 3.4351
Distance Metric: 53.7471
L1 norm: 1e-05
L2 norm: 0
Batch size: 16
Clipping: 0
Learning rate: 0.01
data size: 5120
init: 0.2
seed: 4

================================================================================

nonoverlappingCNN_relu -> fcnn_decreasing_relu

Student Model Parameters:
layers.0.weight: [[ 0.01024815 -0.0153235   0.00109597 ... -0.03527171  0.03323801
  -0.00263676]
 [ 0.04102386  0.02457685 -0.0211186  ... -0.04188119 -0.00634017
  -0.04575802]
 [-0.00628802 -0.00450854 -0.00260598 ... -0.00949902  0.022391
  -0.01840875]
 ...
 [-0.00657992  0.01910062 -0.03784666 ... -0.01005283  0.0015796
   0.02656164]
 [ 0.00500823 -0.00601949  0.00198494 ...  0.01390936  0.
   0.0099815 ]
 [ 0.06110873  0.01959037 -0.03293036 ...  0.03579275  0.04743867
   0.00444352]]
layers.1.weight: [[-0.06444053 -0.02809426  0.03224736 ... -0.02235586 -0.06562465
   0.03746722]
 [-0.02924452  0.03617379 -0.07873566 ...  0.07192218 -0.02692754
   0.01867863]
 [-0.04862177  0.03128847  0.01885562 ... -0.0232467  -0.04920997
   0.01113055]
 ...
 [-0.01194564 -0.00790927  0.04866707 ...  0.06519765  0.0573309
  -0.03187269]
 [ 0.03635615 -0.05785061  0.01162654 ... -0.09875782 -0.03922836
   0.01955124]
 [-0.02071334 -0.04230341 -0.01477774 ... -0.00928092  0.0168329
  -0.02177483]]
layers.2.weight: [[-0.7796718  -0.3583967  -0.21895754  0.2722267   0.47696444 -0.6375333
  -0.08235443  0.57936305  0.05786454  0.10897094  0.18224825 -0.0215197
  -0.28142792 -0.42893472  0.24364297 -0.9469491   0.20698686  0.3530091
  -0.20279947  0.34127605 -0.27977884  0.4064716  -0.28933772 -0.34070203
   0.05399137  0.05373757  0.20175979  0.11404165 -0.40482226  0.06622152
  -0.46427563 -0.22178483]]

Final Loss: 0.0060
Distance Metric: 17.7109
L1 norm: 1e-05
L2 norm: 0
Batch size: 16
Clipping: 0
Learning rate: 0.01
data size: 5120
init: 0.2
seed: 4

================================================================================

nonoverlappingCNN_relu -> fcnn_decreasing_tanh

Student Model Parameters:
layers.0.weight: [[-1.2732147   1.2054118  -1.9385961  ... -1.5692798  -1.0466678
   0.08172183]
 [-0.39895967  0.2134179  -0.03795516 ...  0.07163579  0.13325551
  -0.05110542]
 [ 0.5349623  -2.7846494  -0.5713405  ...  2.4496584  -2.6777344
   0.8146736 ]
 ...
 [ 0.00654173  0.03219355  0.02870376 ...  0.05622629 -0.05184039
   0.0111099 ]
 [-0.0398929  -0.10617276 -0.11982045 ...  0.02326289 -0.04546121
   0.02564639]
 [-1.2247543   2.3404176  -0.15503302 ...  0.19793552  0.75498915
  -2.2688215 ]]
layers.1.weight: [[-0.01835816  0.02724905 -0.00295986 ... -0.0470772  -0.00817905
   0.00858338]
 [-0.01407465 -0.02535059 -0.00874884 ... -0.04307774  0.0357856
   0.02494368]
 [ 0.00416668  0.03085805  0.00343813 ...  0.04368194  0.00826874
  -0.00468066]
 ...
 [-0.02503655  0.02401736 -0.01028979 ... -0.00494976  0.00250238
  -0.00575478]
 [ 0.02573368 -0.00558255 -0.02135403 ...  0.00763778  0.00980001
  -0.01257904]
 [ 0.01464717  0.00465453  0.02419358 ... -0.0326054  -0.00497904
   0.02222026]]
layers.2.weight: [[ 1.83531339e-03  1.21612870e-03 -1.96725279e-02  1.09890068e+00
  -2.21516229e-02 -3.44704576e-02 -1.13791716e+00 -3.50832790e-02
   1.19487858e+00 -3.42982896e-02 -1.09666300e+00 -2.16953531e-02
   1.13601792e+00  1.18843269e+00  3.28943706e+00 -8.27856511e-02
   4.10358742e-04 -4.47893739e-02 -2.31119222e-03  1.07546570e-02
  -1.63924005e-02 -3.22231976e-03  9.38896846e-04  3.28885603e+00
   2.57817414e-02 -5.18007856e-03  9.13153309e-03  8.70001689e-03
  -2.74854200e-03 -1.41529292e-02  5.40525327e-03 -1.54157635e-02]]

Final Loss: 3.5994
Distance Metric: 63.3807
L1 norm: 1e-05
L2 norm: 0
Batch size: 16
Clipping: 0
Learning rate: 0.01
data size: 5120
init: 0.2
seed: 4

================================================================================

nonoverlappingCNN_tanh -> fcnn_decreasing_sigmoid

Student Model Parameters:
layers.0.weight: [[-0.027346    0.01891187  0.00969302 ...  0.00250282  0.02345304
  -0.01737762]
 [-0.02368977 -0.01411709 -0.00855654 ...  0.08050277 -0.05736428
   0.05592572]
 [ 0.08266709 -0.04543407  0.02020264 ...  0.03322413 -0.09402884
   0.00892169]
 ...
 [ 0.02981207  0.02237438  0.00114934 ... -0.05894148  0.0057731
   0.00635737]
 [ 0.00827422  0.00453323  0.03599194 ... -0.06174079  0.02624069
  -0.06000686]
 [ 0.00487992  0.03748265  0.02338271 ... -0.03184208 -0.0126
  -0.03680234]]
layers.1.weight: [[-0.01489918  0.00948028 -0.01781408 ... -0.02380823 -0.01167504
  -0.02521869]
 [-0.00491044 -0.02938956 -0.00065888 ... -0.04397644 -0.03606191
  -0.04403453]
 [-0.04922852 -0.07792059  0.06311482 ... -0.04785907  0.00689076
  -0.03021621]
 ...
 [-0.02854312 -0.04976892  0.02092228 ... -0.04225762  0.00021994
  -0.01115782]
 [ 0.03927479  0.0277381   0.02850563 ...  0.00294007  0.05081735
   0.01673526]
 [ 0.01731865 -0.02415007  0.02764118 ... -0.03859707 -0.00089296
   0.01773803]]
layers.2.weight: [[-0.13866392  0.35331035 -1.6830789  -1.6659698   2.5347726  -0.35792276
  -1.4249082   0.7551959  -0.97772557 -3.1251497  -1.0475062   1.6877387
   1.2121763  -2.9349124  -3.7868237  -1.8586124  -1.8348267  -2.080196
  -1.9617151  -0.95824534 -1.2790167  -2.30779     0.02412551 -2.7004423
  -1.1933573  -1.583312    4.226577   -1.2954326   2.0670779  -1.4089597
  -2.4947484  -2.9572306 ]]

Final Loss: 0.1959
Distance Metric: 48.2520
L1 norm: 1e-05
L2 norm: 0
Batch size: 16
Clipping: 0
Learning rate: 0.01
data size: 5120
init: 0.2
seed: 4

================================================================================

nonoverlappingCNN_tanh -> fcnn_decreasing_relu

Student Model Parameters:
layers.0.weight: [[ 0.00081017 -0.1658994  -0.21509594 ...  0.15287535  0.16051628
  -0.10082589]
 [ 0.01518635  0.05405251 -0.06652563 ... -0.17513955  0.24077863
  -0.06843279]
 [ 0.14881447 -0.21132113  0.01312886 ...  0.10175824 -0.03835661
   0.05724179]
 ...
 [-0.04840241 -0.05725098 -0.122922   ... -0.04638751 -0.09844749
   0.11826614]
 [-0.07608143 -0.195841    0.09363499 ... -0.03198442  0.06570683
   0.02089525]
 [ 0.10999654 -0.15511513  0.00142945 ...  0.02533705 -0.0249294
  -0.02069811]]
layers.1.weight: [[ 0.01860529  0.09761547  0.08755091 ...  0.07274764  0.16831121
  -0.00179853]
 [ 0.06772036 -0.044472   -0.04890761 ... -0.12013652 -0.03319979
  -0.1363963 ]
 [-0.02430215  0.0436905  -0.02053796 ...  0.09355451  0.0468713
   0.07739148]
 ...
 [ 0.00991725 -0.00457389 -0.0545744  ... -0.07433514 -0.07279199
   0.04692208]
 [ 0.09416831  0.01702594 -0.04519891 ...  0.1053303  -0.06245781
  -0.0028921 ]
 [-0.02042632  0.07624707 -0.01870221 ... -0.01393403 -0.00716228
   0.09023114]]
layers.2.weight: [[ 0.23500723  0.60352725  0.19168763 -0.97418684 -0.7478346   0.24399808
   0.42051864  0.4238185   0.16758461  0.28789493  0.27663717  0.5958117
  -0.6863428   0.7905661  -1.064783   -0.7519986  -0.30192357 -1.0031716
  -0.85953635 -0.14750718  0.63714224  0.26536128 -0.5183815  -0.7412371
  -0.6126184   0.44260642  0.32248408 -1.0841105  -0.52880603  0.34071198
  -0.65710205 -0.3573211 ]]

Final Loss: 0.1943
Distance Metric: 20.8298
L1 norm: 1e-05
L2 norm: 0
Batch size: 16
Clipping: 0
Learning rate: 0.01
data size: 5120
init: 0.2
seed: 4

================================================================================

nonoverlappingCNN_tanh -> fcnn_decreasing_tanh

Student Model Parameters:
layers.0.weight: [[ 0.30380785 -0.34878522  0.12206933 ... -0.00936629 -0.06725139
  -0.02153822]
 [ 0.0351476  -0.0994601   0.07268407 ...  0.03191287  0.03866586
  -0.02548728]
 [-0.04459614  0.0260133  -0.03078412 ... -0.03268412  0.04116326
  -0.02758288]
 ...
 [-0.05022988  0.03910001 -0.02176606 ... -0.315634    0.29312113
  -0.12150881]
 [-0.04578084 -0.00981365 -0.02048353 ...  0.01178098 -0.05315001
  -0.00990715]
 [-0.00667208 -0.06329179  0.00125198 ...  0.01500593 -0.01310043
  -0.00387751]]
layers.1.weight: [[-0.04560777  0.01522241  0.01332689 ...  0.0384075  -0.02612981
  -0.04542317]
 [-0.00286885  0.04141664  0.01688728 ... -0.0069344  -0.00193164
  -0.03969496]
 [ 0.04644557  0.04611655  0.01009311 ... -0.0595207  -0.01050861
   0.00098197]
 ...
 [-0.03871717  0.01230608  0.04642506 ...  0.03092489 -0.03570015
  -0.03467412]
 [-0.01414653  0.03792521 -0.01401284 ... -0.02924769 -0.02684074
   0.03611739]
 [-0.00096791  0.03974187  0.02509584 ... -0.01394611  0.0491919
  -0.00901091]]
layers.2.weight: [[-0.11362084 -0.03468093 -0.14023866  0.00312362 -0.12082349 -0.37229332
  -0.01825584  0.02398674 -0.04457648 -0.02901382  0.02006452 -0.01322413
  -0.1154679  -0.06209436 -0.04036827 -0.01325221  0.05332733 -0.07205942
  -0.02710535  0.02771064 -0.04546778 -0.45249972 -0.05185216  0.04627286
   0.00111245 -0.37484077 -0.05856891  0.00597586 -0.4387603  -0.0137013
  -0.04196408  0.02328962]]

Final Loss: 0.0046
Distance Metric: 14.0029
L1 norm: 1e-05
L2 norm: 0
Batch size: 16
Clipping: 0
Learning rate: 0.01
data size: 5120
init: 0.2
seed: 4

================================================================================

