Experiment Summary:
================================================================================

Teacher Model Parameters:
layers.0.weight: [[[-0.78 -0.12  0.7 ]]

 [[-1.16  0.47  0.05]]

 [[-0.73  1.96 -1.01]]

 [[-0.32  0.21  0.63]]]
layers.1.weight: [[[ 0.    0.04]
  [ 0.68  0.34]
  [ 0.54 -0.22]
  [-0.14 -0.33]]

 [[-0.14  1.59]
  [ 1.48 -0.52]
  [-1.26  0.3 ]
  [-0.4  -1.09]]

 [[-0.71  0.44]
  [-0.02 -0.14]
  [ 0.37 -0.7 ]
  [-0.83 -0.38]]

 [[ 0.89 -0.48]
  [-0.27 -0.81]
  [ 1.76 -0.41]
  [ 0.15  0.49]]]
layers.2.weight: [[[-0.54  0.16]
  [-0.74 -0.46]
  [ 0.08  0.18]
  [-0.22  0.81]]]

================================================================================

multiChannelCNN_sigmoid -> fcn_256_32_sigmoid

Student Model Parameters:
layers.0.weight: [[-0.00773718  0.00049554  0.00105543 ... -0.0062054   0.00323303
  -0.00101705]
 [ 0.03135687 -0.00201938 -0.00426747 ...  0.02508253 -0.01309297
   0.00411319]
 [-0.00978138  0.00061921  0.0013347  ... -0.00783981  0.00408595
  -0.00127911]
 ...
 [-0.01165428  0.00074048  0.00158926 ... -0.00933407  0.00486604
  -0.00152474]
 [ 0.02443606 -0.00156529 -0.00332748 ...  0.01956201 -0.01020349
   0.00320073]
 [ 0.02455395 -0.00157146 -0.00334831 ...  0.01965426 -0.01025224
   0.00321798]]
layers.1.weight: [[-0.00201689  0.00806591 -0.0025469  ... -0.00303154  0.00628532
   0.00631593]
 [ 0.00193932 -0.00787834  0.00245516 ...  0.00292419 -0.00614329
  -0.00617038]
 [ 0.00091346 -0.00389121  0.0011659  ...  0.00139542 -0.00303937
  -0.00305764]
 ...
 [ 0.00104587 -0.00440831  0.00133291 ...  0.00159663 -0.00344952
  -0.0034592 ]
 [ 0.00171412 -0.00698043  0.00216308 ...  0.0025817  -0.00544901
  -0.00547103]
 [ 0.00062828 -0.00278464  0.00081055 ...  0.0009725  -0.00218291
  -0.0021921 ]]
layers.2.weight: [[ 0.27947077 -0.2715821  -0.13255145  0.2633305  -0.628657    0.07326619
   0.28124014 -0.23709618  0.39033562 -0.15959774 -0.04612608 -0.28045157
   0.03836401 -0.0674386  -0.32736698 -0.38795465  0.17223877 -0.12385233
   0.45262286  0.33109078 -0.18682316  0.6877213   0.00384395 -0.05908958
   0.01225764 -0.05751474 -0.35088548  0.04201416 -0.21715395 -0.15072982
  -0.24026655 -0.09415787]]

Final Loss: 0.0001
Distance Metric: 8.1460
L1 norm: 0
L2 norm: 1e-05
Batch size: 16
Clipping: 0
Learning rate: 0.005
data size: 100000
init: 1
seed: 2
stopped after epoch: 1134

================================================================================

multiChannelCNN_sigmoid -> fcn_256_32_relu

Student Model Parameters:
layers.0.weight: [[-0.04261355 -0.02593472  0.00122161 ... -0.01628435  0.09397261
  -0.03720806]
 [ 0.01446662  0.05721275  0.01267242 ...  0.02897903 -0.02558487
   0.00458436]
 [-0.08760286  0.05929972  0.05164063 ... -0.09448185 -0.01371173
   0.05064157]
 ...
 [ 0.04984022 -0.01452098  0.02720931 ...  0.05402175  0.00074286
   0.04019254]
 [ 0.03394149  0.01719892  0.07210117 ...  0.07176836 -0.04330819
  -0.04470836]
 [ 0.03476888  0.01173595  0.03938758 ... -0.07911309  0.0132175
  -0.00663601]]
layers.1.weight: [[-0.04504259 -0.03923969 -0.00702392 ...  0.02486004  0.04559544
   0.03690505]
 [-0.00377757 -0.00404714 -0.01510886 ... -0.00561149  0.0058449
  -0.0243273 ]
 [ 0.00956583 -0.02435581 -0.01994139 ...  0.06074629  0.04445744
  -0.04614556]
 ...
 [ 0.00211775  0.01534917  0.03706726 ...  0.0373061   0.02826774
  -0.01314347]
 [-0.03308982 -0.0315703   0.0263435  ... -0.02847264  0.00488606
  -0.0052572 ]
 [-0.0108673  -0.03324948  0.02898009 ...  0.03847324  0.02643903
  -0.01836947]]
layers.2.weight: [[ 0.40435195  0.43550348  0.2982518   0.30434072 -0.46660146  0.4354263
  -0.41792166  0.42375687 -0.45584047  0.3341853  -0.45820254  0.4294272
  -0.46420905  0.37847897  0.43173745 -0.4125275   0.4419594   0.44034237
   0.41569677 -0.4496545  -0.45373294 -0.42602876 -0.46034002  0.29037634
  -0.47279102 -0.3681594   0.4222922  -0.39823428  0.42217913  0.17322977
   0.4464282  -0.45741475]]

Final Loss: 0.0065
Distance Metric: 15.1737
L1 norm: 0
L2 norm: 1e-05
Batch size: 16
Clipping: 0
Learning rate: 0.005
data size: 100000
init: 1
seed: 2
stopped after epoch: 2086

================================================================================

multiChannelCNN_sigmoid -> fcn_256_32_tanh

Student Model Parameters:
layers.0.weight: [[-0.00980559 -0.00431835  0.01559502 ...  0.01454278 -0.00189591
   0.01760735]
 [ 0.00175969  0.00106174 -0.01061865 ... -0.00694555  0.00225803
  -0.01390494]
 [ 0.00230068 -0.0025111   0.00038673 ... -0.00125885 -0.0002747
   0.00109858]
 ...
 [-0.00217184  0.00062111 -0.0051731  ... -0.00308005 -0.00041012
  -0.00568857]
 [ 0.00045204  0.00083881 -0.00686017 ... -0.00233531  0.0020157
  -0.00701095]
 [-0.00148989  0.00065395  0.00053183 ...  0.00057073  0.00126314
  -0.00179101]]
layers.1.weight: [[-0.00419763 -0.00252033 -0.00766692 ...  0.00389364  0.00562466
  -0.00334402]
 [ 0.00107417 -0.00298384  0.00035338 ...  0.00832907  0.00784482
  -0.00212862]
 [-0.00288855 -0.00682964  0.00517773 ... -0.00560287  0.00320862
   0.00608172]
 ...
 [-0.00528983  0.00630681 -0.00323343 ... -0.00710386  0.00402862
  -0.00495149]
 [ 0.00230931  0.00527728 -0.00115149 ... -0.00185819  0.00216386
   0.00150258]
 [ 0.00122978  0.0005459  -0.00377965 ... -0.00479436 -0.00094892
   0.00392698]]
layers.2.weight: [[ 0.00656755  0.00072067  0.00562664 -0.00727007  0.00262943  0.00819005
  -0.01452561 -0.00204718  0.01417991 -0.00633767 -0.01901949  0.00854512
   0.00684168 -0.01032075 -0.00728179 -0.01053911 -0.01122122 -0.01369936
   0.00277696 -0.01889829  0.01091264 -0.00242318  0.00844327 -0.11569382
  -0.00333034  0.0004131   0.01268695 -0.01090559 -0.00960896 -0.00442406
  -0.00497793 -0.00637086]]

Final Loss: 0.1668
Distance Metric: 10.3399
L1 norm: 0
L2 norm: 1e-05
Batch size: 16
Clipping: 0
Learning rate: 0.005
data size: 100000
init: 1
seed: 2
stopped after epoch: 356

================================================================================

multiChannelCNN_relu -> fcn_256_32_sigmoid

Student Model Parameters:
layers.0.weight: [[-0.22399625  0.05254712  0.03752396 ...  0.0867893  -0.06963822
  -0.00207213]
 [-0.02997777 -0.08038265  0.01808722 ...  0.00767616  0.19479032
  -0.15673657]
 [-0.02352685  0.21556231 -0.22595395 ...  0.58684856 -1.1397676
   0.46745324]
 ...
 [ 0.23873886 -0.3156618   0.05606654 ... -0.05794167 -0.12012783
   0.04102704]
 [ 0.06544206  0.10957418 -0.03360806 ...  0.1874481   0.02114525
  -0.09604087]
 [ 0.22045714 -0.33038726  0.05443621 ... -0.07521988 -0.06574291
   0.0231804 ]]
layers.1.weight: [[ 2.57241470e-03 -4.88681532e-03  3.06414142e-02 ... -1.31570816e-03
  -5.62003523e-04 -1.26292941e-03]
 [ 2.00793473e-03 -4.46435437e-03  2.64454111e-02 ... -1.36834581e-03
  -7.15016096e-04 -1.31493923e-03]
 [-3.66002019e-03  1.80651853e-03 -2.48602945e-02 ... -1.18721917e-03
  -1.57855870e-03 -1.32386200e-03]
 ...
 [ 5.93699366e-02 -4.42972668e-02 -1.05259442e+00 ... -9.40642878e-02
  -1.30175773e-04 -6.84285983e-02]
 [-8.66792724e-03  1.02066435e-02 -7.87889808e-02 ...  1.05305843e-03
  -9.32813215e-04  1.12570892e-03]
 [-1.13981152e-02  3.12573127e-02  5.72452784e-01 ...  5.87906018e-02
   5.79120405e-03  4.13252339e-02]]
layers.2.weight: [[-0.18145086 -0.15842159  0.14509968  0.45404494  4.4005075  -0.12126353
   0.13090156 -3.3621376  -0.25939563 -0.14543128  3.8794906  -4.002567
   0.01000932  2.253194    0.28464198 -3.8319538  -0.02520428  2.2873547
   2.7454035  -0.28207973 -0.5920674   0.28846666 -4.649872   -3.6111982
  -0.00851099  5.2337365  -0.24140541 -0.22634976  1.5899067   4.048456
   0.4391609  -1.8280367 ]]

Final Loss: 2.1392
Distance Metric: 40.6819
L1 norm: 0
L2 norm: 1e-05
Batch size: 16
Clipping: 0
Learning rate: 0.005
data size: 100000
init: 1
seed: 2
stopped after epoch: 5496

================================================================================

multiChannelCNN_tanh -> fcn_256_32_sigmoid

Student Model Parameters:
layers.0.weight: [[ 7.6846280e-03  1.6207319e-02  2.4268959e-02 ... -3.9176725e-02
   6.1669922e-03  5.5246367e-03]
 [ 8.4831119e-03 -1.0877179e-02 -5.7257503e-02 ...  4.4657197e-02
   6.2786415e-02  2.4175107e-02]
 [-3.0288217e-03 -3.1959210e-03 -2.1584898e-03 ...  6.3227559e-03
  -3.2361606e-03 -1.3555903e-03]
 ...
 [-2.5824534e-02  4.1211266e-03  2.7937748e-02 ... -1.4932557e+00
   8.2222807e-01  2.6625307e+00]
 [-1.0865643e-03 -8.0943303e-03 -2.1469064e-02 ...  2.4011796e-02
   1.5344190e-02  5.4446491e-03]
 [-1.5636250e-02  7.8611225e-03  6.4411476e-02 ... -4.3101005e-02
  -7.8042187e-02 -2.9753234e-02]]
layers.1.weight: [[-3.15736351e-03  1.49363950e-02 -1.17083524e-04 ... -8.98321792e-02
   4.73220879e-03 -1.76950544e-02]
 [ 3.45646869e-03 -1.76133011e-02  0.00000000e+00 ...  1.04590818e-01
  -5.72103541e-03  2.04113517e-02]
 [-4.91420506e-03  2.63729375e-02  1.20699748e-04 ... -1.56161010e-01
   8.54175724e-03 -3.05039119e-02]
 ...
 [ 1.89108157e-03 -8.25750548e-03  1.47698185e-04 ...  5.04950173e-02
  -2.56602140e-03  9.96986590e-03]
 [ 4.77434881e-03 -2.57223751e-02 -1.73120556e-04 ...  1.52042896e-01
  -8.37527774e-03  2.96402052e-02]
 [-1.85358664e-03  4.13334370e-03 -8.25842959e-04 ... -3.05568129e-02
   7.74906250e-04 -6.61857938e-03]]
layers.2.weight: [[-0.5546946   0.6706098  -0.96986747  0.59697646 -0.24688712 -0.65106386
   3.5308368  -1.6054466  -0.5456724  -0.54000425  1.0144186  -0.36445025
   0.7173801  -8.112871   -0.758295    0.16548626  0.24866062  0.03852811
   0.3012747  -0.481287    0.41018793 -0.9412612  -0.3876289  -0.69780236
  -2.3327322   0.81303906  0.9355279  -0.14560907  0.3814754   0.3282236
   0.96759677 -0.17571396]]

Final Loss: 0.3336
Distance Metric: 31.5171
L1 norm: 0
L2 norm: 1e-05
Batch size: 16
Clipping: 0
Learning rate: 0.005
data size: 100000
init: 1
seed: 2
stopped after epoch: 2098

================================================================================

multiChannelCNN_tanh -> fcn_256_32_relu

Student Model Parameters:
layers.0.weight: [[ 0.         -0.00011844  0.         ...  0.          0.
   0.        ]
 [ 0.          0.          0.         ...  0.          0.
   0.        ]
 [ 0.          0.          0.         ...  0.          0.
   0.        ]
 ...
 [ 0.          0.          0.         ...  0.          0.
   0.        ]
 [ 0.          0.          0.         ...  0.          0.
   0.        ]
 [ 0.          0.          0.         ...  0.          0.
   0.        ]]
layers.1.weight: [[-0.00011809  0.          0.         ...  0.          0.
  -0.00024759]
 [ 0.          0.00015814  0.         ...  0.          0.
   0.        ]
 [ 0.         -0.00015745  0.         ...  0.          0.
   0.        ]
 ...
 [ 0.          0.          0.00015113 ...  0.          0.00012486
  -0.00026221]
 [-0.00022707  0.00010727  0.         ...  0.00012592 -0.00013731
   0.        ]
 [-0.00010996  0.          0.         ... -0.00018864 -0.00012471
   0.0001176 ]]
layers.2.weight: [[-0.00035749 -0.00029793 -0.0006449   0.00020656 -0.00033963  0.00011513
  -0.00061713 -0.0003703   0.00021976 -0.00087722  0.          0.00094349
   0.         -0.00056512  0.          0.00066985  0.          0.00056701
   0.00032116  0.00010419 -0.00073769  0.00053415 -0.00084093  0.0006995
   0.00037383  0.00014703 -0.00061446 -0.00011139 -0.00082623 -0.00123121
   0.00035841 -0.00037126]]

Final Loss: 0.5475
Distance Metric: 7.6660
L1 norm: 0
L2 norm: 1e-05
Batch size: 16
Clipping: 0
Learning rate: 0.005
data size: 100000
init: 1
seed: 2
stopped after epoch: 828

================================================================================

multiChannelCNN_tanh -> fcn_256_32_tanh

Student Model Parameters:
layers.0.weight: [[ 0.00356673  0.00393787 -0.00043679 ...  0.          0.00154338
  -0.00184477]
 [ 0.00639469  0.00873457  0.00036105 ... -0.00182068  0.00179488
   0.00201271]
 [ 0.00040287  0.00032845  0.00172858 ... -0.00016502 -0.00722528
   0.00948686]
 ...
 [ 0.00303938  0.00213825 -0.00039552 ...  0.00117455 -0.00057075
  -0.00192674]
 [-0.00075966  0.          0.         ... -0.00082874  0.00030791
   0.00143908]
 [-0.00275736  0.00034469 -0.00031427 ... -0.00333489  0.01573442
  -0.01203015]]
layers.1.weight: [[-0.00367573 -0.01087235 -0.00305183 ... -0.00137051 -0.00029604
  -0.00122204]
 [ 0.00017874  0.         -0.00043533 ...  0.00015841  0.
   0.00040582]
 [ 0.         -0.00539801 -0.00670069 ...  0.00149508 -0.0017243
   0.00698033]
 ...
 [ 0.00044394  0.00018553 -0.00110563 ...  0.00039135 -0.00018165
   0.00102413]
 [-0.0037214  -0.00511267  0.00030365 ... -0.00396106  0.0013275
   0.00434132]
 [ 0.0002244   0.         -0.00054765 ...  0.00019869  0.
   0.00051041]]
layers.2.weight: [[ 1.2578683  -0.04291673  0.9928732  -0.00195321 -0.04483357 -0.06837042
  -0.04430201  0.05138986 -0.0862098   0.06896708  0.00493507 -0.03554129
   0.10584643  0.06118277  0.04858332 -0.04347451  0.05266238 -0.03661855
  -0.06197603  0.04096778  0.11233801 -0.6478522  -0.05767953 -0.7855287
   0.01331896 -0.04259535  0.4224957  -0.06568038 -0.04357254 -0.11069237
  -0.8001524  -0.05409086]]

Final Loss: 0.0004
Distance Metric: 6.3391
L1 norm: 0
L2 norm: 1e-05
Batch size: 16
Clipping: 0
Learning rate: 0.005
data size: 100000
init: 1
seed: 2
stopped after epoch: 1826

================================================================================

multiChannelCNN_relu -> fcn_256_32_relu

Student Model Parameters:
layers.0.weight: [[0. 0. 0. ... 0. 0. 0.]
 [0. 0. 0. ... 0. 0. 0.]
 [0. 0. 0. ... 0. 0. 0.]
 ...
 [0. 0. 0. ... 0. 0. 0.]
 [0. 0. 0. ... 0. 0. 0.]
 [0. 0. 0. ... 0. 0. 0.]]
layers.1.weight: [[0.         0.         0.         ... 0.         0.00010841 0.        ]
 [0.         0.         0.         ... 0.         0.         0.        ]
 [0.         0.         0.         ... 0.         0.         0.        ]
 ...
 [0.         0.         0.         ... 0.         0.         0.        ]
 [0.         0.         0.         ... 0.         0.         0.        ]
 [0.         0.         0.         ... 0.         0.         0.        ]]
layers.2.weight: [[ 0.00014772  0.00017694 -0.00020822  0.         -0.00031607  0.00016242
  -0.00033918  0.00025005 -0.00040329  0.00030659  0.00019543 -0.00071836
  -0.00029801 -0.00026482 -0.0002224   0.         -0.0008384   0.0004105
   0.0004783   0.0003675   0.00050709  0.00037936  0.00040459  0.
   0.00010579  0.          0.00037743  0.00016469 -0.00032391  0.00014352
  -0.00030142  0.        ]]

Final Loss: 0.2342
Distance Metric: 5.7986
L1 norm: 0
L2 norm: 1e-05
Batch size: 16
Clipping: 0
Learning rate: 0.005
data size: 100000
init: 1
seed: 2
stopped after epoch: 914

================================================================================

multiChannelCNN_relu -> fcn_256_32_tanh

Student Model Parameters:
layers.0.weight: [[ 1.2336546  -0.29623377  0.78897583 ...  0.44959635  0.07053679
   0.33912227]
 [-0.06915878 -0.01391756 -0.05535522 ...  0.11033409 -0.05882276
   0.19218265]
 [-0.05752612 -0.02002504 -0.0845815  ...  0.09715552 -0.01287441
   0.17881072]
 ...
 [-0.60731536  1.5245373  -0.9772638  ...  0.07008868  0.14384332
   0.18714023]
 [-1.6925583  -0.14167295 -0.4673074  ...  0.0750266   0.0929491
  -0.425689  ]
 [-1.164075   -0.45955718 -1.3253386  ...  1.4419492  -0.41026565
   2.5444462 ]]
layers.1.weight: [[ 0.03596416  0.0011518   0.00844271 ...  0.02552192  0.02570705
  -0.15300046]
 [-0.03590217 -0.00114564 -0.00842781 ... -0.02547063 -0.02574674
   0.15286998]
 [-0.03592682 -0.00114774 -0.00843346 ... -0.02548352 -0.02573514
   0.15292048]
 ...
 [ 0.03593789  0.00114888  0.00843704 ...  0.02550591  0.02571407
  -0.15292901]
 [-0.03601698 -0.00115756 -0.00845674 ... -0.02558195 -0.02566364
   0.15311167]
 [-0.0358936  -0.00114592 -0.00842716 ... -0.02549244 -0.02574259
   0.15285784]]
layers.2.weight: [[-0.01316409  0.01314946  0.01315236 -0.013157    0.01317621  0.28191236
  -0.01314904 -0.01314655 -0.14138381  0.2524953  -0.01316803  0.1960633
  -0.01314288 -0.01314734 -0.5831227  -0.23535661 -0.5668863   0.21598364
  -0.01313451  0.17221199 -0.01315455  0.01316928 -0.01318096  0.01314986
  -0.01315251  0.24171716  0.27585405  0.01314326  0.01315343 -0.01315898
   0.01317638  0.0131481 ]]

Final Loss: 0.9716
Distance Metric: 48.0304
L1 norm: 0
L2 norm: 1e-05
Batch size: 16
Clipping: 0
Learning rate: 0.005
data size: 100000
init: 1
seed: 2
stopped after epoch: 2467

================================================================================

