Experiment Summary:
================================================================================

Teacher Model Parameters:
layers.0.weight: [[[ 2.59 -2.83  0.87]]]
layers.1.weight: [[[-1.38  1.29]]]
layers.2.weight: [[[ 0.86 -0.84]]]

================================================================================

nonoverlappingCNN_relu -> fcnn_relu

Student Model Parameters:
layers.0.weight: [[ 0.5670775   0.02038018  0.09783096 ...  0.46868536  0.5808063
   0.54871833]
 [ 0.1191244  -0.07635994 -0.15369192 ... -0.5329978   0.
   0.85227376]
 [-0.12701567  0.06532969 -0.25415286 ...  0.16386838  0.26259565
   0.58987737]
 ...
 [-0.68969166  0.31927052 -0.17246498 ...  0.34323078 -0.10020915
   0.69560933]
 [-0.7582267  -0.13718173 -0.20451578 ... -0.10489768 -0.9313951
  -0.00783871]
 [-0.7370366   0.11644976 -0.473756   ... -0.48742148  0.11481913
  -0.10846529]]
layers.1.weight: [[-0.01446162  0.01815545  0.         ...  0.05802085 -0.14688878
   0.06480263]
 [ 0.02207784  0.16581124 -0.16378611 ...  0.          0.00838645
  -0.01639059]
 [-0.09010604 -0.05477491  0.06994268 ... -0.06837722 -0.03154357
  -0.00379696]
 ...
 [-0.06963925 -0.02322843  0.10115308 ... -0.09956019 -0.09292646
   0.        ]
 [ 0.00146455 -0.12466899  0.05065602 ...  0.04963786 -0.01539299
  -0.02563256]
 [-0.0701288   0.02714705  0.07369568 ...  0.          0.06945946
  -0.0740551 ]]
layers.2.weight: [[-0.11075623 -0.14788927 -0.2819838   0.20476432 -0.8919376  -0.38766062
   0.03145219 -0.19658025 -0.69079494  0.         -0.10540298 -0.11891067
  -0.47913256 -0.02854078 -0.04156483  0.21755199 -0.40869156 -0.2088247
  -0.40831715 -0.36691365 -0.7253519   0.01079682  0.0859891  -0.24552003
   0.15948027  0.11281619  0.06523387  0.38325766 -0.43004343 -0.47311044
  -0.05431242 -0.09054876]]

Final Loss: 5.0746
Distance Metric: 45.9859
L1 norm: 1e-05
L2 norm: 0
Batch size: 32
Clipping: 0

================================================================================

nonoverlappingCNN_tanh -> fcnn_tanh

Student Model Parameters:
layers.0.weight: [[0. 0. 0. ... 0. 0. 0.]
 [0. 0. 0. ... 0. 0. 0.]
 [0. 0. 0. ... 0. 0. 0.]
 ...
 [0. 0. 0. ... 0. 0. 0.]
 [0. 0. 0. ... 0. 0. 0.]
 [0. 0. 0. ... 0. 0. 0.]]
layers.1.weight: [[0. 0. 0. ... 0. 0. 0.]
 [0. 0. 0. ... 0. 0. 0.]
 [0. 0. 0. ... 0. 0. 0.]
 ...
 [0. 0. 0. ... 0. 0. 0.]
 [0. 0. 0. ... 0. 0. 0.]
 [0. 0. 0. ... 0. 0. 0.]]
layers.2.weight: [[ 0.          0.          0.          0.          0.          0.
   0.          0.          0.          0.20703986  0.          0.
   0.          0.          0.49337608  0.          0.          0.
   0.          0.          0.          0.          0.          0.
   0.          0.          0.00314778  0.37658322  0.         -0.36501348
   0.          0.46321073]]

Final Loss: 0.0004
Distance Metric: 11.5000
L1 norm: 1e-05
L2 norm: 0
Batch size: 32
Clipping: 0

================================================================================

nonoverlappingCNN_sigmoid -> fcnn_sigmoid

Student Model Parameters:
layers.0.weight: [[0. 0. 0. ... 0. 0. 0.]
 [0. 0. 0. ... 0. 0. 0.]
 [0. 0. 0. ... 0. 0. 0.]
 ...
 [0. 0. 0. ... 0. 0. 0.]
 [0. 0. 0. ... 0. 0. 0.]
 [0. 0. 0. ... 0. 0. 0.]]
layers.1.weight: [[0. 0. 0. ... 0. 0. 0.]
 [0. 0. 0. ... 0. 0. 0.]
 [0. 0. 0. ... 0. 0. 0.]
 ...
 [0. 0. 0. ... 0. 0. 0.]
 [0. 0. 0. ... 0. 0. 0.]
 [0. 0. 0. ... 0. 0. 0.]]
layers.2.weight: [[ 0.          0.          0.          0.          0.          0.
   0.          0.         -0.37443858  0.          0.          0.
   0.          0.          0.         -1.119635    0.          2.0172422
   0.          0.          0.          0.          0.          0.
   0.          0.          0.          0.          0.          0.
   0.          0.        ]]

Final Loss: 0.0003
Distance Metric: 10.4497
L1 norm: 1e-05
L2 norm: 0
Batch size: 32
Clipping: 0

================================================================================

