Experiment Summary:
================================================================================

Teacher Model Parameters:
layers.0.weight: [[[ 2.59 -2.83  0.87]]]
layers.1.weight: [[[-1.38  1.29]]]
layers.2.weight: [[[ 0.86 -0.84]]]

================================================================================

nonoverlapping_CNN_all_tanh -> overlapping_CNN_all_tanh

Student Model Parameters:
layers.0.weight: [[[-0.6545568   0.          0.        ]]

 [[ 0.5637852   0.6038597  -0.70473313]]

 [[ 2.5846202  -2.824055    0.8680813 ]]

 [[ 1.0661979  -0.7637793   0.        ]]]
layers.1.weight: [[[ 0.          0.04762228]
  [ 0.          0.        ]
  [ 0.          0.        ]
  [-0.9133051   0.5805016 ]]

 [[ 0.          0.        ]
  [ 0.          0.        ]
  [ 1.3772682  -1.2872939 ]
  [ 0.          0.        ]]

 [[ 0.          0.        ]
  [ 0.          0.        ]
  [-0.06516816  0.07978432]
  [-0.26224834  0.07193284]]

 [[ 0.          0.        ]
  [ 0.          0.62182534]
  [-0.2016454  -0.0528903 ]
  [ 0.4088052   0.        ]]]
layers.2.weight: [[[ 0.          0.        ]
  [-0.8601886   0.84021264]
  [ 0.          0.        ]
  [ 0.          0.        ]]]

Final Loss: inf
Distance Metric: 3.1986
L1 norm: 1e-05
L2 norm: 0
Batch size: 32
Clipping: 0.01

================================================================================

nonoverlapping_CNN_all_tanh -> overlapping_CNN_all_tanh

Student Model Parameters:
layers.0.weight: [[[ 2.5841513  -2.8236036   0.86792874]]

 [[ 0.8088508   0.         -1.0327045 ]]

 [[ 0.5108621  -0.06108396  0.24121533]]

 [[ 0.         -0.5133909   0.        ]]]
layers.1.weight: [[[-1.3770349   1.2870687 ]
  [ 0.          0.        ]
  [ 0.          0.        ]
  [ 0.          0.        ]]

 [[ 0.          0.        ]
  [ 0.22024219  0.        ]
  [ 0.          0.24723421]
  [ 0.          0.0317629 ]]

 [[ 0.         -0.8931649 ]
  [ 0.          0.        ]
  [ 0.         -0.10342282]
  [ 0.         -0.08760493]]

 [[-0.5286588   0.        ]
  [ 0.17483743  0.        ]
  [ 0.          0.        ]
  [ 0.         -0.3422494 ]]]
layers.2.weight: [[[ 0.8601969 -0.8402204]
  [ 0.         0.       ]
  [ 0.         0.       ]
  [ 0.         0.       ]]]

Final Loss: 0.0002
Distance Metric: 2.6959
L1 norm: 1e-05
L2 norm: 0
Batch size: 32
Clipping: 0.01

================================================================================

nonoverlapping_CNN_all_tanh -> overlapping_CNN_all_tanh

Student Model Parameters:
layers.0.weight: [[[ 0.         0.         0.       ]]

 [[ 0.         0.         0.       ]]

 [[-2.5841613  2.8236003 -0.8679349]]

 [[ 0.         0.         0.       ]]]
layers.1.weight: [[[ 0.         0.       ]
  [ 0.         0.       ]
  [ 0.         0.       ]
  [ 0.         0.       ]]

 [[ 0.         0.       ]
  [ 0.         0.       ]
  [ 0.         0.       ]
  [ 0.         0.       ]]

 [[ 0.         0.       ]
  [ 0.         0.       ]
  [ 1.3770347 -1.2870705]
  [ 0.         0.       ]]

 [[ 0.         0.       ]
  [ 0.         0.       ]
  [ 0.         0.       ]
  [ 0.         0.       ]]]
layers.2.weight: [[[ 0.         0.       ]
  [ 0.         0.       ]
  [ 0.8601891 -0.8402376]
  [ 0.         0.       ]]]

Final Loss: 0.0001
Distance Metric: 0.0134
L1 norm: 1e-05
L2 norm: 0
Batch size: 32
Clipping: 0.01
Dataset size: 1536
Epochs: 20000

================================================================================

