Experiment Summary:
================================================================================

Teacher Model Parameters:
layers.0.weight: [[[ 0.29428583 -0.10869312  0.46290028]]

 [[-0.41953182 -0.24777748 -0.57117736]]

 [[-0.43163717  0.15721133 -0.35157183]]

 [[-0.45975122  0.4444014   0.14232679]]]
layers.1.weight: [[[ 0.08773797  0.5805996 ]
  [ 0.5671182   0.07900726]
  [ 0.25452852  0.13040252]
  [-0.5095594   0.54692864]]

 [[-0.30501756  0.5857971 ]
  [-0.01211611  0.4830686 ]
  [-0.01768517 -0.6030765 ]
  [ 0.27679038 -0.1880786 ]]

 [[-0.36093923  0.37115893]
  [ 0.46020374 -0.49169645]
  [ 0.07906683  0.05734415]
  [ 0.15916383  0.21393289]]

 [[ 0.19904202 -0.38279915]
  [ 0.5908314  -0.26722383]
  [ 0.60015446 -0.04815959]
  [ 0.41725048 -0.49930748]]]
layers.2.weight: [[[ 0.47580215  0.5608237 ]
  [ 0.16292794 -0.22488852]
  [ 0.00412784 -0.2567685 ]
  [-0.09507661 -0.45288497]]]

================================================================================

multiChannelCNN_sigmoid -> fcn_256_32_sigmoid

Student Model Parameters:
layers.0.weight: [[-0.12957543  0.14476086  0.06928592 ... -0.05190382  0.11554562
   0.03795512]
 [-0.10642835  0.01673155 -0.08266479 ...  0.13040027  0.12927124
  -0.14433955]
 [-0.00661213  0.14788704 -0.08800602 ...  0.0817614   0.03890532
  -0.08124716]
 ...
 [ 0.08029896 -0.01424042 -0.14839968 ...  0.10353738  0.09259155
  -0.07141058]
 [ 0.12115353 -0.07280132 -0.14374712 ... -0.03168493 -0.09439468
   0.07644245]
 [-0.06428286 -0.02962824  0.05841747 ... -0.0140824  -0.0589348
   0.0021117 ]]
layers.1.weight: [[-0.09412648  0.08228138  0.11840271 ...  0.08478068 -0.13487269
   0.03515931]
 [ 0.04386446 -0.01551112  0.08918252 ...  0.10750336  0.08160504
   0.01088139]
 [-0.00014278  0.05650716  0.13058995 ...  0.10673021  0.05878859
  -0.08461945]
 ...
 [ 0.01744855  0.11593134  0.13376184 ... -0.00577292 -0.12573017
  -0.0230409 ]
 [-0.09151743  0.01071405  0.04194981 ...  0.051146    0.09258705
  -0.06852679]
 [ 0.02097411 -0.05211577  0.07320589 ... -0.12037533  0.00981303
  -0.11798767]]
layers.2.weight: [[ 0.21036798  0.15892859 -0.42142138  0.10172698 -0.24066478 -0.3326686
   0.22313838  0.21065472 -0.01319627  0.22102682 -0.40344694  0.05306974
  -0.16554368 -0.05787804  0.17018434 -0.1584425   0.30314076 -0.00430838
  -0.01751344 -0.34280843  0.05297928  0.16139156  0.2850826   0.05493725
   0.40765074 -0.23729551 -0.2886239   0.05063984 -0.17715038  0.4152713
  -0.326304   -0.26137248]]

Final Loss: 0.0000
Distance Metric: 15.7981
L1 norm: 0
L2 norm: 0
Batch size: 16
Clipping: 0
Learning rate: 0.005
data size: 100000
init: 1
seed: 3
stopped after epoch: 1999

================================================================================

multiChannelCNN_sigmoid -> fcn_256_32_relu

Student Model Parameters:
layers.0.weight: [[ 0.14889807 -0.5575729   0.26944023 ... -0.18557914  0.33741114
  -0.3059389 ]
 [-0.42097402  0.09588819  0.12654635 ... -0.04795197 -0.20681557
  -0.10132843]
 [ 0.1397247  -0.04354526 -0.0505238  ... -0.19685487 -0.0781586
   0.19172795]
 ...
 [-0.07806715 -0.14124024  0.04645452 ...  0.21072459  0.0799325
   0.09800971]
 [-0.09683086  0.01754127  0.14111884 ... -0.04511631  0.1469909
  -0.07738657]
 [-0.00443694  0.10295993 -0.10788561 ...  0.00909001 -0.067643
  -0.00904799]]
layers.1.weight: [[-0.26256767  0.00056429  0.04558118 ...  0.31704772  0.00840881
   0.12467302]
 [ 0.51919806 -0.30734262  0.10670378 ...  0.19419289 -0.33433804
  -0.2803279 ]
 [ 0.16426909 -0.16238642 -0.04486671 ...  0.45114195  0.4195372
   0.15197484]
 ...
 [ 0.36085793  0.4106669   0.27885255 ...  0.08922147  0.11461183
   0.16407222]
 [-0.1774772   0.18793048 -0.22360839 ...  0.10346306 -0.40604147
   0.05693968]
 [ 0.04239444 -0.22788213 -0.19391912 ...  0.44679892 -0.01894212
  -0.12632367]]
layers.2.weight: [[-0.0386217   1.4935527  -1.4303423   2.082417   -0.19783603 -0.9753657
  -1.5227745   0.71738625  0.3785056  -0.997506   -0.20379412 -1.5574869
   1.1395289   3.1350415   2.447426    0.01964879  3.9749234  -0.02546306
  -1.0720235  -0.828373    0.12670565  1.8026738   0.85804635  0.9402631
   2.1527622  -0.49657908 -1.9074733  -1.5550901  -1.046202   -1.0078678
  -0.596373   -0.9365861 ]]

Final Loss: 0.2313
Distance Metric: 40.9426
L1 norm: 0
L2 norm: 0
Batch size: 16
Clipping: 0
Learning rate: 0.005
data size: 100000
init: 1
seed: 3
stopped after epoch: 161

================================================================================

multiChannelCNN_sigmoid -> fcn_256_32_tanh

Student Model Parameters:
layers.0.weight: [[ 0.06179598 -0.02634683 -0.13291813 ... -0.14278807 -0.17592254
  -0.01939174]
 [-1.7372082  -0.824385    0.5085706  ...  0.78114635  3.8178723
   3.2289708 ]
 [ 1.6512011   0.3052333   1.4029232  ... -0.98590463  0.54576534
   3.7287788 ]
 ...
 [-0.893024   -0.15494876  0.76226133 ... -1.3427181  -3.0293949
  -1.6700358 ]
 [-0.76920646 -0.50643355  0.9077147  ... -0.09673177 -0.02156096
   0.55352074]
 [ 0.028389   -0.05461567 -0.07640211 ...  0.03269275  0.04687949
  -0.00445834]]
layers.1.weight: [[-2.25526318e-02 -5.89664234e-03  1.81384254e-02 ... -1.08741010e-02
   1.02679571e-02 -9.42942034e-03]
 [ 7.40278559e-03  4.59596328e-02  8.17583874e-03 ... -1.88724715e-02
  -1.60483803e-04  2.58084014e-03]
 [-2.66267508e-02 -2.81291585e-02  2.05110796e-02 ...  2.64206957e-02
  -2.23255083e-02 -6.90444838e-03]
 ...
 [-1.50862396e-01  3.68086219e+00  3.00080109e+00 ... -1.13223985e-01
   1.09877974e-01  8.07165504e-02]
 [ 3.08526214e-03 -4.84070129e-04 -3.08916457e-02 ... -3.30408965e-03
   6.16418086e-02  2.51000444e-03]
 [-1.13177262e-02 -6.16437569e-03  4.21165824e-02 ...  4.77027753e-03
   4.97087650e-03 -2.80946842e-03]]
layers.2.weight: [[-0.0161707  -0.0118084   0.01344938  0.02250204  0.00028781  0.00819778
   0.02959274  0.01499227 -0.00032807 -0.11715269 -0.01747345 -0.01250644
  -0.0338407  -0.01026725 -0.00330401  0.00332386 -0.00204958 -0.16953194
  -0.00579182  0.05262187  0.08264028  0.00398389 -0.01800717  0.04708738
   0.02290471 -0.01922263  0.01020728 -0.02445553 -0.13872145 -0.26101643
   0.00374126 -0.01542701]]

Final Loss: 0.3917
Distance Metric: 111.1321
L1 norm: 0
L2 norm: 0
Batch size: 16
Clipping: 0
Learning rate: 0.005
data size: 100000
init: 1
seed: 3
stopped after epoch: 1999

================================================================================

multiChannelCNN_relu -> fcn_256_32_sigmoid

Student Model Parameters:
layers.0.weight: [[ 0.02065606  0.09318179  0.08942554 ... -0.0767441   0.16457663
  -0.07980979]
 [-0.28048483  0.5646721  -0.24084581 ... -0.1477797   0.16545999
  -0.17147854]
 [-0.00507662  0.18967986  0.0993478  ... -0.7075569  -0.7947567
   0.23553686]
 ...
 [-0.04679552 -1.3803302  -0.38756374 ...  0.46282175 -0.5511929
   0.14031287]
 [-0.1540032  -0.4560074  -0.05035585 ...  0.03237801  0.10948555
   0.03169394]
 [-0.42409685  0.58528817 -0.3214992  ...  1.4960079  -1.4481637
   0.6756769 ]]
layers.1.weight: [[-0.03889793  0.17431179 -0.3549643  ...  0.4391959  -0.05932712
  -0.5598574 ]
 [-0.04680904 -0.02540823  0.1098104  ... -0.05952697 -0.072736
   0.15746966]
 [-0.16089879  0.18735622 -0.09941777 ... -0.21623167 -0.20977537
  -0.1326521 ]
 ...
 [ 0.16334213 -0.02900091 -0.21726511 ...  0.42245004 -0.10996229
   0.01486409]
 [-0.04567767  0.14034307 -0.01117393 ...  0.04049271 -0.07978196
   0.01591202]
 [ 0.03953692  0.04228897  0.14442264 ... -0.09309848  0.00139894
  -0.07060679]]
layers.2.weight: [[-4.953676    1.4159304  -2.4738538  -1.7773042  -1.4991542   1.0122026
   1.9322848   2.7970998   1.6295271   2.7079518   1.7018026   2.6439056
   4.00889     1.9964442  -1.6922075  -1.3986387   2.4183977  -5.6509643
   0.07490191  2.787588   -0.5679194  -1.850794   -1.862281    2.926861
  -1.9039365  -2.6834545   2.6530051   3.0406358   1.7809544  -1.4508523
   1.7960917   0.89608985]]

Final Loss: 0.0030
Distance Metric: 58.5518
L1 norm: 0
L2 norm: 0
Batch size: 16
Clipping: 0
Learning rate: 0.005
data size: 100000
init: 1
seed: 3
stopped after epoch: 1999

================================================================================

multiChannelCNN_relu -> fcn_256_32_relu

Student Model Parameters:
layers.0.weight: [[-0.29430723 -0.05475435 -0.10109477 ... -0.1730343   0.00482189
   0.30355352]
 [-0.13875432 -0.01583139  0.3487608  ...  0.02092299 -0.14481834
  -0.2953499 ]
 [-0.536229    0.25440484  0.20952937 ... -0.24465886  0.17699759
   0.24650109]
 ...
 [-0.39104748  0.1156793   0.2652913  ... -0.18338124  0.07638784
  -0.21915004]
 [-0.24686573  0.02361491  0.18718    ...  0.04182516  0.00060066
  -0.09163789]
 [ 0.24965301  0.08106414 -0.13534667 ... -0.05598375  0.09145553
  -0.09297576]]
layers.1.weight: [[-0.24093387  0.02560368 -0.06705043 ... -0.289109    0.41244575
   0.13900822]
 [ 0.1925007  -0.27489057  0.05974363 ...  0.04723103  0.00652479
  -0.4668344 ]
 [ 0.1049634  -0.46876112 -0.18915796 ... -0.09592552  0.07286964
  -0.10938639]
 ...
 [ 0.49063295  0.08631062  0.02067597 ... -0.3979911   0.28159007
   0.07198074]
 [ 0.01815934  0.6537253   0.31653276 ...  0.35125622  0.33993945
  -0.020717  ]
 [-0.37053388  0.4360906  -0.06694992 ...  0.13613573  0.12315775
   0.49919385]]
layers.2.weight: [[-1.1795849   1.3661059   0.15381671 -0.35432866 -0.7623384   1.3306918
   1.0784744  -2.758911   -0.95985144 -1.2501459  -0.5675169  -1.1052821
  -0.61344934 -3.1745548   0.40645078  0.5418687  -0.06618135 -0.05298854
   0.36566186  1.616392    0.4529678  -0.8906975  -0.71058357 -1.7315099
   4.3013515  -0.6335958  -1.0783914  -0.893461   -1.1965529   0.5195526
  -1.4173944  -1.2054676 ]]

Final Loss: 0.1245
Distance Metric: 51.1311
L1 norm: 0
L2 norm: 0
Batch size: 16
Clipping: 0
Learning rate: 0.005
data size: 100000
init: 1
seed: 3
stopped after epoch: 127

================================================================================

multiChannelCNN_relu -> fcn_256_32_tanh

Student Model Parameters:
layers.0.weight: [[ 0.46759778 -0.64816976 -0.31677258 ... -0.62975395 -0.35605708
  -0.28052118]
 [ 0.10680486  0.3555802   0.01147127 ...  0.29237455 -0.49209058
   0.19563697]
 [ 0.611811    0.32191864 -1.5576217  ... -0.33821207 -0.38506755
   0.04863375]
 ...
 [ 0.82818115  0.43879786  0.7786631  ...  0.01939117  0.1855307
   0.61953896]
 [-0.54560214  0.48175988  0.44662797 ...  0.45343494 -0.33003008
  -0.41690195]
 [ 0.34362033 -0.54746574  0.08257242 ...  0.27367258 -0.18493848
  -0.2641862 ]]
layers.1.weight: [[-0.03926801  0.3393935   0.41428855 ...  0.04973716  0.10066251
  -0.24621864]
 [ 0.02429198  0.11081249  0.05056238 ... -0.05001895 -0.12209991
   0.11794844]
 [ 0.11804193 -0.1283177  -0.02051994 ... -0.09323057  0.13340531
   0.00720989]
 ...
 [-0.08026476 -0.00310512 -0.11966171 ... -0.0692922  -0.0642384
   0.0308609 ]
 [ 0.20640203 -0.17923965  0.25661075 ...  0.1397761  -0.00977968
  -0.06210527]
 [ 0.47959793  0.49430236  0.59205693 ...  0.49292347 -0.2753937
  -0.59408855]]
layers.2.weight: [[ 0.06778958  0.05461909 -0.05170717 -0.47005492  0.40478492  0.06873852
   0.04341678 -0.05806734  0.45939305 -0.13008004  0.05007025 -0.21260732
   0.04681735  0.02025641 -0.06404147  0.11409524  0.05795704 -0.0561255
   0.04393362 -0.22330981 -0.06052452 -0.3911103  -0.04610211  0.00515134
  -0.05111891 -0.04854881  0.00221434 -0.00352556  0.04198092  0.01397887
  -0.04959169 -0.05253349]]

Final Loss: 0.0106
Distance Metric: 67.4536
L1 norm: 0
L2 norm: 0
Batch size: 16
Clipping: 0
Learning rate: 0.005
data size: 100000
init: 1
seed: 3
stopped after epoch: 1999

================================================================================

multiChannelCNN_tanh -> fcn_256_32_sigmoid

Student Model Parameters:
layers.0.weight: [[-0.09102398  0.01110819 -0.15740229 ...  0.24625963  0.18364175
  -0.2126976 ]
 [ 0.06952782 -0.09242497 -0.0446681  ...  0.1678002   0.01093017
   0.06778836]
 [-0.14479081  0.10149337  0.18537566 ...  0.1393381  -0.1394885
   0.03470818]
 ...
 [ 0.14246918  0.14059617 -0.0256922  ...  0.22883329  0.03868565
  -0.07001363]
 [ 0.26293617  0.7528568   0.39421797 ... -0.07345448  0.01177043
   0.06246321]
 [-0.02397197  0.03652496  0.         ... -0.07985481 -0.12956911
   0.04507689]]
layers.1.weight: [[-0.07502811 -0.21124342  0.02479417 ... -0.17961946 -3.8001611
  -1.6732236 ]
 [ 0.151147   -0.04679482  0.09775624 ... -0.07131459  0.12107719
   0.15583225]
 [-0.03129071 -0.1094571  -0.15098752 ... -0.04197971 -0.4519629
  -0.17709078]
 ...
 [ 0.0323193   0.02151264 -0.03389611 ... -0.17348224 -0.10106555
   0.7692045 ]
 [-0.05436179  0.00561039  0.0677729  ... -0.09452786  0.34142536
   0.05391798]
 [-0.0616197  -0.04947472  0.06714208 ... -0.11907946  0.04462893
   0.06139792]]
layers.2.weight: [[-10.758228    -0.3277216   -1.1687695    3.1612277   -2.4043489
    0.6703836    0.70326036  -1.4503425   -3.4906912    0.9892385
   -1.6724573    0.67790145  -1.6108569   -1.3903372   -1.1211846
   -3.0889347    1.2286438   -2.5599508   -1.3335282   -1.3917302
   -1.7286453    0.3972302   -1.2544776   -1.3061311   -3.118332
    0.829159     0.39780065   0.17009239   0.57138973   1.9715588
    0.9411701    0.32807517]]

Final Loss: 0.2318
Distance Metric: 56.2916
L1 norm: 0
L2 norm: 0
Batch size: 16
Clipping: 0
Learning rate: 0.005
data size: 100000
init: 1
seed: 3
stopped after epoch: 1999

================================================================================

multiChannelCNN_tanh -> fcn_256_32_relu

Student Model Parameters:
layers.0.weight: [[ 0.261358   -0.5041396   0.23708008 ... -0.24491861  0.3913346
  -0.29027018]
 [-0.45843288  0.09189398  0.13667056 ... -0.03696446 -0.22304504
  -0.09789665]
 [ 0.1179594  -0.03667818 -0.02810992 ... -0.20670533 -0.10817952
   0.1650204 ]
 ...
 [-0.1243258  -0.15262422  0.05568957 ...  0.24033606  0.07451141
   0.09225366]
 [-0.09409875  0.03163837  0.14640096 ... -0.03783536  0.16086252
  -0.07781588]
 [-0.03083022  0.118613   -0.09219922 ...  0.00098269 -0.05620346
  -0.02008368]]
layers.1.weight: [[-0.26273793  0.00062247  0.04514998 ...  0.31636295  0.00808659
   0.1236811 ]
 [ 0.48692405 -0.33260763  0.09286444 ...  0.17982912 -0.36207527
  -0.29706758]
 [ 0.16505077 -0.15809692 -0.044377   ...  0.4524317   0.4251783
   0.15204138]
 ...
 [ 0.37813738  0.42868513  0.28694063 ...  0.09723281  0.13154246
   0.17302974]
 [-0.17721426  0.18815492 -0.22265908 ...  0.10444824 -0.4060536
   0.05877388]
 [ 0.04239444 -0.22788213 -0.19472863 ...  0.44679892 -0.01894212
  -0.12647352]]
layers.2.weight: [[-0.06162269  1.4773191  -1.4432981   1.9749323  -0.30725005 -1.052816
  -1.5472548   0.7130403   0.3640047  -1.0143015  -0.20461406 -1.5850704
   1.1357651   3.101589    2.4327664   0.02013284  3.9722748  -0.10162196
  -1.0704101  -0.92293215  0.11563316  1.7444063   0.8522295   0.9240249
   2.1213923  -0.5725734  -2.0191996  -1.5969111  -1.0767485  -1.0364876
  -0.5902548  -0.9332544 ]]

Final Loss: 0.4631
Distance Metric: 41.5836
L1 norm: 0
L2 norm: 0
Batch size: 16
Clipping: 0
Learning rate: 0.005
data size: 100000
init: 1
seed: 3
stopped after epoch: 175

================================================================================

multiChannelCNN_tanh -> fcn_256_32_tanh

Student Model Parameters:
layers.0.weight: [[ 0.00051394  0.00468391  0.0066271  ... -0.0299248  -0.03192691
  -0.00288205]
 [-0.07323176 -0.12361926 -0.1382212  ...  0.09779126  0.03169139
  -0.01929272]
 [ 0.0116443   0.00471405 -0.04224331 ... -0.00779973  0.02793566
   0.05548998]
 ...
 [-0.00839073  0.00372383 -0.02837515 ... -0.00309563  0.00557836
  -0.00527012]
 [ 0.01705273  0.05679372 -0.02299451 ...  0.02756483  0.00283306
  -0.07714825]
 [-0.05693555 -0.22726218 -0.03832648 ...  0.06096368 -0.01302048
  -0.05679946]]
layers.1.weight: [[ 0.1895372  -0.08957285  0.13060601 ... -0.05582927 -0.03445444
  -0.03626881]
 [-0.19789544 -0.16807082 -0.1501512  ... -0.14706598 -0.02148795
   0.07713652]
 [ 0.23554029  0.2272679  -0.03588588 ... -0.11056352 -0.10199104
   0.12384037]
 ...
 [ 0.0511652   0.02925054  0.16613267 ...  0.01735889  0.01896222
  -0.25369826]
 [-0.06243121 -0.01580241 -0.07610846 ...  0.11927807 -0.17666772
  -0.11173944]
 [-0.01639066 -0.10151703  0.01443306 ...  0.31070045  0.1804734
  -0.12219699]]
layers.2.weight: [[-5.7663488e-01  1.5466230e-02  1.0508248e-01 -1.3068435e-02
  -4.5339141e-02  2.7575964e-01 -4.7337547e-02 -2.0690602e-01
   1.8665306e-02 -8.6146519e-03 -8.8107377e-02 -2.9203156e-01
  -1.8629898e-01 -2.9067659e-01 -1.0002397e-01  3.3059802e-02
  -3.9695397e-02 -5.4573887e-03 -8.6459555e-02 -1.5995767e-02
   7.6257482e-02 -1.7420296e-02 -4.5792233e-02  5.6932744e-02
   1.3995739e-02 -4.0255714e-04  6.2166661e-02 -6.7343283e-01
  -5.6677334e-02 -6.1128680e-02 -9.1551669e-02 -6.4921796e-01]]

Final Loss: 0.0000
Distance Metric: 21.0772
L1 norm: 0
L2 norm: 0
Batch size: 16
Clipping: 0
Learning rate: 0.005
data size: 100000
init: 1
seed: 3
stopped after epoch: 1999

================================================================================

