Experiment Summary:
================================================================================

Teacher Model Parameters:
layers.0.weight: [[[-0.01664197  0.03536113  0.03510834]]

 [[ 0.01096935 -0.09709093 -0.03483177]]

 [[ 0.02314684  0.04095578  0.10619861]]

 [[ 0.0359326   0.02165385 -0.06187585]]]
layers.1.weight: [[[ 0.0279891   0.06146295]
  [-0.00820219 -0.08296968]
  [-0.07012939  0.04699988]
  [-0.02754114 -0.05433887]]

 [[-0.05692688 -0.10481495]
  [-0.01181174 -0.06888576]
  [ 0.01766241 -0.10832739]
  [ 0.0190307  -0.1211836 ]]

 [[ 0.07347852  0.0584413 ]
  [ 0.11701212  0.12121599]
  [-0.02572064  0.04695648]
  [-0.01664175 -0.04379852]]

 [[ 0.10737506  0.00482132]
  [-0.01804471 -0.02632015]
  [-0.11145774 -0.09358358]
  [-0.03489956 -0.01240326]]]
layers.2.weight: [[[ 0.07559627  0.11445804]
  [ 0.08928236 -0.09411778]
  [-0.12383505 -0.05734387]
  [-0.04165257 -0.11199164]]]

================================================================================

multiChannelCNN_sigmoid -> fcn_256_32_sigmoid

Student Model Parameters:
layers.0.weight: [[-0.02528423 -0.02240408  0.02559311 ... -0.0099317  -0.02087842
   0.02342073]
 [-0.01607316  0.00048923 -0.01194791 ...  0.0225131  -0.020255
  -0.00816729]
 [-0.00805636  0.01890598  0.01627793 ...  0.02571552 -0.00766195
   0.01182487]
 ...
 [-0.01816086 -0.02392522  0.02027447 ...  0.01286924 -0.0104686
  -0.01642803]
 [-0.01775292  0.02580819 -0.00709094 ... -0.00234909 -0.02502064
  -0.02023871]
 [ 0.02567037 -0.02766493 -0.01938916 ...  0.00872587 -0.00764786
   0.00703366]]
layers.1.weight: [[ 0.01611139  0.01244675 -0.0201487  ... -0.0048723   0.02606503
   0.00919055]
 [-0.02283568  0.01698739 -0.01455694 ... -0.01402475  0.01468621
  -0.01220207]
 [-0.01044645 -0.02597156  0.0237892  ...  0.0080719   0.02561188
  -0.00254688]
 ...
 [ 0.00756461  0.01203058 -0.00523386 ...  0.02191116  0.02884332
   0.00805853]
 [-0.01958835  0.00520549 -0.02265105 ...  0.01468152 -0.01099858
  -0.02929877]
 [-0.01849417 -0.01195167  0.00963836 ...  0.00175969 -0.02423182
  -0.00202365]]
layers.2.weight: [[ 0.03405205 -0.01118318 -0.08324897  0.06002419 -0.07681789  0.06706253
  -0.03282015  0.00037335  0.06767887 -0.00369713  0.03032309 -0.03367063
  -0.06798409 -0.00721492 -0.0294231  -0.01049725  0.03101421  0.03782212
  -0.08336172 -0.04388199 -0.04595613 -0.02403831  0.02494544  0.03541189
  -0.01202741 -0.08473442 -0.05010933  0.05354607  0.06363524 -0.06719571
   0.06476613  0.0097079 ]]

Final Loss: 0.0000
Distance Metric: 3.0794
L1 norm: 0
L2 norm: 0
Batch size: 16
Clipping: 0
Learning rate: 0.005
data size: 100000
init: 0.2
seed: 2
stopped after epoch: 1999

================================================================================

multiChannelCNN_sigmoid -> fcn_256_32_relu

Student Model Parameters:
layers.0.weight: [[ 1.2511775e-01  1.1480842e-02 -7.5114541e-02 ... -9.9932693e-02
  -1.9555727e-01  4.3895405e-02]
 [ 3.1980962e-01 -1.8237019e-02  6.9293074e-02 ...  1.5729721e-01
   2.2304118e-01 -6.5587252e-02]
 [ 2.8064644e-01  5.1974803e-02 -8.5945301e-02 ...  9.4971001e-02
   2.9735532e-01 -1.4620583e-01]
 ...
 [-3.5123771e-01 -4.8451035e-04  3.4617686e-01 ... -2.1853155e-01
   1.4868847e-01  1.3293582e-01]
 [-2.4121082e-01 -7.8027673e-02 -1.5830782e-01 ... -1.6737181e-04
   9.8800704e-02 -6.1132419e-03]
 [-2.2426063e-01  1.0094564e-02  2.9307628e-01 ...  2.7315092e-01
   1.2189649e-02  2.2540528e-01]]
layers.1.weight: [[ 0.10753842 -0.04523187  0.09729046 ...  0.17668156 -0.08219234
  -0.27373886]
 [ 0.24296395 -0.16506714  0.00429863 ...  0.12452939  0.03356415
  -0.2771414 ]
 [ 0.0211896  -0.24162164  0.04331324 ...  0.3413016   0.34030226
  -0.03644352]
 ...
 [-0.06469139 -0.04608994  0.2239846  ... -0.00623154 -0.2824385
  -0.02819404]
 [-0.12076767  0.12744646 -0.01807504 ...  0.1612384   0.09537591
   0.17997901]
 [-0.26015615  0.27167588  0.02585623 ...  0.3872758   0.16004226
  -0.23263828]]
layers.2.weight: [[ 0.10823706  0.08903265  0.09478939 -0.32882094 -0.08853243  0.11042093
  -0.17206231  0.10910708  0.10171124 -0.11121283 -0.19973342 -0.1630264
   0.10441928  0.10983671 -0.23547694  0.11038542 -0.10221671  0.1024562
  -0.1671109   0.12248792 -0.09126666 -0.19544026 -0.13864753  0.0980001
  -0.34584728  0.10729615 -0.10243085  0.11800739 -0.22406706  0.10005692
  -0.36387715 -0.30962157]]

Final Loss: 0.0093
Distance Metric: 28.6858
L1 norm: 0
L2 norm: 0
Batch size: 16
Clipping: 0
Learning rate: 0.005
data size: 100000
init: 0.2
seed: 2
stopped after epoch: 1999

================================================================================

multiChannelCNN_sigmoid -> fcn_256_32_tanh

Student Model Parameters:
layers.0.weight: [[ 0.03382865 -0.04079547  0.01447345 ... -0.03146972 -0.00812675
  -0.02832134]
 [-0.00820422 -0.03133535 -0.0239022  ...  0.03268582  0.0056247
  -0.02821129]
 [ 0.01469031 -0.01495039  0.00154654 ...  0.02046384  0.02783195
  -0.01571481]
 ...
 [ 0.02059358 -0.01129947 -0.02660958 ... -0.00691802  0.03065616
   0.01024886]
 [ 0.03021651  0.02418603 -0.0292271  ... -0.00610776  0.03689662
   0.00126028]
 [-0.00526003  0.00476393  0.02790571 ... -0.01753251 -0.02749843
   0.00673328]]
layers.1.weight: [[-0.01436744 -0.01572987 -0.02708831 ...  0.01198353 -0.00931572
   0.02982056]
 [ 0.00298334 -0.0383638   0.04133664 ... -0.00694929 -0.0031745
   0.03043096]
 [ 0.00644737 -0.03697081 -0.01857592 ... -0.02224871 -0.03140967
  -0.00683706]
 ...
 [ 0.00137159 -0.04252414 -0.04576436 ...  0.00172677  0.01460408
   0.01151268]
 [-0.00909687 -0.00750787  0.01142199 ...  0.01094074 -0.03639661
  -0.04447355]
 [-0.01602373 -0.03377626  0.02978324 ... -0.00320546  0.02184014
   0.02164798]]
layers.2.weight: [[-0.0005755  -0.03376624  0.00106468  0.01888144 -0.0214917  -0.00043565
  -0.02472631  0.00021734  0.03526609  0.0270751   0.04307583  0.00933467
  -0.00251228 -0.00869873  0.02834371 -0.01381905 -0.00483128 -0.01185889
  -0.03806216  0.02349989  0.00932997 -0.02518008  0.02698275  0.
   0.00650263 -0.02608562  0.00404886  0.01022673  0.02310702 -0.00360887
  -0.00286888  0.00636394]]

Final Loss: 0.2690
Distance Metric: 4.0147
L1 norm: 0
L2 norm: 0
Batch size: 16
Clipping: 0
Learning rate: 0.005
data size: 100000
init: 0.2
seed: 2
stopped after epoch: 164

================================================================================

multiChannelCNN_relu -> fcn_256_32_sigmoid

Student Model Parameters:
layers.0.weight: [[ 0.02090934 -0.03175136  0.03593547 ...  0.00115264 -0.02957684
  -0.05647929]
 [ 0.04639449  0.00462748  0.03541947 ... -0.03049364 -0.02142261
  -0.04499002]
 [ 0.02759041 -0.00547475 -0.0085699  ... -0.03125     0.02601615
   0.00046382]
 ...
 [ 0.02153704  0.02148915  0.01555394 ... -0.00967668  0.0072198
  -0.02553416]
 [ 0.03819298  0.01649689  0.0350507  ... -0.03374815 -0.01995838
  -0.04042107]
 [ 0.0390032  -0.00137924  0.04154616 ... -0.0276031   0.002759
  -0.01038479]]
layers.1.weight: [[ 0.01464355  0.02959008 -0.00877252 ...  0.0233542   0.01369437
   0.00293427]
 [ 0.0027498   0.04834851 -0.00325698 ... -0.00128299  0.03192626
   0.03042619]
 [ 0.00468859  0.03848727 -0.01971745 ...  0.01341602  0.01913879
   0.03129585]
 ...
 [ 0.03744473  0.03787743  0.00266403 ...  0.00414333  0.00988144
   0.00511258]
 [ 0.02938773  0.02968353 -0.00512744 ...  0.0271832   0.03389727
   0.0080811 ]
 [ 0.02961044 -0.00520218 -0.02298234 ...  0.02138011  0.01690699
   0.03236106]]
layers.2.weight: [[-0.25102818 -0.33629102 -0.37227413 -0.2228966  -0.31963685 -0.31857964
  -0.31147555 -0.17262444 -0.20106652 -0.30747566 -0.2511285  -0.20544226
  -0.3599358  -0.21625519 -0.24362688 -0.12656564 -0.24515009 -0.26083302
  -0.2784935  -0.14934658 -0.19131069 -0.19789349 -0.19024242 -0.2658444
  -0.20752984 -0.3283883  -0.36205304 -0.29538438 -0.12448631 -0.2742699
  -0.34427917 -0.1887    ]]

Final Loss: 0.0000
Distance Metric: 5.4642
L1 norm: 0
L2 norm: 0
Batch size: 16
Clipping: 0
Learning rate: 0.005
data size: 100000
init: 0.2
seed: 2
stopped after epoch: 1999

================================================================================

multiChannelCNN_relu -> fcn_256_32_relu

Student Model Parameters:
layers.0.weight: [[ 0.00437022  0.06661359  0.03113017 ... -0.00020502  0.00022174
   0.        ]
 [ 0.01052262 -0.01133917  0.00393616 ... -0.0017684   0.00570946
  -0.00412356]
 [-0.02803489 -0.00160785  0.00220815 ... -0.02715942  0.01399012
   0.00605794]
 ...
 [-0.00646571  0.012604    0.00813666 ... -0.00741695  0.00151511
   0.00572895]
 [-0.00904935  0.02253729  0.02332374 ...  0.00871853  0.0076295
   0.00310968]
 [-0.01307914  0.02116182  0.02097644 ...  0.0112429  -0.01835188
  -0.00789364]]
layers.1.weight: [[-0.0233714   0.00713831 -0.00994636 ... -0.04597599  0.06590255
   0.06060524]
 [-0.08904342  0.01888338  0.10856766 ...  0.07152695 -0.04971246
   0.04305799]
 [-0.09113915 -0.01700289 -0.04057989 ...  0.06307241 -0.09138566
  -0.070298  ]
 ...
 [ 0.01731339 -0.02648317  0.01871933 ...  0.04133284  0.05361506
  -0.01554433]
 [-0.00101601  0.09404287  0.05125487 ... -0.03549128  0.01163504
  -0.01950204]
 [-0.04385351  0.0743045   0.00080039 ... -0.01992951  0.09350218
  -0.01121502]]
layers.2.weight: [[-0.0730727  -0.02104125 -0.21184307  0.14400175 -0.07449101 -0.03463304
  -0.1815825   0.10792294 -0.22434096  0.15432772 -0.48577058 -0.22298318
  -0.43784484 -0.02604495  0.22514223  0.0898356   0.26117384 -0.26604927
   0.31916365  0.07745923 -0.10890082 -0.13415529  0.08869569 -0.0144755
   0.08675728 -0.155254   -0.41824004 -0.0139258  -0.20779386  0.39586508
   0.5974079  -0.4418733 ]]

Final Loss: 0.0000
Distance Metric: 6.7130
L1 norm: 0
L2 norm: 0
Batch size: 16
Clipping: 0
Learning rate: 0.005
data size: 100000
init: 0.2
seed: 2
stopped after epoch: 1999

================================================================================

multiChannelCNN_relu -> fcn_256_32_tanh

Student Model Parameters:
layers.0.weight: [[-0.02669725  0.04587903  0.01681725 ...  0.07025061 -0.05386693
  -0.05964276]
 [-0.03467354  0.03631362  0.06032902 ...  0.04509963 -0.05254416
  -0.03091981]
 [ 0.05845994 -0.00030296 -0.11259311 ...  0.01852913 -0.00407388
  -0.00405136]
 ...
 [ 0.00171501 -0.01260798  0.04885606 ...  0.01015845 -0.0259207
  -0.03046555]
 [-0.00657642 -0.0149275  -0.03777308 ...  0.01352904 -0.02217319
   0.01337893]
 [-0.02624916 -0.00137732  0.0313025  ... -0.03918951  0.03252701
   0.0252716 ]]
layers.1.weight: [[ 0.03413069 -0.04619068 -0.03875363 ...  0.00962416 -0.02769777
  -0.01493267]
 [ 0.03150668 -0.0184431   0.04977014 ... -0.03726874  0.04089547
  -0.02369454]
 [ 0.03515418 -0.02996976 -0.02174722 ... -0.0296105   0.01907222
   0.02255902]
 ...
 [-0.04123908 -0.02910664 -0.0360554  ... -0.00936756 -0.0306873
   0.00668361]
 [-0.04045958  0.03895269  0.01352248 ...  0.03582555  0.04678026
   0.01270909]
 [ 0.0192278   0.02461037 -0.04934166 ...  0.00340368 -0.02538831
   0.00506178]]
layers.2.weight: [[-0.03592006 -0.06841452  0.10450243  0.02479888  0.08352692 -0.12333629
   0.03885193 -0.09483802  0.06856566 -0.06037425  0.06523265  0.11616923
   0.08839793  0.00394134 -0.05815573 -0.10569122 -0.02739553  0.06328522
   0.0792506  -0.13469473 -0.02733407  0.05832591  0.13783772  0.06452473
  -0.13590373  0.04322368  0.09298835  0.12880509  0.055563   -0.04176823
  -0.07589166  0.09687855]]

Final Loss: 0.0000
Distance Metric: 5.1394
L1 norm: 0
L2 norm: 0
Batch size: 16
Clipping: 0
Learning rate: 0.005
data size: 100000
init: 0.2
seed: 2
stopped after epoch: 1999

================================================================================

multiChannelCNN_tanh -> fcn_256_32_sigmoid

Student Model Parameters:
layers.0.weight: [[ 0.02756448 -0.02608598  0.00756841 ... -0.02600763 -0.00228957
  -0.01533966]
 [-0.0060966  -0.02831258 -0.01751072 ...  0.01879169  0.0081509
  -0.02183062]
 [ 0.0132357  -0.01311284  0.00315142 ...  0.01380601  0.03000108
  -0.01450427]
 ...
 [ 0.01790309 -0.01401294 -0.01801036 ... -0.00717951  0.02605061
   0.01204251]
 [ 0.02372242  0.02218979 -0.02753899 ... -0.00828173  0.0286557
   0.00036066]
 [-0.00400392  0.00370004  0.02266076 ... -0.0112963  -0.02290179
   0.00517863]]
layers.1.weight: [[ 0.0032217   0.00357519 -0.00051078 ...  0.0196148   0.00462275
   0.02718824]
 [ 0.00725439 -0.01077079  0.04212535 ...  0.00268732  0.01127823
   0.0239925 ]
 [ 0.01309703 -0.01379266 -0.00215004 ... -0.00308696 -0.00979772
   0.00371809]
 ...
 [ 0.01029577 -0.01563052 -0.01266343 ...  0.0090559   0.02326573
   0.01682164]
 [ 0.00045671  0.00496544  0.01379156 ...  0.01397363 -0.01832857
  -0.02135433]
 [-0.00451271 -0.01439248  0.02573358 ...  0.0026091   0.02142384
   0.01931451]]
layers.2.weight: [[-0.391916   -0.48260853 -0.33567792 -0.32965738 -0.45045617 -0.3134426
  -0.37775618 -0.27093574 -0.21303715 -0.27097377 -0.26170793 -0.2534735
  -0.4030096  -0.49006796 -0.312531   -0.45532864 -0.3004595  -0.324735
  -0.42973405 -0.3330965  -0.40721944 -0.43725976 -0.30705792 -0.35036385
  -0.30064058 -0.45644262 -0.28464493 -0.4444991  -0.27313796 -0.4062817
  -0.31320846 -0.22780286]]

Final Loss: 0.0002
Distance Metric: 6.2486
L1 norm: 0
L2 norm: 0
Batch size: 16
Clipping: 0
Learning rate: 0.005
data size: 100000
init: 0.2
seed: 2
stopped after epoch: 1999

================================================================================

multiChannelCNN_sigmoid -> fcn_256_32_sigmoid

Student Model Parameters:
layers.0.weight: [[-0.01958152 -0.01764097 -0.00575186 ...  0.0055824  -0.01020211
   0.0074976 ]
 [-0.02394941  0.00517364 -0.02817748 ... -0.00695171 -0.0272939
   0.00520216]
 [ 0.00755651 -0.02158267  0.01987937 ... -0.00928271 -0.02006371
  -0.02424711]
 ...
 [-0.00726113  0.0070386  -0.01082763 ...  0.01678749 -0.01104261
   0.01651561]
 [-0.01717307 -0.00056116 -0.0254313  ... -0.00147785 -0.01214888
  -0.02046224]
 [-0.00712443 -0.0097076  -0.01991264 ...  0.02325568  0.0179541
   0.02675339]]
layers.1.weight: [[-0.00983753  0.00515237  0.0164777  ... -0.02058784 -0.01255234
  -0.02554814]
 [ 0.01845093 -0.01579124 -0.02751622 ...  0.01215465  0.00706453
  -0.00121294]
 [ 0.01509491  0.02451376 -0.01459632 ...  0.02381568  0.02921995
   0.0046319 ]
 ...
 [-0.02619634 -0.02598831  0.01697235 ...  0.02888554  0.01383142
   0.01783623]
 [-0.00563726 -0.02476742  0.01640061 ... -0.00217855 -0.0072007
   0.01201768]
 [-0.01723055  0.01411153  0.01300867 ...  0.00573692  0.02308274
  -0.02329828]]
layers.2.weight: [[ 0.07370785 -0.05869847 -0.06062942 -0.00657856 -0.04863396  0.06940961
   0.08507112  0.06303582  0.01965372  0.06454181 -0.00183779  0.05811758
  -0.07632668  0.07193838 -0.07721592  0.00313929 -0.03990242 -0.03799852
  -0.04734075 -0.06047896 -0.09125286  0.04606326 -0.08872417 -0.01281197
   0.02102149  0.07097784  0.02363405  0.04900154 -0.02923102 -0.03981798
  -0.03999838 -0.0124915 ]]

Final Loss: 0.0000
Distance Metric: 3.3304
L1 norm: 0
L2 norm: 0
Batch size: 16
Clipping: 0
Learning rate: 0.005
data size: 100000
init: 0.2
seed: 2
stopped after epoch: 1999

================================================================================

multiChannelCNN_tanh -> fcn_256_32_relu

Student Model Parameters:
layers.0.weight: [[-0.00017301 -0.00082587  0.00051334 ...  0.00024584  0.00016881
   0.00194687]
 [ 0.01234448 -0.00130607  0.03263766 ...  0.0143413  -0.00640445
   0.00564182]
 [ 0.00671091  0.01545743  0.01058994 ... -0.00444021 -0.0050341
   0.00766322]
 ...
 [ 0.0053916   0.00666429 -0.00394814 ...  0.00302537 -0.0107117
   0.01586989]
 [-0.01657275  0.0059279   0.00900422 ... -0.01704134  0.00370554
  -0.00679629]
 [ 0.00214109 -0.01581241 -0.00517127 ... -0.01418472  0.01177277
  -0.00787461]]
layers.1.weight: [[ 0.04410298  0.08139817  0.06947288 ...  0.01186499 -0.09512509
   0.04239264]
 [-0.00062905  0.04430362 -0.09471853 ...  0.08378188  0.0407467
   0.05663469]
 [ 0.01079576 -0.09018787 -0.0739863  ... -0.01230235  0.00250506
  -0.00595773]
 ...
 [ 0.0484906  -0.07973263  0.04196199 ...  0.00228069 -0.09625974
   0.01863791]
 [-0.00827815  0.00419233 -0.0722471  ... -0.04108449  0.01825586
  -0.01922381]
 [ 0.0426949   0.1301477   0.01026104 ...  0.01758299 -0.06670345
   0.02273262]]
layers.2.weight: [[ 0.02544579  1.0709761  -0.03770799  0.09346639  0.06990423 -0.2587384
  -0.18150999 -0.35336205  0.2200357   0.36699656 -0.15845259 -0.00765604
  -0.36879066 -0.01426343 -0.01424108 -0.01254155  0.13672829 -0.0139866
  -0.00985111  0.6190612  -0.08299728  0.00585346  0.1774579   0.00270163
  -0.21945062  0.55679506 -0.02766786 -0.3338082   0.00133408  0.02945869
  -0.02087218 -0.01327716]]

Final Loss: 0.0002
Distance Metric: 6.9259
L1 norm: 0
L2 norm: 0
Batch size: 16
Clipping: 0
Learning rate: 0.005
data size: 100000
init: 0.2
seed: 2
stopped after epoch: 1999

================================================================================

multiChannelCNN_tanh -> fcn_256_32_tanh

Student Model Parameters:
layers.0.weight: [[-0.01626423  0.03222418  0.03936894 ... -0.02392729 -0.00919541
  -0.00414632]
 [ 0.00897305 -0.0011198  -0.006747   ...  0.04573015 -0.0194621
   0.03934481]
 [ 0.03967149  0.01518216  0.037718   ...  0.00834072  0.0141691
  -0.02525313]
 ...
 [-0.03411055 -0.02824929 -0.01055603 ...  0.01967839 -0.00037389
   0.02249169]
 [ 0.01819986  0.02067108 -0.00848818 ...  0.00357355  0.01166256
   0.02350728]
 [-0.02487686 -0.03580226 -0.03427248 ... -0.00644486 -0.00224859
  -0.04304874]]
layers.1.weight: [[-0.029467   -0.03117502  0.01371453 ... -0.03282946  0.02439522
   0.02214204]
 [ 0.04453903  0.          0.01026318 ... -0.04854478  0.0478088
  -0.02136361]
 [ 0.00431211  0.01216705 -0.02923072 ...  0.01764733  0.00034606
   0.00839652]
 ...
 [-0.04533424 -0.04525135 -0.03378425 ... -0.0156923   0.00940236
  -0.01322841]
 [ 0.01380624 -0.04839011  0.00989988 ... -0.02083654  0.02257625
  -0.04496253]
 [ 0.03899613 -0.0276528   0.01124304 ... -0.00106832  0.00254422
   0.02634122]]
layers.2.weight: [[-0.12031299  0.07142606 -0.02542351 -0.1490397  -0.0217914   0.07915413
  -0.04994382  0.15338705  0.10403349 -0.08351781  0.16070795 -0.07211798
  -0.05963806 -0.02113776 -0.05556463  0.09074713  0.0270318  -0.0839412
  -0.13219123 -0.15419273 -0.06114349  0.04984692 -0.03011637 -0.00056988
   0.11016261 -0.11449438 -0.02340843 -0.15516698  0.1377086   0.06197642
  -0.14846797 -0.01890562]]

Final Loss: 0.0000
Distance Metric: 5.2588
L1 norm: 0
L2 norm: 0
Batch size: 16
Clipping: 0
Learning rate: 0.005
data size: 100000
init: 0.2
seed: 2
stopped after epoch: 1999

================================================================================

