Experiment Summary:
================================================================================

Teacher Model Parameters:
layers.0.weight: [[[-0.3357422   0.48189685 -0.43561175]]

 [[ 0.01261954  0.473782   -0.5267888 ]]

 [[-0.5208242   0.5386011   0.45398685]]

 [[-0.33243322 -0.21453722 -0.53185844]]]
layers.1.weight: [[[ 0.02416097 -0.1394629 ]
  [ 0.32596     0.5615107 ]
  [-0.35598767  0.5204141 ]
  [ 0.39573738  0.22855955]]

 [[-0.0096322   0.488282  ]
  [-0.5513299   0.4961235 ]
  [-0.59805983  0.60028356]
  [-0.40249774  0.39183068]]

 [[ 0.0278337  -0.47147122]
  [-0.30395693  0.02048386]
  [ 0.48178262 -0.38141125]
  [-0.4721562  -0.19643745]]

 [[-0.0415099   0.26683715]
  [ 0.42559722  0.6110456 ]
  [ 0.10311078 -0.29388988]
  [-0.18199123 -0.1406826 ]]]
layers.2.weight: [[[-0.33251622 -0.34524637]
  [ 0.09506866 -0.37783876]
  [ 0.2862897  -0.12392224]
  [ 0.41713423  0.4375457 ]]]

================================================================================

multiChannelCNN_sigmoid -> fcn_256_32_sigmoid

Student Model Parameters:
layers.0.weight: [[-0.10075478 -0.13441919  0.05485131 ...  0.07053237  0.03739378
  -0.1137657 ]
 [-0.11901983  0.12834187 -0.1500861  ... -0.01523233  0.04263227
   0.0421373 ]
 [-0.05572338 -0.11465459  0.09206841 ...  0.14478333  0.01126612
  -0.11937113]
 ...
 [-0.13068128 -0.05163119  0.10479715 ... -0.05528247 -0.13443737
   0.0397184 ]
 [-0.05221741  0.04709514 -0.06584409 ... -0.04250025  0.06156738
  -0.01074358]
 [ 0.05796516 -0.14617786 -0.14608575 ...  0.07999254  0.02424399
   0.04678123]]
layers.1.weight: [[-0.09685886 -0.08907653 -0.09907054 ...  0.07374128 -0.11873138
  -0.0703822 ]
 [ 0.09843479  0.11622544  0.08403482 ... -0.09467857  0.08285501
   0.12096935]
 [ 0.03559951  0.06576572  0.06009817 ... -0.08480012 -0.04617394
  -0.01592168]
 ...
 [ 0.12154176 -0.03784143 -0.09982075 ... -0.02166307 -0.05927326
  -0.09947773]
 [ 0.10668559 -0.04239515  0.10063156 ... -0.10162026  0.11198852
  -0.01628147]
 [ 0.12548038 -0.13542344  0.1117923  ...  0.00770563  0.12200363
   0.12887512]]
layers.2.weight: [[ 0.4122289  -0.26850006 -0.33878264 -0.09383073 -0.25357735 -0.28934348
   0.210581    0.12762512  0.06784921  0.04626389 -0.3458497  -0.13919576
  -0.21561673  0.04407746  0.22819625 -0.2848588   0.30866304  0.32400382
  -0.23648013 -0.08448232 -0.13788399  0.40823483  0.28604034 -0.17010236
   0.35711172 -0.26500815  0.11637314  0.10044099 -0.25995618 -0.34546494
   0.2229499   0.21083036]]

Final Loss: 0.0000
Distance Metric: 15.7704
L1 norm: 0
L2 norm: 0
Batch size: 16
Clipping: 0
Learning rate: 0.005
data size: 100000
init: 1
seed: 5
stopped after epoch: 1999

================================================================================

multiChannelCNN_sigmoid -> fcn_256_32_relu

Student Model Parameters:
layers.0.weight: [[ 0.02373198  0.0635819  -0.01072934 ...  0.01125975 -0.05134372
  -0.3410784 ]
 [ 0.01014218  0.0277608  -0.1077282  ... -0.1038767  -0.03200157
   0.0999603 ]
 [ 0.0312983  -0.20817466 -0.05125079 ... -0.02700436  0.22257653
  -0.07456806]
 ...
 [-0.045075   -0.06282987  0.06042545 ...  0.0068164   0.02275189
  -0.0014503 ]
 [ 0.076139    0.05430214  0.00881578 ... -0.19956702 -0.09780248
  -0.04170852]
 [ 0.11168066 -0.03593269 -0.07622688 ...  0.04994875 -0.11115751
   0.06547479]]
layers.1.weight: [[ 0.5685425  -0.5417996   0.09377958 ...  0.19591804  0.03757044
   0.04451036]
 [ 0.09629411 -0.17724903  0.00101663 ...  0.0772478   0.19608551
   0.09287193]
 [-0.11470918 -0.15866622 -0.12740132 ...  0.33213738 -0.17011108
  -0.06803774]
 ...
 [ 0.41715637 -0.08631378 -0.4031701  ...  0.14144185  0.47241068
   0.04159104]
 [-0.13071665 -0.13650699  0.09853946 ...  0.40018237 -0.3848247
  -0.29496744]
 [-0.13120565 -0.22654457  0.24245198 ... -0.32293335  0.01263843
   0.2897422 ]]
layers.2.weight: [[ 1.2986429e+00 -4.4975114e-01 -4.1648796e-01 -1.8680522e+00
   1.4827018e+00 -3.0955608e+00  1.3887246e+00  2.9145369e-01
  -6.9112098e-01  1.0212449e+00 -4.0447664e-01 -1.0892941e+00
  -2.1326952e+00  2.3528268e+00  1.4538315e-02 -1.7504185e+00
  -3.7043825e-01  3.3273599e+00  6.8064338e-01 -7.5038862e-01
  -6.7180902e-01 -1.1055244e+00 -2.9888282e+00 -3.0096984e+00
  -1.0092245e+00 -6.9611603e-01 -1.0524777e+00  1.2407875e+00
   1.1812441e+00 -8.9231706e-01  5.7634892e-04 -1.4764719e+00]]

Final Loss: 0.2387
Distance Metric: 37.5724
L1 norm: 0
L2 norm: 0
Batch size: 16
Clipping: 0
Learning rate: 0.005
data size: 100000
init: 1
seed: 5
stopped after epoch: 101

================================================================================

multiChannelCNN_sigmoid -> fcn_256_32_tanh

Student Model Parameters:
layers.0.weight: [[ 1.3140928  -1.587829    1.0546099  ...  2.5926049  -3.227724
   0.36877596]
 [-0.8401294   0.13092162  0.61770535 ...  0.0341098   0.8638012
  -0.3562326 ]
 [-0.27421868  0.68318725 -0.6144759  ...  0.75648123 -0.24344231
  -0.7511884 ]
 ...
 [-0.29484847  0.9885223  -1.4233754  ... -0.8289188   2.6405017
  -1.3559812 ]
 [ 0.14809223 -0.78011066 -0.43462598 ...  0.6303072   0.12304354
   0.24333724]
 [-0.04739358 -0.14634304 -0.0892847  ...  0.00682063 -0.0550074
  -0.06018302]]
layers.1.weight: [[ 0.0565463   0.01239262 -0.01694331 ... -0.01106684  0.02132504
  -0.03773579]
 [ 0.0026939   0.03490344  0.01121716 ... -0.00118713 -0.04461589
  -0.00358917]
 [-0.00956625  0.04960684  0.01654757 ... -0.04687392  0.03514003
   0.0802301 ]
 ...
 [ 0.7100509   0.47864044 -0.12817812 ... -0.26940733  0.8367917
   0.2407944 ]
 [-0.00099968  0.06404366 -0.0396682  ...  0.03730101 -0.01331816
  -0.03182202]
 [-0.00558561 -0.01638929 -0.02396291 ... -0.01425714 -0.02149895
   0.04878545]]
layers.2.weight: [[ 0.00905398 -0.00644457 -0.00180385 -0.00800984  0.01281204 -0.02177794
   0.0098536  -0.00561864 -0.01376007  0.02158815 -0.11188935 -0.00699245
  -0.09854365  0.06423569  0.00377661 -0.01474513 -0.05120828  0.12405262
   0.0121495   0.02107891 -0.01338128 -0.00748446  0.00967499 -0.00635178
  -0.08261073 -0.00084368  0.00755828  0.02324358  0.00029145  0.12411299
   0.02058638 -0.00710006]]

Final Loss: 0.1658
Distance Metric: 93.5722
L1 norm: 0
L2 norm: 0
Batch size: 16
Clipping: 0
Learning rate: 0.005
data size: 100000
init: 1
seed: 5
stopped after epoch: 1999

================================================================================

multiChannelCNN_relu -> fcn_256_32_sigmoid

Student Model Parameters:
layers.0.weight: [[ 0.00505948  0.526458   -0.15909414 ...  1.0306408   0.5349317
   1.0382078 ]
 [ 0.24579597 -0.30491757  0.5217734  ... -0.34106174  1.1373016
   0.27219066]
 [ 0.05405181 -0.6740361  -0.3984236  ...  0.12118228  0.5835503
  -0.31807706]
 ...
 [-0.21913159  1.3550377  -0.46830532 ... -0.00875026  0.10704371
  -0.08957316]
 [ 0.10288034 -0.22303419  0.14904569 ... -0.06084709 -0.09354891
   0.30291912]
 [ 0.24372266  0.17753099  0.64252    ...  0.06132608  0.18160944
   0.02534997]]
layers.1.weight: [[-0.22160834 -0.07393817 -0.16582957 ...  0.08236104  0.2595815
   0.22672367]
 [-0.15400682  0.14539026 -0.06492177 ... -0.28031868  0.28462285
   0.3202198 ]
 [-0.3106159  -0.09025017 -0.24723329 ... -0.12949459  0.10325881
  -0.06327406]
 ...
 [-0.01293423 -0.05118382  0.29704824 ... -0.20091501  0.06874783
   0.2499122 ]
 [ 0.04149571 -0.18623166 -0.04769922 ... -0.14257663  0.0180387
  -0.11762807]
 [-0.21205762 -0.33949068  0.00230085 ...  0.31410027 -0.17253964
  -0.18802704]]
layers.2.weight: [[-4.281363  -1.7945098  3.0048769  4.742787   4.133943   3.447923
   6.355727  -1.249751  -6.4585915  2.3156629 -2.3426945 -2.1538484
  -4.655282   4.0753407  4.2352047  3.4276204  4.5241423  3.576616
   2.2114744  3.9849014  3.5982745  2.46308    2.2210436  4.061484
   3.2245426 -3.9875782  3.5300248  4.61951    4.8780894 -4.7376413
   3.961411   5.9135656]]

Final Loss: 0.1667
Distance Metric: 79.3875
L1 norm: 0
L2 norm: 0
Batch size: 16
Clipping: 0
Learning rate: 0.005
data size: 100000
init: 1
seed: 5
stopped after epoch: 1999

================================================================================

multiChannelCNN_relu -> fcn_256_32_relu

Student Model Parameters:
layers.0.weight: [[ 4.8419270e-03 -1.1836551e-01 -6.5267891e-02 ... -1.9743208e-04
  -3.6487542e-03 -3.7713097e-03]
 [ 8.4807962e-02  2.8864987e-02  5.5017758e-02 ... -3.9682809e-02
  -2.0701557e-01 -7.2392733e-03]
 [ 3.5457709e-01 -2.3963018e-03  3.0303672e-01 ...  6.9425203e-02
  -4.4138616e-01 -1.4574594e-02]
 ...
 [ 1.3941315e-02 -1.1215452e-01 -9.3647920e-02 ... -3.8449444e-02
  -7.5860211e-04  6.6437468e-02]
 [ 1.7888348e-01 -4.7591855e-03 -8.3771549e-02 ... -2.7011396e-02
  -2.2672580e-01 -6.8418845e-03]
 [-3.2114566e-03  1.0770659e-01  4.9115205e-01 ... -2.5858551e-01
  -5.2320488e-02 -1.7635933e-01]]
layers.1.weight: [[-0.03579154 -0.04387064 -0.06001891 ...  0.17661794 -0.09829761
  -0.0311924 ]
 [ 0.27212355  0.08415744  0.29109398 ...  0.03425694 -0.3106454
  -0.22091284]
 [-0.15993644  0.13839725  0.20680869 ...  0.06646131  0.08604307
   0.40869516]
 ...
 [-0.23601678 -0.0280516  -0.3660799  ...  0.21557003  0.19795969
  -0.18724838]
 [-0.37398976  0.21887891  0.11685475 ...  0.3696666   0.41358966
   0.39239264]
 [-0.25909626 -0.0988714   0.35572082 ... -0.05149911  0.33047932
   0.32393065]]
layers.2.weight: [[-0.7698325  -1.3323946  -3.0495918  -3.1691458  -0.3897523   3.2107222
   2.342809   -1.1458342   1.051908   -0.92641836 -0.17900138 -1.4719085
   1.971171   -1.4020593  -0.81433904 -0.8582338  -2.047477   -2.1565983
   0.39328405  1.6394299  -0.16460901  1.6470124   0.28663477  2.1570318
  -0.65636235  1.1731371  -2.0506735  -0.02676596 -1.6954721   0.95065385
  -1.7506721  -2.382867  ]]

Final Loss: 0.8433
Distance Metric: 40.8730
L1 norm: 0
L2 norm: 0
Batch size: 16
Clipping: 0
Learning rate: 0.005
data size: 100000
init: 1
seed: 5
stopped after epoch: 116

================================================================================

multiChannelCNN_relu -> fcn_256_32_tanh

Student Model Parameters:
layers.0.weight: [[ 0.5945905  -0.04548939 -0.6495801  ... -0.04805447 -0.38037142
  -0.01091336]
 [ 0.42958295 -0.7744396  -0.12427398 ...  0.10847916 -1.4283923
   1.5917046 ]
 [-1.6806681  -0.6440145  -0.28919998 ... -0.02491416  0.2890873
   2.1001592 ]
 ...
 [ 0.34429413  1.6610814   0.733485   ... -2.0567706  -1.6583588
  -0.40000334]
 [-0.43333143 -2.177254    0.6493094  ... -1.8570321  -0.29367763
  -1.7984024 ]
 [-0.6415798  -0.22747602  0.59954166 ...  0.87815267 -0.5839874
   2.0304575 ]]
layers.1.weight: [[-0.22656758  1.2707174   0.48018974 ... -1.4109498   0.65099806
  -0.21416084]
 [ 0.2188438   0.5284089  -0.6066601  ... -0.06411865  1.0785674
  -0.46014914]
 [ 0.26919752 -1.1327685   0.75106305 ... -1.5913358   0.5562338
  -2.2484958 ]
 ...
 [-0.06212392  0.13373813 -0.33266753 ...  0.506864    0.22117975
  -0.5417643 ]
 [ 0.8656565  -0.5611274   2.0769303  ... -0.729098   -0.48403504
   0.41775838]
 [ 0.35512665  2.945646   -0.3246719  ...  0.7717704  -0.05139584
   0.4746311 ]]
layers.2.weight: [[ 0.16926247  0.10928133 -0.13231963  0.42528045 -0.14375207 -0.38932338
  -0.1632451  -0.41207922 -0.4681579  -0.10285898 -0.11373955  0.08747606
   0.16973978  0.14908929  0.14049102 -0.1076753  -0.16350916 -0.1101613
  -0.11114124  0.10959019 -0.10356215  0.12527828 -0.10716152 -0.07975814
  -0.09077356 -0.11240923  0.13825873 -0.1512561   0.07687122 -0.04800411
   0.17440611 -0.08831454]]

Final Loss: 0.2937
Distance Metric: 178.0811
L1 norm: 0
L2 norm: 0
Batch size: 16
Clipping: 0
Learning rate: 0.005
data size: 100000
init: 1
seed: 5
stopped after epoch: 1999

================================================================================

multiChannelCNN_sigmoid -> fcn_256_32_sigmoid

Student Model Parameters:
layers.0.weight: [[ 0.14231189  0.00370246 -0.07917534 ...  0.08642324  0.03224321
   0.01525414]
 [-0.06915556  0.05032597 -0.00881947 ...  0.08956029  0.10693564
  -0.04522258]
 [ 0.01836579 -0.02211806 -0.08967916 ...  0.07498012  0.07756591
  -0.04927257]
 ...
 [ 0.09800518 -0.0875018   0.05759642 ...  0.05201672 -0.08772366
  -0.04960525]
 [-0.12081397  0.1431724   0.07476147 ... -0.08698001 -0.03480204
  -0.15037537]
 [ 0.1458835  -0.1448041   0.05352519 ... -0.01100782  0.02591754
   0.0795646 ]]
layers.1.weight: [[-0.09633207  0.04865307  0.03426107 ... -0.14119557  0.01743237
   0.11943377]
 [ 0.13429202 -0.09799366  0.00893339 ...  0.12056535  0.12378133
   0.07935204]
 [ 0.1254652  -0.07979187  0.10044995 ... -0.05958371  0.00653907
   0.07355437]
 ...
 [ 0.13036099  0.05530813 -0.04669209 ... -0.01837497  0.12809311
  -0.03915988]
 [-0.08321697 -0.06885193  0.09016292 ...  0.10628264 -0.06531966
   0.03956079]
 [ 0.11942562 -0.0735827   0.01840467 ...  0.06916454  0.0909379
  -0.01493303]]
layers.2.weight: [[ 0.11283959 -0.11323346 -0.1315618  -0.29324514 -0.1900791   0.05318423
   0.17060141 -0.3958841   0.22079234 -0.3537053  -0.33054692 -0.02464874
  -0.2122463  -0.13422655 -0.28141305 -0.14506504 -0.11899216  0.01132106
  -0.08361758  0.2442153  -0.01636457 -0.14865686 -0.38774845 -0.00777485
   0.3441448   0.32264292  0.36098784 -0.23885958 -0.08266843  0.34991586
   0.1190647  -0.06709   ]]

Final Loss: 0.0000
Distance Metric: 15.9799
L1 norm: 0
L2 norm: 0
Batch size: 16
Clipping: 0
Learning rate: 0.005
data size: 100000
init: 1
seed: 5
stopped after epoch: 1999

================================================================================

multiChannelCNN_sigmoid -> fcn_256_32_relu

Student Model Parameters:
layers.0.weight: [[ 0.05137387  0.00696153 -0.04341236 ...  0.06492608 -0.02399773
  -0.26434523]
 [ 0.06811019  0.02022415 -0.10747556 ... -0.07844676 -0.05972517
   0.11559105]
 [ 0.04711072 -0.14340033  0.00903272 ... -0.02627848  0.2230741
  -0.08461433]
 ...
 [ 0.22553432 -0.09470904 -0.01190326 ...  0.10193043  0.02565417
   0.1725249 ]
 [ 0.14588873  0.06761716  0.08559367 ... -0.13891563 -0.13419276
  -0.05792927]
 [ 0.11111338 -0.02446667 -0.05806925 ...  0.07403169 -0.1292471
   0.03283001]]
layers.1.weight: [[ 0.55800414 -0.53736794  0.08078176 ...  0.20019414  0.01680458
   0.03621284]
 [ 0.09649674 -0.17645618 -0.00353064 ...  0.07599913  0.19570042
   0.08939831]
 [-0.11585888 -0.16213395 -0.12539461 ...  0.33006892 -0.16429783
  -0.06835949]
 ...
 [ 0.41873303 -0.08992779 -0.39557594 ...  0.14298601  0.47657707
   0.04593332]
 [-0.13089685 -0.13653773  0.09878233 ...  0.4004578  -0.3844782
  -0.29531014]
 [-0.12340755 -0.23306578  0.24190482 ... -0.32736585  0.02772276
   0.2724965 ]]
layers.2.weight: [[ 1.2836459  -0.44420034 -0.40513536 -1.8905103   1.5060353  -3.08043
   1.3786702   0.2676852  -0.72546047  1.0400392  -0.40550175 -1.1047463
  -2.1307888   2.3229275   0.01354003 -1.7731131  -0.4161897   3.3189344
   0.6580895  -0.7367464  -0.6661285  -1.120157   -2.9831822  -3.0096984
  -1.033272   -0.6907381  -1.0455155   1.2447966   1.1889105  -0.90828323
  -0.00878454 -1.4736884 ]]

Final Loss: 0.2387
Distance Metric: 37.5624
L1 norm: 0
L2 norm: 0
Batch size: 16
Clipping: 0
Learning rate: 0.005
data size: 100000
init: 1
seed: 5
stopped after epoch: 201

================================================================================

multiChannelCNN_sigmoid -> fcn_256_32_tanh

Student Model Parameters:
layers.0.weight: [[ 0.02094716 -0.01044204 -0.02520402 ... -0.02153062  0.00975511
   0.00486907]
 [ 0.01887952  0.01085593 -0.02059274 ... -0.03385578 -0.00297225
   0.01699695]
 [ 0.01989293 -0.00394155 -0.02106954 ... -0.02311032  0.00619746
   0.00543304]
 ...
 [-0.02630957  0.01613522  0.02509614 ...  0.01895964 -0.01566552
   0.00233953]
 [-0.01153972  0.02252414  0.00522526 ... -0.01084163 -0.01504919
   0.01952826]
 [-0.00717403 -0.00213951  0.00233189 ...  0.00697197 -0.00170761
   0.00201707]]
layers.1.weight: [[ 0.00053018 -0.00010989  0.         ... -0.00165734 -0.00309779
   0.00090323]
 [-0.00032262  0.00325591  0.         ... -0.00318375 -0.00270172
  -0.00524169]
 [-0.00117798 -0.00098251  0.00051953 ... -0.00354464 -0.00539017
  -0.00445075]
 ...
 [-0.00217531 -0.00288582 -0.00269802 ...  0.0012466  -0.00160634
  -0.00074587]
 [-0.00176653  0.         -0.00107566 ...  0.00198339  0.00011803
  -0.00135932]
 [-0.0016199  -0.00509696 -0.00443302 ...  0.00221853 -0.00231612
   0.00258737]]
layers.2.weight: [[-0.04633734 -0.01126633 -0.05880452  0.04008681 -0.01893748 -0.03706652
  -0.00055699 -0.20185718  0.03338507 -0.03877201 -0.01057521  0.00378783
   0.03697644 -0.00339339  0.00030411 -0.00155502  0.02359789  0.02211222
   0.02512041  0.00798823 -0.07202671  0.1599142  -0.01035279  0.01960363
  -0.00129128 -0.03868424  0.01361842 -0.02663617  0.04650391  0.0128926
  -0.00220087 -0.02518469]]

Final Loss: 0.5150
Distance Metric: 93.1785
L1 norm: 0
L2 norm: 0
Batch size: 16
Clipping: 0
Learning rate: 0.005
data size: 100000
init: 1
seed: 5
stopped after epoch: 1768

================================================================================

multiChannelCNN_relu -> fcn_256_32_sigmoid

Student Model Parameters:
layers.0.weight: [[-0.19071124  0.1477187   0.12339211 ...  0.41128102 -0.01299467
   0.18693838]
 [ 0.26060566  0.26614866 -0.8709848  ... -0.6263961   0.64725924
  -0.03252246]
 [ 0.545452   -0.2773567  -0.10413224 ...  0.04475605  0.018515
  -0.02408695]
 ...
 [-0.33617052 -0.27755252 -0.6899857  ...  0.22761758 -0.14468202
   0.0430637 ]
 [ 0.10626518 -0.12003462 -0.18451719 ...  0.17821908 -0.49862877
   0.35659757]
 [ 1.7064506  -1.5774853   0.2601354  ... -0.07762906 -0.051871
   0.02102644]]
layers.1.weight: [[-0.06600112  0.43523052 -0.13945374 ...  0.08634737 -0.4436213
  -0.33406702]
 [-0.29671925  0.01970088  0.13956104 ... -0.3415202  -0.0252794
  -0.2969198 ]
 [-0.2697495   0.14802794  0.36610284 ... -0.07553027  0.2770625
   0.00888045]
 ...
 [-0.04104267 -0.03249366  0.02725254 ...  0.11755793  0.0527874
   0.10282361]
 [-0.06417254 -0.07524066  0.04175967 ... -0.15269786  0.11713447
   0.05328696]
 [-0.3664018   0.53763807  0.2119103  ... -0.03288874  0.33129022
  -0.15777734]]
layers.2.weight: [[ 4.6405983  -2.95625     4.324863   -0.8453514   4.7854614   4.791188
   0.90979874  4.0294504   4.070661   -2.4971094   5.1401143   5.351338
  -1.5137085   3.7191548   7.2169957   3.5485525  -3.0978794   1.7010809
   2.5114558   3.5163517   2.688459    2.8065133  -3.085951   -5.9655023
  -2.2150981   1.9946841   3.7181368   2.7581642   6.9342375   1.2384391
   3.7045245   7.2870393 ]]

Final Loss: 0.5352
Distance Metric: 82.3791
L1 norm: 0
L2 norm: 0
Batch size: 16
Clipping: 0
Learning rate: 0.005
data size: 100000
init: 1
seed: 5
stopped after epoch: 1999

================================================================================

multiChannelCNN_relu -> fcn_256_32_relu

Student Model Parameters:
layers.0.weight: [[-0.06178034 -0.09090577 -0.20016545 ...  0.25859192  0.10977454
   0.03139657]
 [ 0.02777117  0.01501551 -0.16969879 ...  0.09657279 -0.03873128
   0.00347706]
 [ 0.14191417  0.06620793  0.264117   ... -0.12137279 -0.41299576
  -0.12169981]
 ...
 [ 0.05858088 -0.11608692  0.21991612 ... -0.21944419 -0.21000072
  -0.18107294]
 [ 0.0358662   0.08507422 -0.09493103 ... -0.1668821  -0.10870199
  -0.09422103]
 [-0.08690423 -0.07469942  0.178145   ... -0.07911864  0.05846811
  -0.14655031]]
layers.1.weight: [[ 3.5816460e-04 -4.9454708e-02 -4.1519672e-02 ...  1.8646634e-01
  -9.8471649e-02 -4.0034931e-02]
 [ 3.0057016e-01  7.7896789e-02  3.1530935e-01 ...  3.4348130e-02
  -3.1761363e-01 -2.3677136e-01]
 [-2.0940946e-02  2.0087437e-01  3.3141366e-01 ...  9.0744972e-02
   7.5486220e-02  2.3751538e-01]
 ...
 [-2.2665448e-01 -2.2548897e-02 -3.9629784e-01 ...  2.1524945e-01
   2.0405011e-01 -1.7401315e-01]
 [-3.5135284e-01  2.8174922e-01  1.9023669e-01 ...  3.8696238e-01
   4.1926384e-01  3.9549923e-01]
 [-1.8591417e-01 -1.0654623e-01  3.5762516e-01 ... -5.3882241e-02
   3.1581286e-01  1.9972464e-01]]
layers.2.weight: [[-0.97323066 -1.4785285  -3.1565492  -3.0864165  -0.38907593  2.794762
   1.8491263  -1.092542    0.8421979  -1.0141673  -0.6469762  -1.4881202
   1.3684025  -1.49277    -0.7479369  -0.93912214 -2.0940325  -2.1849663
   0.39504838  1.0619129  -0.37482554  1.6195794   0.30433968  1.8065121
  -0.7667214   1.1509994  -2.0518398  -0.08800171 -1.6976273   0.8730002
  -1.7912414  -2.5375485 ]]

Final Loss: 0.8514
Distance Metric: 49.3592
L1 norm: 0
L2 norm: 0
Batch size: 16
Clipping: 0
Learning rate: 0.005
data size: 100000
init: 1
seed: 5
stopped after epoch: 153

================================================================================

multiChannelCNN_relu -> fcn_256_32_tanh

Student Model Parameters:
layers.0.weight: [[-0.0086801   0.12899387  0.11073425 ...  0.0851098   0.12973522
   0.05326906]
 [ 0.20969687 -0.23986231  0.09886769 ...  0.07082718 -0.3187188
   0.11225675]
 [ 0.38864508  0.15176146  0.4556942  ...  0.3125182   0.24728255
  -0.37084356]
 ...
 [ 0.36516917  0.12258517  0.08015385 ...  0.17452033  0.11389308
  -0.08599732]
 [-0.33472335 -0.54658735 -0.4274689  ... -0.20292367  0.09319379
  -0.07628353]
 [ 0.01887942 -0.05066371  0.2489927  ...  0.00154113  0.07851782
   0.20745145]]
layers.1.weight: [[ 0.03603966  0.0848953  -0.0417156  ...  0.07363319 -0.2068352
  -0.11979628]
 [ 0.07539686 -0.01903801  0.10567579 ... -0.23116504  0.17121106
  -0.19947574]
 [-0.03994172  0.15001921  0.21095525 ... -0.0095976   0.2094261
   0.03194312]
 ...
 [ 0.13749684  0.04012764  0.20887789 ...  0.11223713 -0.0740115
   0.09228837]
 [-0.11487947  0.02087655  0.3179477  ...  0.06670414 -0.10112201
   0.23498385]
 [ 0.19130011 -0.12316743 -0.12480038 ...  0.11124868 -0.08641248
   0.03217749]]
layers.2.weight: [[-3.7217463e-04 -1.0368426e-03 -2.1381127e-03 -2.8724408e-01
  -5.8321334e-02  7.4557523e-04 -2.3080066e-03 -1.0027342e-03
   1.8327247e-03  9.0232160e-04  9.5487747e-04  2.0442215e-01
   3.3401093e-03 -5.4829195e-04 -2.6571587e-01 -4.4743544e-03
   7.7583760e-02 -4.4703865e-03  7.1852910e-04 -3.7578526e-01
  -3.4048606e-04  3.1486369e-04 -2.5289682e-01  1.6396262e-01
   1.7635605e-01 -3.7088737e-01  2.2757879e-02  1.9927826e-03
  -9.9877685e-02  1.4074049e-03 -4.8887845e-02  0.0000000e+00]]

Final Loss: 0.0005
Distance Metric: 31.7387
L1 norm: 0
L2 norm: 0
Batch size: 16
Clipping: 0
Learning rate: 0.005
data size: 100000
init: 1
seed: 5
stopped after epoch: 1999

================================================================================

multiChannelCNN_tanh -> fcn_256_32_sigmoid

Student Model Parameters:
layers.0.weight: [[-0.20650937 -0.16983515 -0.16345806 ... -0.11295542  0.15124302
   0.20535673]
 [-0.01865227 -0.02834561  0.03738984 ...  0.17413764 -0.14766689
  -0.12718149]
 [-0.12154002 -0.03799978  0.04224246 ...  0.16918355  0.2852996
   0.14357993]
 ...
 [ 0.31854814  0.2471358   0.05623977 ... -0.01937184 -0.10663542
   0.09484768]
 [-0.69219965 -1.0033221  -0.14885435 ...  0.5208909   0.15097636
  -0.2659401 ]
 [-0.24781376 -0.1875933   0.00554957 ... -0.00176478 -0.06706813
  -0.09301928]]
layers.1.weight: [[ 0.05059315  0.13559736 -0.00131989 ... -0.12513946 -0.18613614
  -0.0075563 ]
 [ 0.16461676  0.05820436  0.00629849 ... -0.13344781  0.34285298
  -0.05654158]
 [-0.0130445   0.07348925  0.17719665 ... -0.06750075 -0.1820919
   0.09279271]
 ...
 [ 0.13850918 -0.06277059  0.14771551 ...  0.00107362 -0.11623715
  -0.07601059]
 [-0.13174729 -0.07747635 -0.04503127 ... -0.08953449  0.05518968
   0.09678329]
 [ 0.11948128  0.06157545  0.07716283 ...  0.10213116 -0.20297432
  -0.05435294]]
layers.2.weight: [[ -1.7184261   -3.3643484   -2.3027668    1.3497778    1.2862926
    1.4249406   -2.781595    -2.7041657    2.8317025   -1.7787836
   -1.1723505   -2.4646213    0.9999914   -1.8896922  -12.219486
    2.441827    -2.007373     3.3567307   -2.0138483   -1.6492152
   -1.1482918   -1.9050647    1.6776385    1.5861108   -0.67515296
    1.6613678    1.3092027   -2.284045    -3.6365552   -3.5149026
   -0.39930704  -0.5117617 ]]

Final Loss: 0.1861
Distance Metric: 66.9663
L1 norm: 0
L2 norm: 0
Batch size: 16
Clipping: 0
Learning rate: 0.005
data size: 100000
init: 1
seed: 5
stopped after epoch: 1999

================================================================================

multiChannelCNN_tanh -> fcn_256_32_relu

Student Model Parameters:
layers.0.weight: [[ 0.05086909  0.01433318 -0.01483686 ...  0.06344779 -0.0315985
  -0.26957184]
 [ 0.05262159  0.00814559 -0.10151128 ... -0.09062235 -0.03760368
   0.11667021]
 [-0.00501004 -0.13775516 -0.04973726 ... -0.08116651  0.23342663
  -0.05353424]
 ...
 [ 0.1807437  -0.05381004  0.0754567  ...  0.06336392  0.01506304
   0.15374765]
 [ 0.10015013  0.05458199  0.01584186 ... -0.16651838 -0.10839721
  -0.05251641]
 [ 0.10828733 -0.02271194 -0.05731436 ...  0.07317953 -0.1296822
   0.03321144]]
layers.1.weight: [[ 0.56502277 -0.53740925  0.08974849 ...  0.20868775  0.02942917
   0.03937528]
 [ 0.09649674 -0.17660435 -0.00353064 ...  0.07584696  0.19570042
   0.08915699]
 [-0.11629336 -0.16197035 -0.12802073 ...  0.32786414 -0.1685678
  -0.06817815]
 ...
 [ 0.41663545 -0.08985771 -0.4001886  ...  0.13812576  0.46710733
   0.04448488]
 [-0.13077025 -0.13651876  0.09891174 ...  0.40051654 -0.3844246
  -0.2951834 ]
 [-0.13029712 -0.23188475  0.24010201 ... -0.33244112  0.02333623
   0.27329835]]
layers.2.weight: [[ 1.3078848  -0.44278008 -0.3994226  -1.8540674   1.5335883  -3.0841331
   1.3773212   0.2807614  -0.7107922   1.0643721  -0.41983202 -1.1005154
  -2.1323032   2.3380642   0.01440039 -1.7616843  -0.41132998  3.3547094
   0.65981877 -0.74165875 -0.67936087 -1.1150349  -2.9831822  -3.0096984
  -1.0239681  -0.67471087 -1.0363381   1.2556531   1.1868572  -0.8867106
   0.01356092 -1.4831699 ]]

Final Loss: 0.3714
Distance Metric: 38.0392
L1 norm: 0
L2 norm: 0
Batch size: 16
Clipping: 0
Learning rate: 0.005
data size: 100000
init: 1
seed: 5
stopped after epoch: 229

================================================================================

multiChannelCNN_tanh -> fcn_256_32_tanh

Student Model Parameters:
layers.0.weight: [[ 0.00977258 -0.0198065  -0.04044814 ...  0.04073177  0.09761649
  -0.2006766 ]
 [-0.082571   -0.03142513 -0.07101562 ... -0.02287166 -0.14319132
   0.0223731 ]
 [ 0.04326747  0.08554759  0.0639547  ...  0.02288451  0.07502105
   0.01839324]
 ...
 [ 0.00076993 -0.07121813  0.05516589 ... -0.10012835  0.06311497
  -0.03256959]
 [-0.04885313 -0.07319973 -0.02273948 ... -0.00200388  0.01979675
   0.05612602]
 [ 0.05384412 -0.04159673 -0.06845675 ... -0.1574402  -0.03319912
  -0.01202755]]
layers.1.weight: [[ 0.09375193  0.20563814  0.06155008 ...  0.1507577   0.15444571
   0.11746741]
 [ 0.10163463  0.15462884  0.02799607 ...  0.00526344 -0.12933385
  -0.09536073]
 [-0.08046978 -0.05199761  0.11063671 ...  0.10894296  0.09710941
   0.11023657]
 ...
 [ 0.10587391  0.00420236 -0.17333755 ... -0.09878544 -0.10287755
   0.12542675]
 [-0.1515393   0.09402315 -0.01328756 ... -0.19915073  0.11677225
   0.15984277]
 [-0.06486078 -0.13238645  0.0242316  ... -0.06102388  0.22933593
   0.01973802]]
layers.2.weight: [[ 0.08892184  0.00284725  0.01715826 -0.01425563 -0.01289932  0.10865348
   0.00301225 -0.7660992   0.00482799  0.3257936   0.4423607  -0.01183704
   0.08576968  0.00443477  0.00568212 -0.00897081 -0.00608696  0.00643493
  -0.7231244  -0.01469875 -0.00273824 -0.264374    0.00359389  0.13944043
   0.01251983  0.00559164 -0.0045101  -0.00246409 -0.00701061 -0.14427221
   0.00521606  0.32925534]]

Final Loss: 0.0000
Distance Metric: 21.4318
L1 norm: 0
L2 norm: 0
Batch size: 16
Clipping: 0
Learning rate: 0.005
data size: 100000
init: 1
seed: 5
stopped after epoch: 1999

================================================================================

