Experiment Summary:
================================================================================

Teacher Model Parameters:
layers.0.weight: [[[ 2.59 -2.83  0.87]]]
layers.1.weight: [[[-1.38  1.29]]]
layers.2.weight: [[[ 0.86 -0.84]]]

================================================================================

nonoverlappingCNN_sigmoid -> fcnn_decreasing_sigmoid

Student Model Parameters:
layers.0.weight: [[ 0.0000000e+00  0.0000000e+00  0.0000000e+00 ...  0.0000000e+00
   0.0000000e+00  0.0000000e+00]
 [ 0.0000000e+00  0.0000000e+00  0.0000000e+00 ...  0.0000000e+00
   0.0000000e+00  0.0000000e+00]
 [ 0.0000000e+00  0.0000000e+00  0.0000000e+00 ...  0.0000000e+00
   0.0000000e+00  0.0000000e+00]
 ...
 [ 0.0000000e+00  0.0000000e+00  0.0000000e+00 ...  0.0000000e+00
   0.0000000e+00  0.0000000e+00]
 [-3.9829954e-04  2.1316427e-04  3.9569091e-04 ...  1.4113290e+00
  -1.5628822e+00  4.0460321e-01]
 [ 0.0000000e+00  0.0000000e+00  0.0000000e+00 ...  0.0000000e+00
   0.0000000e+00  0.0000000e+00]]
layers.1.weight: [[0. 0. 0. ... 0. 0. 0.]
 [0. 0. 0. ... 0. 0. 0.]
 [0. 0. 0. ... 0. 0. 0.]
 ...
 [0. 0. 0. ... 0. 0. 0.]
 [0. 0. 0. ... 0. 0. 0.]
 [0. 0. 0. ... 0. 0. 0.]]
layers.2.weight: [[-1.5466636e-04 -1.5512707e-04 -1.5596108e-04 -1.5576970e-04
  -1.5577202e-04 -1.5625972e-04 -1.5482624e-04 -1.5507622e-04
  -1.8092279e+00 -1.5566227e-04 -1.5481487e-04 -1.5608086e-04
  -1.5574929e-04 -1.5529073e-04 -1.5629892e-04 -1.5482126e-04
  -1.5567213e-04 -1.5620311e-04 -1.5470319e-04 -1.5440617e-04
  -1.5554162e-04 -1.5555814e-04 -1.5570212e-04 -1.5483750e-04
  -1.5495058e-04  1.3090541e+00 -1.5466230e-04 -1.5541127e-04
  -1.5436286e-04 -1.5582392e-04 -1.5552141e-04 -1.5491317e-04]]

Final Loss: 0.0004
Distance Metric: 6.6775
L1 norm: 1e-05
L2 norm: 0
Batch size: 16
Clipping: 0
Learning rate: 0.01
data size: 100000
init: 1
seed: 2

================================================================================

nonoverlappingCNN_sigmoid -> fcnn_decreasing_relu

Student Model Parameters:
layers.0.weight: [[0. 0. 0. ... 0. 0. 0.]
 [0. 0. 0. ... 0. 0. 0.]
 [0. 0. 0. ... 0. 0. 0.]
 ...
 [0. 0. 0. ... 0. 0. 0.]
 [0. 0. 0. ... 0. 0. 0.]
 [0. 0. 0. ... 0. 0. 0.]]
layers.1.weight: [[0. 0. 0. ... 0. 0. 0.]
 [0. 0. 0. ... 0. 0. 0.]
 [0. 0. 0. ... 0. 0. 0.]
 ...
 [0. 0. 0. ... 0. 0. 0.]
 [0. 0. 0. ... 0. 0. 0.]
 [0. 0. 0. ... 0. 0. 0.]]
layers.2.weight: [[0.         0.         0.         0.         0.         0.
  0.2632307  0.32297623 0.         0.         0.         0.
  0.         0.         0.         0.         0.41450554 0.
  0.         0.         0.         0.         0.         0.
  0.30140415 0.         0.         0.40990812 0.         0.6413841
  0.         0.        ]]

Final Loss: 0.0111
Distance Metric: 9.3824
L1 norm: 1e-05
L2 norm: 0
Batch size: 16
Clipping: 0
Learning rate: 0.01
data size: 100000
init: 1
seed: 2

================================================================================

nonoverlappingCNN_sigmoid -> fcnn_decreasing_tanh

Student Model Parameters:
layers.0.weight: [[0. 0. 0. ... 0. 0. 0.]
 [0. 0. 0. ... 0. 0. 0.]
 [0. 0. 0. ... 0. 0. 0.]
 ...
 [0. 0. 0. ... 0. 0. 0.]
 [0. 0. 0. ... 0. 0. 0.]
 [0. 0. 0. ... 0. 0. 0.]]
layers.1.weight: [[0. 0. 0. ... 0. 0. 0.]
 [0. 0. 0. ... 0. 0. 0.]
 [0. 0. 0. ... 0. 0. 0.]
 ...
 [0. 0. 0. ... 0. 0. 0.]
 [0. 0. 0. ... 0. 0. 0.]
 [0. 0. 0. ... 0. 0. 0.]]
layers.2.weight: [[ 0.          0.          0.         -0.13774134  0.          0.
   0.          0.          0.          0.          0.          0.
   0.          0.          0.          0.          0.          0.
   0.          0.          0.          0.          0.          0.
   0.          0.          0.          0.          0.          0.
   0.          0.        ]]

Final Loss: 0.2526
Distance Metric: 7.5134
L1 norm: 1e-05
L2 norm: 0
Batch size: 16
Clipping: 0
Learning rate: 0.01
data size: 100000
init: 1
seed: 2

================================================================================

nonoverlappingCNN_relu -> fcnn_decreasing_sigmoid

Student Model Parameters:
layers.0.weight: [[0. 0. 0. ... 0. 0. 0.]
 [0. 0. 0. ... 0. 0. 0.]
 [0. 0. 0. ... 0. 0. 0.]
 ...
 [0. 0. 0. ... 0. 0. 0.]
 [0. 0. 0. ... 0. 0. 0.]
 [0. 0. 0. ... 0. 0. 0.]]
layers.1.weight: [[0.00081766 0.00081799 0.0008164  ... 0.00081627 0.00081681 0.0008173 ]
 [0.         0.         0.         ... 0.         0.         0.        ]
 [0.00020704 0.00020588 0.00020651 ... 0.00020676 0.00020545 0.00020572]
 ...
 [0.         0.         0.         ... 0.         0.         0.        ]
 [0.02335228 0.0233522  0.02335142 ... 0.02335202 0.02335227 0.02335268]
 [0.         0.         0.         ... 0.         0.         0.        ]]
layers.2.weight: [[-1.4676462e+01 -3.4237804e-04  6.8730960e+00 -3.4272007e-04
  -3.4294993e-04 -3.4398818e-04 -3.4364458e-04 -9.9780693e+00
  -3.4281315e-04 -3.4355128e-04 -3.4274507e-04 -3.4254495e-04
   1.0975520e+01 -3.4246431e-04 -3.4410451e-04 -3.4300177e-04
  -3.4309394e-04 -3.4339254e-04 -3.4273320e-04 -3.4269656e-04
  -3.4342741e-04 -3.4239018e-04 -2.6735508e+00 -3.4331612e-04
  -3.4240744e-04 -3.4216352e-04  1.1071054e+01 -3.4221500e-04
  -1.1287686e+00 -3.4255598e-04  6.4835892e+00 -3.1521354e+00]]

Final Loss: 3.2505
Distance Metric: 59.1840
L1 norm: 1e-05
L2 norm: 0
Batch size: 16
Clipping: 0
Learning rate: 0.01
data size: 100000
init: 1
seed: 2

================================================================================

nonoverlappingCNN_relu -> fcnn_decreasing_relu

Student Model Parameters:
layers.0.weight: [[0. 0. 0. ... 0. 0. 0.]
 [0. 0. 0. ... 0. 0. 0.]
 [0. 0. 0. ... 0. 0. 0.]
 ...
 [0. 0. 0. ... 0. 0. 0.]
 [0. 0. 0. ... 0. 0. 0.]
 [0. 0. 0. ... 0. 0. 0.]]
layers.1.weight: [[0. 0. 0. ... 0. 0. 0.]
 [0. 0. 0. ... 0. 0. 0.]
 [0. 0. 0. ... 0. 0. 0.]
 ...
 [0. 0. 0. ... 0. 0. 0.]
 [0. 0. 0. ... 0. 0. 0.]
 [0. 0. 0. ... 0. 0. 0.]]
layers.2.weight: [[ 0.         0.         0.         0.         0.         0.
   0.         0.         0.         0.         0.         0.
  -1.0061966  0.         0.         0.         0.         0.
   1.3924977  0.         0.         0.         0.         0.
   0.         0.         0.         0.         0.         0.
   0.        -1.1549022]]

Final Loss: 0.0003
Distance Metric: 10.4855
L1 norm: 1e-05
L2 norm: 0
Batch size: 16
Clipping: 0
Learning rate: 0.01
data size: 100000
init: 1
seed: 2

================================================================================

nonoverlappingCNN_relu -> fcnn_decreasing_tanh

Student Model Parameters:
layers.0.weight: [[ 0.          0.          0.         ...  0.          0.
   0.        ]
 [ 0.          0.          0.         ...  0.          0.
   0.        ]
 [ 0.          0.          0.         ...  0.          0.
   0.        ]
 ...
 [ 0.          0.          0.         ...  0.          0.
   0.        ]
 [ 0.          0.          0.         ...  0.          0.
   0.        ]
 [ 0.00257113  0.00465862 -0.00599471 ... -0.00107763  0.03463333
  -0.01192896]]
layers.1.weight: [[ 0.          0.          0.         ...  0.          0.
   0.        ]
 [ 0.          0.          0.         ...  0.          0.
   0.        ]
 [ 0.          0.          0.         ...  0.          0.
   0.00195614]
 ...
 [ 0.          0.          0.         ...  0.          0.
   0.        ]
 [ 0.          0.          0.         ...  0.          0.
  -0.10013328]
 [ 0.          0.          0.         ...  0.          0.
   0.        ]]
layers.2.weight: [[ 0.          0.          0.26530918  0.577051    0.          0.
   0.          0.          0.          0.          1.2351623   0.
   0.05052639  0.          0.39604554 -0.65193444  0.          0.
   0.          0.3052968   0.          0.23584943  0.          0.20491633
  -0.6742724   0.22360744  0.          0.          0.          0.
  -1.271635    0.        ]]

Final Loss: 3.4923
Distance Metric: 51.8315
L1 norm: 1e-05
L2 norm: 0
Batch size: 16
Clipping: 0
Learning rate: 0.01
data size: 100000
init: 1
seed: 2

================================================================================

nonoverlappingCNN_tanh -> fcnn_decreasing_sigmoid

Student Model Parameters:
layers.0.weight: [[ 0.          0.          0.         ...  0.          0.
   0.        ]
 [-0.01809382  0.02390549 -0.00145901 ...  0.02041358 -0.02679763
   0.00317992]
 [ 0.          0.          0.         ...  0.          0.
   0.        ]
 ...
 [ 0.          0.          0.         ...  0.          0.
   0.        ]
 [ 0.          0.          0.         ...  0.          0.
   0.        ]
 [ 0.          0.          0.         ...  0.          0.
   0.        ]]
layers.1.weight: [[ 0.0000000e+00  0.0000000e+00  0.0000000e+00 ...  0.0000000e+00
   0.0000000e+00  0.0000000e+00]
 [ 0.0000000e+00  0.0000000e+00  0.0000000e+00 ...  0.0000000e+00
   0.0000000e+00  0.0000000e+00]
 [-3.7076676e-03 -2.5648129e-01 -3.7073838e-03 ... -3.7070282e-03
  -3.7071903e-03 -3.7046333e-03]
 ...
 [ 0.0000000e+00  0.0000000e+00  0.0000000e+00 ...  0.0000000e+00
   0.0000000e+00  0.0000000e+00]
 [ 0.0000000e+00  0.0000000e+00  0.0000000e+00 ...  0.0000000e+00
   0.0000000e+00  0.0000000e+00]
 [ 0.0000000e+00  3.8654280e+00  0.0000000e+00 ...  0.0000000e+00
   0.0000000e+00  0.0000000e+00]]
layers.2.weight: [[  0.03245937   0.03246088  -6.4189487    0.03246143   0.03245915
    0.03246053   0.03246    -10.59438      3.4692361    0.03246038
    0.03246038   0.03246046   0.03246007   0.03246082   0.03246162
    0.03246117   0.0324609    1.0469338    0.03246148   0.03245922
    0.0324611    0.03245877   0.03246176   0.03246077   0.03245838
    0.03246024   0.03246016   0.03246084   0.03246043   0.03246125
    0.03245951  -6.109804  ]]

Final Loss: 0.1851
Distance Metric: 50.7100
L1 norm: 1e-05
L2 norm: 0
Batch size: 16
Clipping: 0
Learning rate: 0.01
data size: 100000
init: 1
seed: 2

================================================================================

nonoverlappingCNN_tanh -> fcnn_decreasing_relu

Student Model Parameters:
layers.0.weight: [[ 0.          0.          0.         ...  0.          0.
   0.        ]
 [ 0.          0.          0.         ...  0.          0.
   0.        ]
 [ 0.          0.          0.         ...  0.          0.
   0.        ]
 ...
 [ 0.          0.          0.         ...  0.          0.
   0.        ]
 [-0.0234545  -0.00719019  0.02427724 ... -0.5120056   0.53003216
  -0.15559801]
 [ 0.          0.          0.         ...  0.          0.
   0.        ]]
layers.1.weight: [[ 0.          0.          0.         ...  0.          0.
   0.        ]
 [ 0.          0.          0.         ...  0.         -0.02845658
   0.        ]
 [ 0.          0.          0.         ...  0.         -0.10353372
   0.        ]
 ...
 [ 0.          0.          0.         ...  0.          0.05067834
   0.        ]
 [ 0.          0.          0.         ...  0.          0.
   0.        ]
 [ 0.          0.          0.         ...  0.          0.
   0.        ]]
layers.2.weight: [[ 0.          0.38403234 -0.29977414  0.3622755   0.          0.
   0.          0.          0.         -0.64845544  0.          0.
   0.          0.43198812  0.          0.26351804  0.          0.2382078
   0.28986326 -0.9705954   0.          0.          0.         -0.4048698
  -0.97049814  0.          0.          0.          0.          0.45255575
   0.          0.        ]]

Final Loss: 0.1937
Distance Metric: 14.1911
L1 norm: 1e-05
L2 norm: 0
Batch size: 16
Clipping: 0
Learning rate: 0.01
data size: 100000
init: 1
seed: 2

================================================================================


