Experiment Summary:
================================================================================

Teacher Model Parameters:
layers.0.weight: [[[-0.01158852 -0.00048589  0.02005562]]

 [[-0.06261595 -0.11117125  0.02349438]]

 [[-0.01043909  0.09548505  0.06548464]]

 [[-0.008326   -0.07523467  0.0742417 ]]]
layers.1.weight: [[[ 0.05557098  0.08923414]
  [-0.11874504 -0.09154284]
  [ 0.01526325  0.05852163]
  [ 0.00469837 -0.04524601]]

 [[ 0.03375982  0.04204327]
  [ 0.07201906  0.11617265]
  [-0.03070206 -0.0098348 ]
  [ 0.04762594  0.06777498]]

 [[-0.10352384 -0.11583139]
  [ 0.04233158  0.09984466]
  [-0.11144993  0.00280455]
  [-0.11462312  0.01790048]]

 [[ 0.06598314  0.10710138]
  [-0.09905349 -0.05200187]
  [-0.09224193 -0.04094479]
  [ 0.08954392  0.09385984]]]
layers.2.weight: [[[ 0.04944756 -0.06344128]
  [-0.12082626 -0.00239544]
  [ 0.04782483 -0.06072773]
  [ 0.03000889  0.12922044]]]

================================================================================

multiChannelCNN_sigmoid -> fcn_256_32_sigmoid

Student Model Parameters:
layers.0.weight: [[ 0.02510211 -0.01796298 -0.0183707  ... -0.00428683 -0.02689229
  -0.00916573]
 [ 0.01961244 -0.00932023  0.00764192 ... -0.00833857 -0.01848743
  -0.00711939]
 [-0.00889133  0.01844586  0.02453069 ... -0.00324298 -0.01189174
  -0.00052873]
 ...
 [-0.02601591  0.01493589  0.01119986 ...  0.02068273 -0.00571621
  -0.02876134]
 [-0.02453467 -0.02419097 -0.02326886 ... -0.01094837 -0.00182006
  -0.01741888]
 [ 0.01870954 -0.01504554  0.01170113 ... -0.01160592 -0.02644095
  -0.00913193]]
layers.1.weight: [[ 0.0194889   0.01812502  0.01166524 ...  0.0097075   0.0225006
   0.02588652]
 [ 0.01409745  0.00220703  0.01764766 ... -0.01796129  0.02252913
   0.01109754]
 [-0.02288376  0.02323245 -0.01502107 ... -0.00852941 -0.01522322
  -0.02579561]
 ...
 [ 0.02491422 -0.02543529 -0.00668428 ... -0.01377555  0.01794671
   0.00849993]
 [-0.02130645  0.0143702   0.02434384 ... -0.00715121 -0.02070321
  -0.00115868]
 [-0.0279895  -0.02384649 -0.02137997 ... -0.01078192 -0.00140684
   0.01880785]]
layers.2.weight: [[-0.03474853 -0.05394005 -0.02067022 -0.03350547  0.06771715  0.0287436
  -0.01026789  0.05230922  0.01180305 -0.05418183  0.02916986  0.0182271
   0.02240952 -0.08244021  0.01020932 -0.0487766   0.07514427  0.0505776
   0.01647387 -0.06140196 -0.06625523 -0.07066841 -0.0016737  -0.02272693
   0.06656145  0.00091933  0.02599917 -0.00257893 -0.0232772  -0.00772122
   0.05529943  0.06431504]]

Final Loss: 0.0000
Distance Metric: 3.1280
L1 norm: 0
L2 norm: 0
Batch size: 16
Clipping: 0
Learning rate: 0.005
data size: 100000
init: 0.2
seed: 3
stopped after epoch: 1999

================================================================================

multiChannelCNN_sigmoid -> fcn_256_32_sigmoid

Student Model Parameters:
layers.0.weight: [[-0.0135223  -0.019511   -0.02534952 ... -0.00334112 -0.0106988
   0.00086565]
 [ 0.0187011   0.01483018  0.02499442 ... -0.01944032 -0.02045697
  -0.02624712]
 [ 0.01591529  0.02535625  0.01515421 ... -0.02192886  0.02468877
   0.02235212]
 ...
 [-0.02775836 -0.0122291  -0.02477418 ...  0.01240066  0.01956148
   0.01926987]
 [ 0.          0.01170224  0.00551336 ...  0.01109252 -0.0116836
  -0.01234012]
 [-0.00083017 -0.01398862  0.00369464 ...  0.02442023  0.00858826
  -0.01660972]]
layers.1.weight: [[ 0.01414622  0.02496457 -0.02781187 ...  0.01759863  0.01369258
   0.01562621]
 [-0.01321042 -0.01095616 -0.02396336 ... -0.0116828  -0.00972478
   0.02320162]
 [ 0.0015411  -0.02275194 -0.0189429  ...  0.02405268  0.02432471
  -0.02830524]
 ...
 [-0.02091307 -0.01334936 -0.00214188 ...  0.01213067  0.00833315
  -0.01430135]
 [ 0.00996701  0.01204426 -0.00017746 ...  0.00615537 -0.00756306
   0.01003855]
 [-0.01769054 -0.02047522 -0.02544454 ... -0.00659571 -0.01285922
  -0.02727858]]
layers.2.weight: [[-0.01069364  0.01757039 -0.05737185 -0.01294044  0.05151969  0.02963869
   0.00756626  0.01950122 -0.05369849 -0.01410078  0.06706157 -0.03379624
   0.0384795   0.02558603  0.09409199  0.03054321  0.07351171  0.05079145
  -0.05236534 -0.03617848  0.00161584 -0.01769634 -0.06114828 -0.04921852
  -0.0064466   0.08133756 -0.00160314  0.00684764  0.01549209  0.01977169
  -0.0133731  -0.0423988 ]]

Final Loss: 0.0000
Distance Metric: 3.0314
L1 norm: 0
L2 norm: 0
Batch size: 16
Clipping: 0
Learning rate: 0.005
data size: 100000
init: 0.2
seed: 3
stopped after epoch: 1999

================================================================================

multiChannelCNN_sigmoid -> fcn_256_32_relu

Student Model Parameters:
layers.0.weight: [[-0.19964023  0.04878542  0.08324801 ... -0.17893939 -0.11554108
   0.10335518]
 [-0.35246682  0.03345215  0.15485351 ... -0.13501257 -0.17286265
   0.01791725]
 [ 0.18611187  0.00300719  0.00325723 ... -0.07068004 -0.17315304
   0.114958  ]
 ...
 [ 0.02815905  0.06792671  0.11085095 ...  0.31597894  0.11144812
   0.08668138]
 [ 0.05096065 -0.28103223  0.09869806 ... -0.12046936  0.347279
  -0.06415687]
 [ 0.00173793 -0.0242921   0.0415023  ...  0.23799202 -0.3246621
   0.2784157 ]]
layers.1.weight: [[-0.26680255  0.19675165  0.10691459 ...  0.25363424 -0.10004439
   0.15481439]
 [ 0.34815362 -0.04202522  0.21170877 ...  0.02049311  0.15308285
   0.07053762]
 [ 0.3111363  -0.09481388 -0.07110611 ...  0.15117696  0.15989384
  -0.22163512]
 ...
 [ 0.0269867   0.15907742  0.30248234 ...  0.18618628  0.01607684
   0.21500611]
 [-0.13665403  0.28555143 -0.29917514 ...  0.3450037  -0.00638133
   0.32789344]
 [ 0.22085784 -0.14362033 -0.29206076 ... -0.00666982 -0.16943224
  -0.04864013]]
layers.2.weight: [[ 0.10682523  0.11541858 -0.27733225  0.10097191  0.10034329 -0.117498
  -0.2579096   0.10733237  0.09948081 -0.18510464 -0.21506783 -0.26284963
   0.1301779   0.10077982  0.10690281 -0.21921757  0.1041681   0.08983015
  -0.31294966 -0.08856852  0.09758866  0.11848774  0.09169453  0.10013336
   0.10315423 -0.09480129 -0.17856014 -0.18835774 -0.17889006 -0.15802607
  -0.14813377 -0.17011021]]

Final Loss: 0.0086
Distance Metric: 28.2491
L1 norm: 0
L2 norm: 0
Batch size: 16
Clipping: 0
Learning rate: 0.005
data size: 100000
init: 0.2
seed: 3
stopped after epoch: 1999

================================================================================

multiChannelCNN_sigmoid -> fcn_256_32_tanh

Student Model Parameters:
layers.0.weight: [[-0.02221588  0.00026186 -0.00439696 ...  0.02980175  0.01746555
  -0.02288083]
 [ 0.01666927 -0.02309776 -0.00758147 ...  0.02896563  0.00567007
   0.02445464]
 [-0.00785304  0.02676254  0.03164059 ...  0.01832329 -0.00997699
   0.02557655]
 ...
 [ 0.00988901  0.024109   -0.00338647 ...  0.02152172  0.00027228
  -0.0122652 ]
 [ 0.01639931  0.02553241 -0.01655592 ... -0.03170315  0.03102636
   0.0057278 ]
 [-0.01901486 -0.01645807  0.03259376 ... -0.02065751  0.00058005
  -0.01016843]]
layers.1.weight: [[-0.00129376 -0.04680546  0.04288142 ... -0.02716387 -0.0338497
  -0.01350556]
 [ 0.0405298  -0.02462824  0.02542751 ... -0.03249034  0.03781222
   0.0377799 ]
 [-0.00235999 -0.03152962 -0.04489272 ... -0.01170204 -0.02376229
  -0.03644329]
 ...
 [ 0.01756311  0.02062004  0.00977786 ... -0.03841009 -0.02196594
  -0.03637925]
 [-0.02015289  0.00626973  0.02585845 ... -0.02720553  0.02778744
  -0.03959423]
 [-0.00897042  0.00225336  0.02869421 ... -0.02479786 -0.00532882
   0.01263697]]
layers.2.weight: [[-0.0140065   0.001349   -0.0018614   0.0113207  -0.01266649  0.02006313
   0.00513028 -0.00647863 -0.00799359  0.003801    0.00168873  0.0166733
  -0.00350926  0.00403133 -0.00315521 -0.00782854  0.02007474 -0.01321741
  -0.00809766 -0.00319505 -0.01270881  0.00566291 -0.01559708  0.00596188
  -0.0105813   0.01562571 -0.00656788  0.00426689  0.00173784  0.02077513
   0.01740276  0.00777466]]

Final Loss: 0.2502
Distance Metric: 3.9887
L1 norm: 0
L2 norm: 0
Batch size: 16
Clipping: 0
Learning rate: 0.005
data size: 100000
init: 0.2
seed: 3
stopped after epoch: 158

================================================================================

multiChannelCNN_relu -> fcn_256_32_sigmoid

Student Model Parameters:
layers.0.weight: [[-0.00229554  0.01327596 -0.02364701 ...  0.00923161 -0.00936439
  -0.01860593]
 [ 0.01050377  0.02204791  0.00848003 ...  0.03130602  0.00778073
  -0.00714799]
 [ 0.0016481  -0.01178562 -0.00805451 ... -0.00851742  0.02874151
  -0.00062898]
 ...
 [-0.02927496 -0.01571428 -0.01218948 ...  0.02432514  0.008352
  -0.01305476]
 [-0.03138006 -0.00315812 -0.0015633  ... -0.00559691  0.00210599
  -0.01943378]
 [ 0.00560453 -0.02843389  0.02142318 ... -0.02856312  0.01795732
  -0.00966943]]
layers.1.weight: [[-0.01605536  0.0293611   0.01530087 ...  0.01099404  0.01996945
   0.00689547]
 [ 0.01246894 -0.01984669 -0.01325702 ...  0.023274    0.0113435
  -0.02627463]
 [-0.02113444 -0.00872595 -0.01129725 ...  0.00974226  0.01000036
  -0.01360561]
 ...
 [ 0.02721925 -0.01503756 -0.00499377 ...  0.01550698 -0.00340771
  -0.01196479]
 [ 0.01896502 -0.00786549 -0.02449896 ...  0.03662589  0.00412413
  -0.01321553]
 [ 0.0192065   0.01160053  0.01090421 ...  0.01660065 -0.01205307
  -0.02228103]]
layers.2.weight: [[-0.32915398 -0.29755896 -0.17165437 -0.35082546 -0.12943995 -0.14735715
  -0.17657748 -0.32246372 -0.26569396 -0.19860835 -0.3596846  -0.18215308
  -0.35282114 -0.27418107 -0.34394532 -0.14244954 -0.26389033 -0.16825345
  -0.204087   -0.31362888 -0.28245822 -0.17044449 -0.25848684 -0.23708725
  -0.18589833 -0.1750035  -0.32188448 -0.3603214  -0.24317595 -0.34406385
  -0.20917982 -0.35587803]]

Final Loss: 0.0000
Distance Metric: 5.5438
L1 norm: 0
L2 norm: 0
Batch size: 16
Clipping: 0
Learning rate: 0.005
data size: 100000
init: 0.2
seed: 3
stopped after epoch: 1999

================================================================================

multiChannelCNN_relu -> fcn_256_32_relu

Student Model Parameters:
layers.0.weight: [[-0.02559512 -0.01790894 -0.01473624 ... -0.01970753 -0.00733069
   0.01532233]
 [ 0.00069186 -0.01717515  0.03452716 ...  0.00348461 -0.01655875
  -0.00157563]
 [-0.00580415 -0.03406049 -0.01059861 ... -0.00680818  0.02041208
   0.03081617]
 ...
 [ 0.01125504  0.02100321 -0.00671662 ...  0.00848112 -0.00115103
  -0.00303698]
 [-0.00498586  0.00798459 -0.01813102 ...  0.00581946  0.00440693
   0.02396565]
 [ 0.00357562  0.01153851 -0.00354844 ... -0.01328064  0.00273986
  -0.00855755]]
layers.1.weight: [[-0.04405002  0.00667534 -0.0062698  ... -0.05346055  0.0882825
   0.02972251]
 [ 0.05641507 -0.03930747  0.03581855 ...  0.04956444  0.05846651
  -0.0612954 ]
 [ 0.03330112 -0.0772663  -0.01623065 ...  0.00131919  0.04084869
   0.00681913]
 ...
 [ 0.09835515  0.01785831  0.0068216  ... -0.07970813  0.05774385
   0.01700069]
 [-0.00565068  0.12257352  0.05021986 ...  0.0544646   0.04157721
  -0.01971456]
 [-0.08741252  0.06475602 -0.02118492 ...  0.01811364  0.01465426
   0.07376329]]
layers.2.weight: [[ 0.03547012  0.28565738  0.13065499  0.1710183  -0.0160876   0.3026606
   0.37656477 -0.35711694 -0.14609787 -0.11642376 -0.09733354 -0.14279544
  -0.06443477 -0.558397    0.11991359  0.11492164 -0.00236286 -0.00198525
   0.24426267  0.50985277  0.1152518  -0.04880412 -0.02666266 -0.33893883
   0.9236298   0.00304351 -0.05378552 -0.07969181 -0.10679126  0.09538376
  -0.14920653 -0.16423297]]

Final Loss: 0.0000
Distance Metric: 6.9195
L1 norm: 0
L2 norm: 0
Batch size: 16
Clipping: 0
Learning rate: 0.005
data size: 100000
init: 0.2
seed: 3
stopped after epoch: 1999

================================================================================

multiChannelCNN_relu -> fcn_256_32_tanh

Student Model Parameters:
layers.0.weight: [[ 0.04137225  0.02486051  0.00623928 ...  0.01152894  0.0050792
  -0.01754638]
 [ 0.00778894  0.0202788  -0.02123296 ... -0.00382167 -0.01380165
  -0.03349375]
 [ 0.0312118   0.02054221  0.03847323 ... -0.03066638 -0.02942822
   0.04661016]
 ...
 [-0.02998554 -0.03138186  0.03493444 ...  0.01329804 -0.0493286
  -0.0279943 ]
 [-0.04367623 -0.03035336  0.0051985  ...  0.02000571  0.0386269
   0.04832317]
 [-0.00595688  0.01611354 -0.02671633 ...  0.0399738  -0.03652315
   0.02271491]]
layers.1.weight: [[ 0.02782083 -0.01414148 -0.03370493 ...  0.01586319 -0.01763444
  -0.04294961]
 [-0.00432934  0.00304511 -0.01375545 ... -0.01853163 -0.02379287
   0.03260864]
 [-0.02798755  0.03773103 -0.04187984 ... -0.04210905 -0.03184211
  -0.0477898 ]
 ...
 [ 0.03655387 -0.03014376 -0.04672901 ...  0.0339139  -0.03336165
  -0.00810828]
 [-0.00438059  0.04224153 -0.00133365 ... -0.01919055 -0.03991389
   0.00501681]
 [ 0.02935929  0.01616927  0.03548801 ... -0.04567308 -0.00495573
  -0.01119374]]
layers.2.weight: [[-0.07491209  0.04737276 -0.08165894 -0.03117511 -0.12569194  0.12528692
   0.04322306  0.06128452  0.0801121   0.13309626  0.11345234  0.11063791
   0.03806629  0.08860733 -0.13659108 -0.01981429  0.12829386 -0.13700989
  -0.00850863  0.11010866 -0.04320615 -0.09577057 -0.08085788  0.02883357
  -0.05979149 -0.08801358  0.14043997  0.11808927  0.10677636 -0.03464137
   0.05226709  0.02108944]]

Final Loss: 0.0000
Distance Metric: 5.0952
L1 norm: 0
L2 norm: 0
Batch size: 16
Clipping: 0
Learning rate: 0.005
data size: 100000
init: 0.2
seed: 3
stopped after epoch: 1999

================================================================================

multiChannelCNN_tanh -> fcn_256_32_sigmoid

Student Model Parameters:
layers.0.weight: [[-0.00405489 -0.00193872 -0.02606965 ...  0.0326301  -0.01700597
  -0.08611072]
 [ 0.03772702 -0.0237926  -0.0203047  ...  0.02860728 -0.03367721
  -0.03191892]
 [ 0.          0.02314325  0.02870526 ...  0.01966752 -0.03132171
   0.00071572]
 ...
 [ 0.01914668  0.02134609 -0.01161633 ...  0.02609538 -0.02403823
  -0.03648398]
 [ 0.01644453  0.02997689 -0.01604064 ... -0.02598579  0.0231412
   0.00159651]
 [-0.02376762 -0.01243294  0.0274021  ... -0.02369886  0.01697071
   0.00358925]]
layers.1.weight: [[ 0.0102727  -0.01958926  0.02635322 ... -0.00989921 -0.03351938
  -0.01597376]
 [ 0.04011822 -0.00770036  0.01606201 ... -0.00912902  0.02185174
   0.01500114]
 [ 0.01255154 -0.00840429 -0.02607563 ...  0.00250838 -0.01730154
  -0.03038979]
 ...
 [ 0.02493974  0.01411528  0.00119513 ... -0.01388288 -0.01277483
  -0.03172217]
 [ 0.00066861  0.00519441  0.0152713  ... -0.00379039  0.02023628
  -0.03542393]
 [ 0.          0.00077488  0.01324402 ... -0.01118593 -0.0036164
  -0.00318945]]
layers.2.weight: [[-0.4200993  -0.27161157 -0.31752726 -0.1610392  -0.35156715 -0.16329184
  -0.22336967 -0.373684   -0.37996754 -0.16619837 -0.30334544 -0.18956156
  -0.38458458 -0.36721897 -0.3353641  -0.40625748 -0.13299927 -0.40869272
  -0.323828   -0.3202305  -0.36658505 -0.22473192 -0.37227026 -0.33360755
  -0.4026052  -0.22184667 -0.21198793 -0.26208958 -0.21793367 -0.20899816
  -0.21622097 -0.2329375 ]]

Final Loss: 0.0004
Distance Metric: 6.0770
L1 norm: 0
L2 norm: 0
Batch size: 16
Clipping: 0
Learning rate: 0.005
data size: 100000
init: 0.2
seed: 3
stopped after epoch: 1999

================================================================================

multiChannelCNN_tanh -> fcn_256_32_relu

Student Model Parameters:
layers.0.weight: [[-0.0009378   0.00254518  0.00512322 ... -0.00235197 -0.00087359
  -0.00056658]
 [-0.02991589  0.00434471  0.0022837  ... -0.01553319 -0.0035382
  -0.00124858]
 [ 0.01072343 -0.00931715  0.01152733 ... -0.01094812 -0.01580349
   0.00769691]
 ...
 [-0.00228969  0.00403843  0.00391861 ...  0.0097518   0.00017421
   0.01294429]
 [-0.0340983  -0.00190318  0.00608398 ...  0.0025755   0.01095603
   0.00253426]
 [-0.00420528  0.00499731 -0.01379876 ...  0.00456139 -0.01985217
   0.00410047]]
layers.1.weight: [[-0.05162783  0.0011159   0.01128773 ...  0.06420506  0.00368751
   0.0258767 ]
 [ 0.13483977 -0.04242088  0.03842588 ...  0.0423879  -0.05528402
  -0.04095072]
 [ 0.03175596 -0.03303816 -0.01157079 ...  0.08679     0.08171019
   0.03079553]
 ...
 [ 0.05974317  0.06391315  0.04464793 ...  0.01386377  0.0110596
   0.02334832]
 [-0.03846624  0.03768099 -0.04686732 ...  0.01801435 -0.08250748
   0.00792952]
 [ 0.00864842 -0.04547252 -0.03942129 ...  0.08928832 -0.0052038
  -0.02475561]]
layers.2.weight: [[ 0.00532672  0.2581624  -0.23758739  0.43218037  0.02998807 -0.0565238
  -0.24429509  0.05905561  0.04217669 -0.09446796 -0.02806648 -0.25693443
   0.22555824  0.66677666  0.49907827  0.0090329   0.8035325   0.00729499
  -0.11249556 -0.02335145  0.0073697   0.31191772  0.17465396  0.1293727
   0.4683134  -0.00698475 -0.2147525  -0.18651421 -0.1821065  -0.1146246
  -0.02682805 -0.18392247]]

Final Loss: 0.0002
Distance Metric: 6.9021
L1 norm: 0
L2 norm: 0
Batch size: 16
Clipping: 0
Learning rate: 0.005
data size: 100000
init: 0.2
seed: 3
stopped after epoch: 1999

================================================================================

multiChannelCNN_tanh -> fcn_256_32_tanh

Student Model Parameters:
layers.0.weight: [[-0.03629335  0.00455762 -0.0158288  ...  0.03435445  0.03045561
  -0.04391593]
 [ 0.03197267 -0.03721125 -0.00786421 ...  0.02696545  0.01024471
   0.0375463 ]
 [-0.00649795  0.04095542  0.04674732 ...  0.03426703 -0.02446142
   0.03938576]
 ...
 [ 0.01056658  0.03523117 -0.00512761 ...  0.03539336 -0.00486101
  -0.01172565]
 [ 0.02350702  0.04380718 -0.0250759  ... -0.04203122  0.03141569
   0.01213543]
 [-0.03219438 -0.02212005  0.03821553 ... -0.03457543  0.01666112
  -0.01192982]]
layers.1.weight: [[-0.0005279  -0.04467376  0.04496228 ... -0.02698353 -0.048345
  -0.0118436 ]
 [ 0.04715644 -0.02439012  0.02479441 ... -0.02944293  0.04033702
   0.03684665]
 [-0.00095107 -0.0264015  -0.04571339 ... -0.01128495 -0.02399926
  -0.03885722]
 ...
 [ 0.0263321   0.01524355  0.0031165  ... -0.03402932 -0.01670157
  -0.0388195 ]
 [-0.01427951 -0.00062689  0.02572959 ... -0.01796294  0.03876961
  -0.04579925]
 [-0.01466216 -0.00790034  0.02257508 ... -0.02947616 -0.00128633
   0.00922581]]
layers.2.weight: [[-0.12399813  0.02311311 -0.03604578  0.12158808 -0.06406911  0.1252299
   0.10204943 -0.09863921 -0.07950131  0.12477438  0.          0.1328662
  -0.08044385 -0.06788312 -0.05152738 -0.13781427  0.15093625 -0.13552783
  -0.00927898 -0.04708723 -0.08602654  0.06111861 -0.06679682 -0.03897984
  -0.11816131  0.11603406  0.04784315  0.05945199  0.08200677  0.12506397
   0.11840135  0.1227956 ]]

Final Loss: 0.0000
Distance Metric: 5.1469
L1 norm: 0
L2 norm: 0
Batch size: 16
Clipping: 0
Learning rate: 0.005
data size: 100000
init: 0.2
seed: 3
stopped after epoch: 1999

================================================================================

