Experiment Summary:
================================================================================

Teacher Model Parameters:
layers.0.weight: [[[-0.78 -0.12  0.7 ]]

 [[-1.16  0.47  0.05]]

 [[-0.73  1.96 -1.01]]

 [[-0.32  0.21  0.63]]]
layers.1.weight: [[[ 0.    0.04]
  [ 0.68  0.34]
  [ 0.54 -0.22]
  [-0.14 -0.33]]

 [[-0.14  1.59]
  [ 1.48 -0.52]
  [-1.26  0.3 ]
  [-0.4  -1.09]]

 [[-0.71  0.44]
  [-0.02 -0.14]
  [ 0.37 -0.7 ]
  [-0.83 -0.38]]

 [[ 0.89 -0.48]
  [-0.27 -0.81]
  [ 1.76 -0.41]
  [ 0.15  0.49]]]
layers.2.weight: [[[-0.54  0.16]
  [-0.74 -0.46]
  [ 0.08  0.18]
  [-0.22  0.81]]]

================================================================================

overlappingCNN_sigmoid -> fcnn_decreasing_sigmoid

Student Model Parameters:
layers.0.weight: [[-0.04777748  0.00335917  0.00629426 ... -0.03837967  0.01970282
  -0.00629892]
 [-0.02134149  0.00146561  0.00281895 ... -0.01721237  0.008803
  -0.00281202]
 [-0.01653289  0.00113264  0.00218458 ... -0.01334009  0.00681981
  -0.0021783 ]
 ...
 [-0.0228352   0.00156954  0.00301615 ... -0.01841459  0.00941881
  -0.00300891]
 [-0.00536552  0.00036639  0.00070922 ... -0.00433207  0.00221354
  -0.00070708]
 [-0.02331622  0.00160319  0.00307959 ... -0.01880234  0.00961765
  -0.00307229]]
layers.1.weight: [[ 0.00095739  0.00040422  0.00030311 ...  0.00043556  0.
   0.00044563]
 [ 0.00491117  0.00217902  0.00168009 ...  0.00233394  0.00052023
   0.00238394]
 [-0.00243913 -0.00111002 -0.0008673  ... -0.00118536 -0.00030304
  -0.0012096 ]
 ...
 [ 0.00665054  0.00296226  0.00228875 ...  0.00317144  0.00072303
   0.00323884]
 [-0.00253011 -0.00115051 -0.00089863 ... -0.00122873 -0.00031289
  -0.00125398]
 [ 0.01298414  0.0058128   0.00450317 ...  0.00621938  0.0014584
   0.00635032]]
layers.2.weight: [[-0.02250795 -0.11163102  0.05446625  0.4552125  -0.02823233  0.0828927
  -0.26136473  0.51661533 -0.43039298 -0.1441383  -0.15679105 -0.01940621
  -0.3750657  -0.08958288 -0.14348485 -0.05914896  0.06308663 -0.22197838
   0.17515573  0.36071435 -0.2515809  -0.09004799 -0.49506804  0.08142761
   0.12707989  0.6548095  -0.5736936   0.14771026  0.1505539  -0.15077512
   0.05652912 -0.29376665]]

Final Loss: 0.0001
Distance Metric: 8.1323
L1 norm: 0
L2 norm: 1e-05
Batch size: 16
Clipping: 0
Learning rate: 0.005
data size: 100000
init: 0.2
seed: 3
stopped after epoch: 1398

================================================================================

overlappingCNN_sigmoid -> fcnn_decreasing_relu

Student Model Parameters:
layers.0.weight: [[ 0.00713693  0.03410074  0.08109866 ... -0.07219364 -0.05550626
   0.07144503]
 [-0.08058374  0.06974111 -0.00563174 ...  0.0212097  -0.04854102
   0.04218626]
 [ 0.00266876 -0.02976852  0.01473885 ...  0.04015634  0.00428412
   0.07287337]
 ...
 [-0.09377683 -0.10362968  0.00079788 ...  0.00627398  0.00192474
   0.03361392]
 [-0.04210469  0.02804213 -0.06548669 ... -0.06723585  0.0562788
   0.03941057]
 [-0.09596786  0.08279058  0.01370552 ...  0.00775081 -0.00430995
   0.08346039]]
layers.1.weight: [[-0.03597673  0.00433785  0.00491275 ...  0.03751939 -0.07240136
  -0.00533477]
 [-0.03353048  0.00453711  0.0131811  ...  0.01693795  0.01193956
   0.06297721]
 [ 0.03342178  0.05509092  0.03998769 ...  0.03729846 -0.01292241
   0.04775405]
 ...
 [ 0.04589205  0.00709372 -0.02628037 ...  0.00017253  0.03887385
  -0.02429934]
 [ 0.02994194  0.00078597  0.03537114 ...  0.01617682 -0.00012753
   0.06515684]
 [-0.01737674 -0.00812788 -0.02300899 ... -0.0266788  -0.01881282
  -0.08349617]]
layers.2.weight: [[ 0.30339426 -0.38429984  0.33936685  0.19347052  0.35680446 -0.40126336
   0.13582823 -0.45859802  0.29426593  0.11662227 -0.44052723 -0.48599157
  -0.3892893   0.2752767  -0.31413034  0.2921211  -0.45501038  0.33002827
  -0.3148537   0.3146202  -0.4597854   0.30072612 -0.42235917 -0.38191384
  -0.4640622  -0.40383455 -0.3771714   0.27194035  0.20185605 -0.40315643
  -0.40912476 -0.39149484]]

Final Loss: 0.0066
Distance Metric: 14.2405
L1 norm: 0
L2 norm: 1e-05
Batch size: 16
Clipping: 0
Learning rate: 0.005
data size: 100000
init: 0.2
seed: 3
stopped after epoch: 1044

================================================================================

overlappingCNN_sigmoid -> fcnn_decreasing_tanh

Student Model Parameters:
layers.0.weight: [[ 0.01139654 -0.00014419  0.00180961 ...  0.01223619 -0.00387012
   0.00402501]
 [-0.00279728  0.00123367 -0.00066693 ... -0.00289772  0.00109648
   0.00017101]
 [ 0.00921109 -0.00072283  0.00144491 ...  0.00964219 -0.00317026
   0.00301221]
 ...
 [-0.00103591  0.00097436 -0.00035918 ... -0.00169654  0.00032452
   0.        ]
 [-0.04397564  0.00145623 -0.0039844  ... -0.04493127  0.01518837
  -0.01909785]
 [ 0.01857978 -0.00069184  0.0027907  ...  0.01942691 -0.00648224
   0.00615162]]
layers.1.weight: [[ 0.0032557   0.00632557  0.00140545 ... -0.00373019 -0.00053791
   0.00393917]
 [-0.0001504   0.00371845  0.00131916 ... -0.00449628  0.00143128
   0.00105439]
 [ 0.00174109  0.00042753 -0.00188567 ... -0.00505923 -0.00409602
  -0.00054119]
 ...
 [ 0.00267865 -0.00081708 -0.00134039 ... -0.00018625 -0.00309347
  -0.00092941]
 [ 0.00409311 -0.00031798 -0.0052145  ... -0.00327164 -0.00129269
  -0.0006264 ]
 [ 0.0027926   0.00059439 -0.00049746 ...  0.00126289  0.00241132
  -0.00508163]]
layers.2.weight: [[ 0.01708989 -0.0015858   0.00712051 -0.01183735  0.01074523 -0.00273863
  -0.00461749 -0.00245797 -0.00419998  0.00162178 -0.00280563  0.00825129
   0.01899356  0.01543435  0.01840211  0.0088282  -0.01200777 -0.00092056
   0.00394695 -0.0133764  -0.01072189 -0.00831661  0.00439657 -0.21395698
   0.01199418 -0.00146296 -0.00707644 -0.00294186 -0.00176122 -0.00548233
   0.00365614 -0.00476118]]

Final Loss: 0.1671
Distance Metric: 8.0838
L1 norm: 0
L2 norm: 1e-05
Batch size: 16
Clipping: 0
Learning rate: 0.005
data size: 100000
init: 0.2
seed: 3
stopped after epoch: 236

================================================================================

overlappingCNN_relu -> fcnn_decreasing_sigmoid

Student Model Parameters:
layers.0.weight: [[ 0.0048703  -0.02679242  0.00956346 ... -0.08649146  0.01475506
   0.0148049 ]
 [ 0.06004304 -0.36974648  0.18825324 ... -0.02723145  0.03141287
  -0.01451808]
 [-0.04539953  0.05539247 -0.01980782 ...  0.10715257  0.00553166
  -0.04117452]
 ...
 [-0.08924714  0.01511748  0.01485573 ...  0.34916908 -0.00395169
  -0.12804992]
 [-0.05386837  0.03976401 -0.0095162  ...  0.1780238  -0.00200257
  -0.06240517]
 [-0.0456682   0.06116401 -0.02271095 ...  0.08165408  0.01298239
  -0.03229937]]
layers.1.weight: [[-0.00185463 -0.00309175 -0.00224837 ... -0.00309291 -0.00247143
  -0.00206036]
 [ 0.00553095  0.04236892  0.00823621 ...  0.0276148   0.01177975
   0.00532473]
 [-0.02309761 -0.02428114 -0.01031562 ... -0.00457625 -0.00231991
  -0.01540103]
 ...
 [ 0.00564684 -0.01363746 -0.00026473 ... -0.01361483 -0.00372149
   0.00252379]
 [-0.00836772  0.01673945  0.0003351  ...  0.01931927  0.00544183
  -0.00291261]
 [-0.01943686  0.03392882  0.00433663 ...  0.05168148  0.01737382
  -0.00163845]]
layers.2.weight: [[ 0.03648947 -1.354667    4.447      -0.1427119   0.16157871  0.25307086
  -0.9684313  -0.14437936  0.04482634  4.376243   -1.0538058   0.05697213
   3.7666252  -0.24375626 -4.5551305   5.4845953   0.02822848  1.9719756
   0.03711745 -0.7761599  -0.6042416  -2.777696   -3.817337    1.9091539
   2.4835513   3.910478   -0.06616909 -0.5223135  -0.28570506  0.62446076
  -0.65136224 -0.9158686 ]]

Final Loss: 2.1195
Distance Metric: 39.4541
L1 norm: 0
L2 norm: 1e-05
Batch size: 16
Clipping: 0
Learning rate: 0.005
data size: 100000
init: 0.2
seed: 3
stopped after epoch: 3455

================================================================================

overlappingCNN_relu -> fcnn_decreasing_relu

Student Model Parameters:
layers.0.weight: [[ 1.45427271e-04 -1.44446312e-04  1.99163580e-04 ... -3.45493812e-04
  -1.39557174e-04 -1.66390775e-04]
 [ 7.35411537e-04 -1.70713360e-03 -8.21688445e-04 ... -1.09858669e-01
   4.43188064e-02  4.83122095e-03]
 [-6.21817075e-04  2.85226735e-04  4.75996843e-04 ...  4.78992064e-04
   0.00000000e+00 -1.36210423e-04]
 ...
 [ 2.04248703e-03  7.58573646e-04  3.35170742e-04 ... -2.36185602e-04
  -1.37302268e-04  0.00000000e+00]
 [ 6.44708809e-04  0.00000000e+00 -2.74052989e-04 ... -3.52264760e-04
  -1.17526070e-04  1.24304264e-04]
 [ 2.87085393e-04  0.00000000e+00  1.14567105e-04 ... -9.38329026e-02
   2.50999182e-01 -1.29414216e-01]]
layers.1.weight: [[-0.00077615 -0.03179545 -0.05100274 ... -0.00235147 -0.06500732
   0.06753006]
 [ 0.00011124  0.          0.         ...  0.00037848  0.
  -0.00017864]
 [-0.03296774 -0.0015755  -0.00031056 ...  0.02585332 -0.00082776
   0.00279752]
 ...
 [-0.00225481  0.01345364  0.0257798  ...  0.00221659  0.03349535
  -0.02968843]
 [-0.03498488 -0.00054795  0.         ... -0.00125691  0.00010233
   0.00086997]
 [-0.00141705  0.00459844  0.00566268 ...  0.00037596  0.00772954
  -0.01190484]]
layers.2.weight: [[-9.2989779e-01 -1.6068596e-04 -5.0592989e-01 -1.8129768e-02
  -5.0271649e-02  4.0136078e-01  3.0263829e-01 -1.2276151e+00
   8.9509256e-02 -8.6965430e-01  6.2975180e-01 -1.0525836e+00
  -9.7946775e-01  5.6246740e-01 -7.2800644e-02  3.2391849e-01
   2.3908061e-01 -2.6534842e-02 -6.2115103e-02  6.5763749e-02
   8.7251656e-02  1.5656875e+00 -4.1059834e-01 -1.8478293e-03
  -2.0570430e-01 -7.0485190e-02 -8.8850558e-01 -1.7426067e-04
  -3.1792328e-01  2.8078058e-01 -2.8257987e-01  7.6646894e-02]]

Final Loss: 0.0003
Distance Metric: 13.6545
L1 norm: 0
L2 norm: 1e-05
Batch size: 16
Clipping: 0
Learning rate: 0.005
data size: 100000
init: 0.2
seed: 3
stopped after epoch: 604

================================================================================

overlappingCNN_relu -> fcnn_decreasing_tanh

Student Model Parameters:
layers.0.weight: [[ 1.4609764e-02  2.5582671e-01 -1.1368277e-01 ... -2.5844154e-01
   5.2359408e-01 -2.8226647e-01]
 [ 4.2348769e-02 -2.2801999e-02  9.9925082e-03 ...  4.2082880e-02
  -4.0448528e-02  1.4165796e-02]
 [-1.9349670e+00  7.8555024e-01  5.6566477e-02 ... -2.6509103e-01
   2.6312387e-01  2.8629085e-01]
 ...
 [ 4.0181875e-02 -7.6431702e-03  1.2522985e-03 ...  4.1398250e-02
  -4.9909800e-02  8.4301019e-03]
 [ 4.2049211e-02 -4.5505755e-02  2.1011408e-02 ...  4.0069669e-02
  -2.2662189e-02  2.3368148e-02]
 [ 1.5665632e+00 -7.5610906e-01  6.2960804e-01 ...  6.3633066e-01
   4.4014335e-01 -3.9061567e-01]]
layers.1.weight: [[ 1.34147273e-03  0.00000000e+00  1.13536662e-03 ...  1.20246717e-04
   0.00000000e+00 -3.23251542e-03]
 [-1.40938163e-03  0.00000000e+00 -1.19298918e-03 ... -1.26318104e-04
   0.00000000e+00  3.39604379e-03]
 [ 1.15447454e-01  2.44198181e-02 -1.93766132e-01 ...  1.81326270e-02
   3.08389198e-02 -1.09724645e-02]
 ...
 [ 2.63273239e-01 -2.41441634e-02 -1.80486411e-01 ... -3.17901522e-02
  -8.40027630e-03  1.23739235e-01]
 [ 1.79460719e-01  2.35954416e-03  2.66209781e-01 ...  1.31457078e-03
   9.56905819e-03 -9.95949563e-03]
 [-9.61615238e-04  0.00000000e+00 -8.13418126e-04 ...  0.00000000e+00
   0.00000000e+00  2.31689238e-03]]
layers.2.weight: [[-1.1531073e-03  1.2115192e-03 -9.3761466e-02 -4.4861564e-04
  -2.7258185e-04  2.1810094e-03 -1.1085651e-03  2.8351086e-04
  -1.4742583e-01  1.3381991e-01  1.0612787e-03  9.9563482e-04
   5.4684645e-01 -2.0588124e-01 -1.8586329e-04 -2.6941392e-01
   2.2587878e-01  8.8726914e-01  7.5110956e-04 -3.0210123e-03
   1.1687092e-03 -2.9042086e-01  1.0782268e+00 -2.2386992e-03
   7.7959657e-01 -7.6350296e-04  7.3938161e-01  2.5346456e-04
   1.6372754e-03 -4.3324116e-01 -1.5445638e-01  8.2638511e-04]]

Final Loss: 2.3958
Distance Metric: 31.4254
L1 norm: 0
L2 norm: 1e-05
Batch size: 16
Clipping: 0
Learning rate: 0.005
data size: 100000
init: 0.2
seed: 3
stopped after epoch: 1841

================================================================================

overlappingCNN_tanh -> fcnn_decreasing_sigmoid

Student Model Parameters:
layers.0.weight: [[-0.0933855  -0.04662923 -0.06166587 ...  0.08602092  0.05774825
   0.05168697]
 [-0.00629982  0.0333233  -0.03751112 ... -0.01063144 -0.03588537
  -0.01881258]
 [-0.03875197  0.01407089 -0.05374135 ...  0.00238183 -0.04063355
  -0.01578603]
 ...
 [-0.06324338 -0.00726432 -0.06133998 ...  0.02146056 -0.0233459
  -0.00305113]
 [ 0.01413697  0.01941801 -0.00502798 ... -0.02330892 -0.02626672
  -0.01844807]
 [-0.00907279  0.01225464 -0.02266946 ... -0.01374395 -0.03585486
  -0.01707867]]
layers.1.weight: [[-4.5094956e-03 -1.4055378e-03 -1.1810163e-03 ... -1.5995678e-03
   1.3804613e-04  0.0000000e+00]
 [-1.1805722e-01  4.7058836e-02  3.3564601e-02 ... -1.5813925e-03
   4.3913059e-02  4.2466674e-02]
 [ 2.4186990e-03 -2.4542541e-04 -3.9311370e-04 ...  0.0000000e+00
  -1.4769381e-03 -1.3857746e-03]
 ...
 [ 2.4528620e-03 -2.3633460e-04 -3.8535538e-04 ...  0.0000000e+00
  -1.4792345e-03 -1.3872030e-03]
 [-4.6766638e-03 -1.4181061e-03 -1.1824998e-03 ... -1.6218445e-03
   1.9931456e-04  1.0037956e-04]
 [ 5.7308991e-03  5.8979564e-04  3.0719562e-04 ...  1.0311239e-03
  -1.7378270e-03 -1.5702439e-03]]
layers.2.weight: [[ 0.14557548 -2.8513227  -0.10694118  0.29120547  0.19553277 -7.5128965
   0.28478336  0.8892804  -0.4689626  -0.17525756 -0.04894909 -3.722694
  -2.8190238  -0.53752375  0.2358982   1.0287786   0.952337    0.24296868
   1.1395953   1.2228754   0.8917663   0.27106503 -0.39535555  1.0019718
  -0.0247874  -0.4357652   0.13465112 -0.4947528   0.19957156 -0.10796938
   0.15241519 -0.20748247]]

Final Loss: 0.2295
Distance Metric: 31.5023
L1 norm: 0
L2 norm: 1e-05
Batch size: 16
Clipping: 0
Learning rate: 0.005
data size: 100000
init: 0.2
seed: 3
stopped after epoch: 2460

================================================================================

overlappingCNN_tanh -> fcnn_decreasing_relu

Student Model Parameters:
layers.0.weight: [[ 2.1133732e-02  1.0982552e-01 -7.0648633e-02 ...  2.5774600e-04
  -1.0727620e-01  9.1406740e-02]
 [ 9.3030237e-02 -6.0447037e-02 -5.8635212e-02 ...  8.5297592e-02
   5.7892427e-02 -6.0025230e-02]
 [-3.9631811e-01  5.2176084e-02  2.4478279e-02 ... -9.2285156e-02
   1.4637915e-02 -8.4671736e-02]
 ...
 [ 2.7553378e-02 -8.8019613e-03 -4.5051333e-03 ... -8.6952634e-02
   3.2686979e-01 -2.0408364e-01]
 [ 4.6404660e-02 -1.4187597e-02 -1.2338151e-02 ...  4.7900416e-02
  -3.8033968e-03  2.8237404e-02]
 [-1.1578651e-01 -2.5193786e-02 -2.7767796e-02 ...  9.1275059e-02
  -1.8098477e-01  6.6352226e-02]]
layers.1.weight: [[-0.01010807  0.00132492 -0.00976707 ... -0.02558444  0.0770992
   0.02722505]
 [-0.00817895  0.07010349 -0.06710758 ... -0.06031424  0.02139198
   0.05306098]
 [-0.01614141 -0.02267537 -0.03608708 ...  0.00971577 -0.24431327
  -0.02239449]
 ...
 [ 0.02735495  0.00454327 -0.15253223 ...  0.00816338 -0.02962511
   0.09105937]
 [ 0.07579355  0.00214343  0.02491509 ... -0.08221144 -0.01288919
   0.07088546]
 [-0.01035142  0.02781486 -0.07443767 ...  0.06625002 -0.03421856
   0.10705383]]
layers.2.weight: [[ 0.21481565  0.26654673 -0.6861261   0.34681758  0.32862613 -0.5751137
  -0.6574822  -0.6860334   0.22933464  0.49256232 -0.6240947   0.2907144
  -0.6635704  -0.30483988 -0.87180275  0.34472722 -0.31780976  0.44603348
  -0.7484977  -0.6858632  -0.6758073   0.4041778   0.29814523 -0.4538116
  -0.38105002  0.20218045 -0.59823453  0.332714   -0.5895263   0.32154366
   0.34622476  0.4739199 ]]

Final Loss: 0.2336
Distance Metric: 19.6836
L1 norm: 0
L2 norm: 1e-05
Batch size: 16
Clipping: 0
Learning rate: 0.005
data size: 100000
init: 0.2
seed: 3
stopped after epoch: 875

================================================================================

overlappingCNN_tanh -> fcnn_decreasing_tanh

Student Model Parameters:
layers.0.weight: [[ 2.4681967e-03 -2.9485971e-03  0.0000000e+00 ... -1.6212959e-03
   3.2365490e-03 -4.8867324e-03]
 [-3.7653656e-03  4.9781054e-03 -1.1406870e-03 ...  3.7262354e-03
  -6.9327815e-03  7.6887524e-03]
 [-1.0750484e-02 -4.7040552e-02  1.9753944e-02 ... -1.1058147e-02
  -4.5629377e-03  7.7651888e-03]
 ...
 [-1.6639591e-03  5.0988183e-03  3.7609709e-03 ...  2.0755327e-03
  -6.8771415e-03  6.9300919e-03]
 [ 2.9304776e-01 -1.8792459e-01 -5.8655357e-01 ... -4.2198523e-04
   3.1314595e-03  1.6862911e-03]
 [ 6.5542385e-03  1.8085382e-03  1.2022287e-02 ...  8.8437786e-04
  -6.7915727e-04  2.1244271e-03]]
layers.1.weight: [[ 0.         -0.00015077 -0.00775334 ...  0.00026831  0.00109794
   0.0010848 ]
 [ 0.          0.         -0.00014746 ...  0.          0.
   0.        ]
 [ 0.          0.00014414  0.00747776 ... -0.00025933 -0.00105679
  -0.00104503]
 ...
 [ 0.          0.00013005  0.00684849 ... -0.00024045 -0.00096195
  -0.0009557 ]
 [ 0.          0.00027365  0.01202069 ... -0.00039265 -0.00177621
  -0.00172126]
 [-0.00315561  0.0051488  -0.04341559 ...  0.00599171  0.05468892
   0.00343743]]
layers.2.weight: [[-0.050596   -0.00094562  0.04872989  0.05531093  0.34160802 -0.27470666
  -0.01250409 -0.5947822  -0.00408253 -0.00559467 -0.20727861 -0.08989688
   0.06056247  0.02352601  0.8906605   0.05373822  0.28950217  0.357108
   0.0433388   0.06535283 -0.35713547 -0.08851308  0.72843844 -0.01398626
  -0.0466411   0.87888664  0.14668572 -0.05715399  0.07732778  0.04451726
   0.08066517  0.48700446]]

Final Loss: 0.0006
Distance Metric: 8.4751
L1 norm: 0
L2 norm: 1e-05
Batch size: 16
Clipping: 0
Learning rate: 0.005
data size: 100000
init: 0.2
seed: 3
stopped after epoch: 1371

================================================================================

