Experiment Summary:
================================================================================

Teacher Model Parameters:
layers.0.weight: [[[ 2.59 -2.83  0.87]]]
layers.1.weight: [[[-1.38  1.29]]]
layers.2.weight: [[[ 0.86 -0.84]]]

================================================================================

nonoverlappingCNN_sigmoid -> fcnn_decreasing_sigmoid

Student Model Parameters:
layers.0.weight: [[-0.01850034  0.01413994 -0.01949511 ... -0.02788651  0.02668074
  -0.01321585]
 [ 0.0077321   0.02314323 -0.02311995 ...  0.00640061  0.00718435
   0.00208234]
 [-0.00413178  0.02365132 -0.02402908 ... -0.03617067  0.02109041
   0.01954928]
 ...
 [ 0.01360382 -0.03935189  0.00048265 ...  0.05197205 -0.04043161
  -0.0143065 ]
 [-0.0271032   0.00078707  0.01381692 ...  0.00600597  0.01028188
   0.01210564]
 [-0.00226251 -0.03504075  0.02708445 ...  0.01739912 -0.00822171
   0.01362706]]
layers.1.weight: [[ 0.02345187 -0.01963344  0.00265347 ...  0.01117118 -0.02599787
  -0.01622848]
 [-0.0234748   0.00089967  0.00743975 ...  0.02275366  0.01479957
   0.00496885]
 [ 0.03718074 -0.01264162  0.0278693  ... -0.01395964  0.0039128
  -0.0076585 ]
 ...
 [-0.03303253 -0.02669841 -0.00704658 ...  0.02169528  0.02926863
   0.02953926]
 [ 0.00985843  0.0188709   0.         ... -0.02553856  0.02428017
  -0.00606281]
 [-0.02877     0.01204741 -0.01390738 ...  0.02796944  0.00475139
  -0.00827894]]
layers.2.weight: [[ 0.18254797 -0.36937395  0.33302197  0.09472244 -0.03728223  0.1456674
   0.32080764 -0.00622789 -0.10135704 -0.36643675 -0.06596335  0.21848091
  -0.3492828  -0.19038698 -0.34634942  0.28093782 -0.32101357 -0.24455321
   0.35489225  0.0435087  -0.0904761   0.05691781 -0.32350272 -0.15199187
   0.41359848  0.29498115  0.12211134  0.14989714  0.29642892 -0.13256603
   0.36178708 -0.34317818]]

Final Loss: 0.0028
Distance Metric: 11.2770
L1 norm: 1e-05
L2 norm: 0
Batch size: 16
Clipping: 0
Learning rate: 0.01
data size: 5120
init: 0.2
seed: 5

================================================================================

nonoverlappingCNN_sigmoid -> fcnn_decreasing_relu

Student Model Parameters:
layers.0.weight: [[ 0.141224   -0.11915107  0.14373569 ... -0.21043886  0.20304841
   0.08446962]
 [ 0.04216713 -0.16484742 -0.09176422 ... -0.06550561 -0.04715232
   0.06980994]
 [-0.17432582 -0.11320962 -0.1704553  ... -0.12606712  0.15196858
   0.19929962]
 ...
 [ 0.07885475 -0.1550873  -0.10785019 ... -0.02979402 -0.06775131
  -0.09708797]
 [ 0.03206781 -0.13135059  0.00379909 ...  0.181031    0.04748437
  -0.10220049]
 [ 0.04808884  0.15407015 -0.03038841 ...  0.10055403  0.12412462
   0.03535576]]
layers.1.weight: [[ 0.04202835 -0.00097327  0.09921457 ... -0.08800743 -0.063986
  -0.09518082]
 [ 0.08514158 -0.07413402 -0.02818953 ... -0.00678701 -0.03121808
  -0.15814589]
 [-0.04760091  0.09815874  0.14028603 ... -0.08308051 -0.0397143
   0.15987901]
 ...
 [-0.01497184 -0.04780378  0.10483158 ...  0.03503075 -0.01965919
   0.12852335]
 [ 0.03732187 -0.02052456  0.03281463 ... -0.01863918 -0.02393438
   0.00069974]
 [ 0.07730485 -0.06739745 -0.10086976 ...  0.08230791 -0.00700597
  -0.0682501 ]]
layers.2.weight: [[-0.65845317  0.44512758  0.43905616  0.46238828 -0.81674415 -0.45375112
   0.53089225 -0.56567836  0.23468496  0.31911218  0.46257594  0.44695356
   0.32700613 -0.5520578   0.30594817  0.51312065  0.25090265 -0.58592665
  -0.6079055  -0.86412364 -0.7038664   0.30449447 -0.6327063  -0.4414492
  -0.7389419  -0.550038    0.31628284 -0.66052383  0.5405002  -0.61035985
   0.17449076 -0.9133919 ]]

Final Loss: 0.0086
Distance Metric: 21.5551
L1 norm: 1e-05
L2 norm: 0
Batch size: 16
Clipping: 0
Learning rate: 0.01
data size: 5120
init: 0.2
seed: 5

================================================================================

nonoverlappingCNN_sigmoid -> fcnn_decreasing_tanh

Student Model Parameters:
layers.0.weight: [[ 5.7002917e-02  7.9502039e-02  1.0743992e-01 ... -2.1210322e-02
   9.6445605e-03  4.3447342e-02]
 [ 3.1442931e-01  1.9420803e-01  3.7140417e-01 ... -3.4540790e-01
  -3.2948598e-01  4.7916269e-01]
 [-2.6517552e-01 -1.0933437e+00  1.8033721e-01 ... -1.1861424e-01
   4.6157482e-01  4.2404145e-01]
 ...
 [-6.8061841e-01 -9.5867383e-04  6.9987607e-01 ... -2.8335315e-01
   5.8729905e-01  1.0841707e+00]
 [-1.6684017e-01 -5.0883652e-03  6.1518461e-01 ... -1.7091125e-02
  -9.0234971e-01 -1.5812304e+00]
 [-9.3659107e-03 -2.4492182e-01 -5.4592807e-02 ...  6.7200541e-02
  -4.1154969e-02 -7.9427138e-02]]
layers.1.weight: [[-0.06440523  0.9188089  -0.34157017 ...  0.05881077  0.23171559
  -0.06264859]
 [ 0.01839493 -0.13463369 -0.04415471 ...  0.0053741   0.07594441
  -0.03115565]
 [-0.03885379  0.11144273  0.00990066 ... -0.14422643 -0.0778148
   0.01404495]
 ...
 [ 0.00250579  0.00237178  0.07156808 ...  0.02612442 -0.03222037
   0.00306745]
 [ 0.07880411 -0.2863461  -0.0994755  ... -0.3259435  -0.30273733
   0.08450548]
 [ 0.05203448  0.03472635 -0.00930428 ... -0.14167552 -0.5492814
   0.09617696]]
layers.2.weight: [[-0.4012855  -0.26900333  0.20259163  0.1533606  -0.3879232   0.40160042
  -0.27996087  0.28246784 -0.3396518   0.29649508 -0.42178714 -0.3391786
   0.21599889  0.45650584  0.34149754 -0.5029454   0.41816157  0.06263725
  -0.0257787   0.3108646   0.2827871   0.4985504  -0.39724904 -0.35849622
  -0.46315265  0.46589914 -0.35144272  0.04834358  0.29651985  0.2005099
  -0.3188733   0.364009  ]]

Final Loss: 0.0304
Distance Metric: 79.2947
L1 norm: 1e-05
L2 norm: 0
Batch size: 16
Clipping: 0
Learning rate: 0.01
data size: 5120
init: 0.2
seed: 5

================================================================================

nonoverlappingCNN_relu -> fcnn_decreasing_sigmoid

Student Model Parameters:
layers.0.weight: [[-0.20437703  0.1348671  -0.16872895 ... -0.09301721  0.10030869
  -0.17468661]
 [-0.00891042 -0.0054648  -0.06301317 ... -0.00543964 -0.00340758
  -0.03297931]
 [ 0.25131142 -0.17114727  0.1747707  ...  0.09950096 -0.10020961
   0.12408511]
 ...
 [ 0.01561489  0.05732676  0.04158968 ... -0.05679103  0.05453328
  -0.02395537]
 [-0.09166765  0.09220516 -0.06279241 ... -0.07130716  0.03498923
  -0.07825962]
 [ 0.02252678 -0.05049258  0.00078586 ...  0.15006915 -0.07190361
   0.08093345]]
layers.1.weight: [[-0.00021676  0.00639395 -0.0114979  ...  0.00819894  0.02840877
   0.00874127]
 [ 0.15074368  0.0379948  -0.15671471 ... -0.01961387  0.07953174
  -0.11083572]
 [ 0.02524891  0.00425423 -0.0139769  ... -0.02424539  0.01318924
  -0.02346837]
 ...
 [ 0.03948266  0.         -0.01820026 ... -0.03636103  0.02255523
   0.04386105]
 [ 0.05828678  0.02620651 -0.03732073 ... -0.03709659  0.00591759
   0.01357083]
 [ 0.03460293  0.01673993 -0.03435948 ... -0.01215218  0.0252116
   0.00384986]]
layers.2.weight: [[ 0.7457127   5.1862426   1.3960763   0.776012   -2.015533    1.2961404
  -2.517107    0.36973736  0.14696558 -1.9937509   3.3379884  -2.8414197
   1.1975421  -4.948898    1.8304467   0.19589773  3.4320219   3.2430506
   4.072567    1.0838343   1.8931985  -0.7639253   2.9186132  -2.5698667
   0.83102554  2.6959105  -0.9070936  -3.1740894   1.1044884   3.5358756
   1.7383891   0.9462303 ]]

Final Loss: 3.2133
Distance Metric: 52.7771
L1 norm: 1e-05
L2 norm: 0
Batch size: 16
Clipping: 0
Learning rate: 0.01
data size: 5120
init: 0.2
seed: 5

================================================================================

nonoverlappingCNN_relu -> fcnn_decreasing_relu

Student Model Parameters:
layers.0.weight: [[-4.3310641e-04  6.1394474e-03  3.5830513e-03 ... -1.0268888e-01
   1.3074033e-01 -3.9402630e-02]
 [-3.2264221e-02  2.3018137e-02 -7.8920061e-03 ... -2.8236723e-02
   5.8162559e-02 -1.0243068e-02]
 [ 6.2868011e-01 -6.6220015e-01  1.8442173e-01 ... -3.7246883e-02
   5.7314034e-03  2.3833524e-02]
 ...
 [ 2.1247469e-02  3.3347640e-02  3.5425752e-02 ...  2.1800524e-02
  -4.6965171e-02  1.4584309e-02]
 [-2.4109813e-03  6.6309079e-04  3.2559573e-04 ...  4.3706801e-03
   6.9078733e-04  8.7719120e-04]
 [-1.0668703e-03  1.5986849e-02  7.8661554e-03 ... -8.9107435e-03
   3.8144919e-03 -3.4485632e-03]]
layers.1.weight: [[ 0.05320023  0.0643067  -0.07994039 ... -0.03538082 -0.06369095
   0.04389213]
 [-0.06713986  0.03987888 -0.04390087 ...  0.01531381  0.02776653
  -0.05140673]
 [ 0.13784611  0.08335092 -0.02110208 ...  0.04238915  0.04635451
  -0.03190386]
 ...
 [ 0.06214999  0.         -0.03977901 ... -0.02202022 -0.07222225
   0.11057963]
 [-0.10362723 -0.01781034 -0.13521174 ...  0.09629589  0.00568329
  -0.0445259 ]
 [ 0.07338203 -0.00761166  0.0469458  ...  0.02203442 -0.00371856
  -0.02001019]]
layers.2.weight: [[ 0.06677935 -0.19234298 -0.0436849  -0.83797866 -0.13067879 -0.05197971
   0.5354874   0.47346228 -0.29740208 -0.23466308 -0.37321004  0.5489805
  -0.15868692  0.44393876 -0.44469005 -0.05933603  0.41126764  0.05735581
  -0.41695914 -0.31847736  0.06754512  0.14758658 -0.6411352   0.13472262
  -0.44429758 -0.10090413  0.05111217 -0.07186761 -0.361834   -0.04403391
   0.15310432 -0.26641455]]

Final Loss: 0.0060
Distance Metric: 17.5210
L1 norm: 1e-05
L2 norm: 0
Batch size: 16
Clipping: 0
Learning rate: 0.01
data size: 5120
init: 0.2
seed: 5

================================================================================

nonoverlappingCNN_relu -> fcnn_decreasing_tanh

Student Model Parameters:
layers.0.weight: [[ 0.13321517 -0.09133615 -0.03291432 ...  0.02073199 -0.04721138
   0.08289301]
 [-0.02592785  0.04808883  0.1213965  ... -0.16923049 -0.07648535
   0.01054593]
 [ 0.20224974 -0.00784811 -0.09315593 ...  0.10565835 -0.01269866
   0.12213592]
 ...
 [ 0.07485955 -0.19493318 -0.05615899 ...  0.00615558 -0.09393014
   0.095907  ]
 [ 0.10349281 -0.04356464 -0.09134461 ...  0.05115471 -0.02812015
  -0.01581736]
 [ 1.7448826   0.90414035  0.10475961 ... -0.3000514  -0.54746205
  -0.7718456 ]]
layers.1.weight: [[ 0.05761236  0.07973718 -0.07999488 ...  0.14958364 -0.04029604
  -0.07315515]
 [-0.01315628  0.05279542  0.02273579 ...  0.00230889 -0.0384516
   0.0339329 ]
 [-0.01695176 -0.11369465 -0.07302816 ... -0.09266656  0.06666672
  -0.12101301]
 ...
 [-0.01360253 -0.01170296  0.02976278 ...  0.0144136   0.05817075
  -0.01543908]
 [-0.04236164 -0.02895775 -0.03213797 ... -0.02951019 -0.00790098
  -0.02480666]
 [-0.04194687  0.00218466 -0.00905195 ...  0.02026236 -0.04208014
   0.00745699]]
layers.2.weight: [[ 4.7580737e-01  8.8262707e-02  8.7326980e-01  1.4964106e-02
  -3.0952153e+00 -2.2024006e-02 -1.0795908e-01  3.0695076e+00
  -6.0382582e-02 -1.4910120e-01  1.0814261e+00 -3.7336576e-01
   1.0928644e+00 -1.3811325e-02 -3.1834181e-02 -5.0014764e-01
   1.8301941e-02  3.0749359e+00 -1.1077479e-02 -2.0109089e-03
  -2.0835936e-02 -4.4045416e-03 -2.1482507e-02  1.3229229e-01
   1.5237173e-01  4.8711296e-02 -2.4952514e-02 -3.6776757e-01
   3.0397975e+00  1.4936218e-01 -1.9109232e-02 -5.7394449e-02]]

Final Loss: 3.3583
Distance Metric: 68.7861
L1 norm: 1e-05
L2 norm: 0
Batch size: 16
Clipping: 0
Learning rate: 0.01
data size: 5120
init: 0.2
seed: 5

================================================================================

nonoverlappingCNN_tanh -> fcnn_decreasing_sigmoid

Student Model Parameters:
layers.0.weight: [[-0.05866706  0.06368703 -0.03900178 ... -0.00316847  0.03544578
   0.0081131 ]
 [ 0.07260966 -0.08784201  0.02465382 ...  0.04663634 -0.03670233
  -0.0231489 ]
 [-0.00959885 -0.01602597 -0.0247311  ...  0.02056617  0.03231231
  -0.00667937]
 ...
 [ 0.09683863 -0.13112447  0.07044547 ...  0.05873242 -0.05400732
   0.05564727]
 [ 0.09598994 -0.09743463  0.03621275 ...  0.02267053 -0.047025
   0.02320309]
 [-0.07965302  0.04411101 -0.04195746 ... -0.0630934   0.03839254
  -0.04725182]]
layers.1.weight: [[ 0.00386239  0.02479101 -0.02297417 ...  0.02341353 -0.0071557
  -0.01726524]
 [-0.07085635  0.02186581 -0.07183208 ...  0.02281844  0.0023633
  -0.06873365]
 [ 0.00091234  0.00869521  0.00176847 ... -0.03787063 -0.00770705
   0.00037973]
 ...
 [ 0.00997928  0.01115301 -0.02180916 ...  0.01505149  0.01688831
   0.01485757]
 [ 0.03971093  0.06418265  0.06558853 ...  0.05351764  0.05224997
   0.07226504]
 [-0.00501369 -0.01827854 -0.00442369 ... -0.0076632  -0.0403448
  -0.05133791]]
layers.2.weight: [[-2.4363925   0.9995795  -1.4449953  -2.1894517  -0.97550344 -1.5550171
  -1.8112711  -1.2769444  -3.3615172  -1.3344373   1.6545699  -0.89302874
  -2.0744967  -1.1748872  -1.6499724   0.21703655 -2.4165506  -0.21230543
  -1.3413135  -1.150465   -1.5541897  -2.2991543   1.3440435   1.8550392
  -1.9970902  -1.214244   -0.9726548  -1.8338145   4.6963434  -2.2414122
  -2.0415156   3.739163  ]]

Final Loss: 0.1844
Distance Metric: 48.0080
L1 norm: 1e-05
L2 norm: 0
Batch size: 16
Clipping: 0
Learning rate: 0.01
data size: 5120
init: 0.2
seed: 5

================================================================================

nonoverlappingCNN_tanh -> fcnn_decreasing_relu

Student Model Parameters:
layers.0.weight: [[-0.18615553  0.18089819 -0.04518924 ... -0.03770905  0.00667759
  -0.02366811]
 [ 0.05015032  0.0291497  -0.12342916 ... -0.03057702  0.08316531
  -0.07237266]
 [ 0.08125076 -0.06054692  0.07979779 ... -0.01231143  0.06887061
  -0.08236123]
 ...
 [-0.0106161   0.06398727  0.1565788  ...  0.023655    0.10448915
   0.07860593]
 [ 0.03715085  0.07612614 -0.07410411 ...  0.09466395 -0.06770196
   0.11201903]
 [-0.02252508  0.07888523 -0.03416563 ...  0.24301128  0.07582061
  -0.01499027]]
layers.1.weight: [[-0.07869751 -0.00216508  0.08328945 ... -0.00238448  0.02835676
   0.00762089]
 [-0.0772542   0.16021463 -0.09848588 ...  0.05653807  0.05527253
   0.01866045]
 [-0.1995949  -0.04971761  0.01477623 ...  0.03061399  0.12215408
   0.06329619]
 ...
 [-0.05379616 -0.04072602 -0.09044576 ...  0.08867854 -0.09525087
   0.09210712]
 [ 0.01006354  0.00407544  0.06714597 ... -0.01457073 -0.14505394
  -0.14046323]
 [-0.0159805  -0.01306451  0.0026161  ...  0.02565409 -0.11085983
   0.03047356]]
layers.2.weight: [[ 0.49761942 -0.68105537 -0.52894926  0.36194167 -0.32064414  0.3176768
  -1.0461442   0.5412821  -0.37344074 -0.5407703   0.63100994  0.4734526
  -1.1288944   0.49477455 -0.5804713  -1.0661147   0.62644565  0.65902114
  -0.36603323  0.45492187  0.25620645 -0.5476289   0.35243845  0.57793033
  -0.39061847  0.5901799  -0.63289094  0.39555487 -0.5315779   0.64816415
   0.6852297   0.6843454 ]]

Final Loss: 0.1816
Distance Metric: 20.6947
L1 norm: 1e-05
L2 norm: 0
Batch size: 16
Clipping: 0
Learning rate: 0.01
data size: 5120
init: 0.2
seed: 5

================================================================================

nonoverlapping_CNN_all_tanh -> fcnn_decreasing_all_tanh

Student Model Parameters:
layers.0.weight: [[ 0.03597096 -0.00832263  0.03953435 ... -0.04672868  0.03579749
   0.02788188]
 [ 0.00061022 -0.04965893 -0.04802366 ...  0.01320051 -0.03200946
  -0.03503336]
 [ 0.04353603  0.02362126 -0.04754611 ...  0.01145595 -0.02335194
  -0.01568672]
 ...
 [ 0.03227261  0.          0.0255867  ...  0.00193247 -0.02345446
  -0.0081402 ]
 [ 0.02853874  0.03133883  0.03729569 ... -0.04061352 -0.03389062
   0.04647885]
 [ 0.01160759  0.04542254 -0.03455033 ...  0.01371676  0.02791584
  -0.04546799]]
layers.1.weight: [[ 0.03638838  0.00305417  0.03956905 ... -0.04631528 -0.00562849
  -0.0394824 ]
 [-0.01386672 -0.04303135 -0.00933433 ...  0.00140111 -0.00826529
  -0.00421801]
 [ 0.04314356 -0.03328587 -0.02204032 ...  0.01364787  0.02357522
  -0.02835389]
 ...
 [ 0.01989951 -0.02745135 -0.00703174 ... -0.03404155  0.04531093
  -0.0023552 ]
 [ 0.00174621 -0.00503598 -0.02253028 ... -0.029502   -0.00677296
  -0.02949705]
 [ 0.04424012 -0.00469738  0.044678   ... -0.02263168 -0.04782815
   0.01125473]]
layers.2.weight: [[-0.05357505  0.10688766 -0.10591985  0.088378   -0.08851942  0.12095892
   0.05864185  0.13317412 -0.10991336 -0.01413569 -0.08092501  0.01538103
   0.08410639  0.12969719 -0.03185878 -0.07720328  0.03481339 -0.10740948
  -0.06663401 -0.07599823  0.01170534 -0.01500816 -0.13056228  0.08228114
   0.00561824 -0.10335091  0.07548688  0.02995094 -0.06277638  0.10639136
  -0.0595097  -0.02297911]]

Final Loss: 0.0028
Distance Metric: 5.4715
L1 norm: 1e-05
L2 norm: 0
Batch size: 16
Clipping: 0
Learning rate: 0.01
data size: 5120
init: 0.2
seed: 5

================================================================================

