Experiment Summary:
================================================================================

Teacher Model Parameters:
layers.0.weight: [[[ 2.59 -2.83  0.87]]]
layers.1.weight: [[[-1.38  1.29]]]
layers.2.weight: [[[ 0.86 -0.84]]]

================================================================================

nonoverlappingCNN_sigmoid -> fcnn_decreasing_sigmoid

Student Model Parameters:
layers.0.weight: [[0. 0. 0. ... 0. 0. 0.]
 [0. 0. 0. ... 0. 0. 0.]
 [0. 0. 0. ... 0. 0. 0.]
 ...
 [0. 0. 0. ... 0. 0. 0.]
 [0. 0. 0. ... 0. 0. 0.]
 [0. 0. 0. ... 0. 0. 0.]]
layers.1.weight: [[0. 0. 0. ... 0. 0. 0.]
 [0. 0. 0. ... 0. 0. 0.]
 [0. 0. 0. ... 0. 0. 0.]
 ...
 [0. 0. 0. ... 0. 0. 0.]
 [0. 0. 0. ... 0. 0. 0.]
 [0. 0. 0. ... 0. 0. 0.]]
layers.2.weight: [[ 0.00274666  0.00274666  0.98570997  0.30733383  0.00274582 -1.7422982
   0.00274513  0.00274592  0.0027452   0.00274655  0.2685503   0.00274614
   0.00274619  0.00274629  0.00274546  0.00274604  0.00274606  0.12546663
   0.00274531  0.00274505  0.00274568  0.0027464   0.00274551  0.00274648
   0.00274673  0.0027468   0.00274548  0.00274605  0.00274673  0.00274647
   0.00274588  0.00274509]]

Final Loss: 0.0003
Distance Metric: 9.9722
L1 norm: 1e-05
L2 norm: 0
Batch size: 16
Clipping: 0
Learning rate: 0.01
data size: 100000
init: 1
seed: 3

================================================================================

nonoverlappingCNN_sigmoid -> fcnn_decreasing_relu

Student Model Parameters:
layers.0.weight: [[ 0.          0.          0.         ...  0.          0.
   0.        ]
 [ 0.          0.          0.         ...  0.          0.
   0.        ]
 [ 0.          0.          0.         ...  0.          0.
   0.        ]
 ...
 [ 0.          0.          0.         ...  0.          0.
   0.        ]
 [ 0.          0.          0.         ...  0.          0.
   0.        ]
 [-0.00224365  0.04138177  0.11244613 ...  0.13364737  0.00053871
   0.01016629]]
layers.1.weight: [[0.         0.         0.         ... 0.         0.         0.        ]
 [0.         0.         0.         ... 0.         0.         0.        ]
 [0.         0.         0.         ... 0.         0.         0.        ]
 ...
 [0.         0.         0.         ... 0.         0.         0.        ]
 [0.         0.         0.         ... 0.         0.         0.10007762]
 [0.         0.         0.         ... 0.         0.         0.        ]]
layers.2.weight: [[0.         0.         0.         0.         0.         0.34533677
  0.         0.         0.         0.         0.38064545 0.
  0.         0.         0.         0.         0.         0.40766743
  0.         0.         0.         0.         0.         0.
  0.         0.         0.         0.31850204 0.         0.
  0.666592   0.        ]]

Final Loss: 0.0110
Distance Metric: 9.1639
L1 norm: 1e-05
L2 norm: 0
Batch size: 16
Clipping: 0
Learning rate: 0.01
data size: 100000
init: 1
seed: 3

================================================================================

nonoverlappingCNN_sigmoid -> fcnn_decreasing_tanh

Student Model Parameters:
layers.0.weight: [[0. 0. 0. ... 0. 0. 0.]
 [0. 0. 0. ... 0. 0. 0.]
 [0. 0. 0. ... 0. 0. 0.]
 ...
 [0. 0. 0. ... 0. 0. 0.]
 [0. 0. 0. ... 0. 0. 0.]
 [0. 0. 0. ... 0. 0. 0.]]
layers.1.weight: [[0. 0. 0. ... 0. 0. 0.]
 [0. 0. 0. ... 0. 0. 0.]
 [0. 0. 0. ... 0. 0. 0.]
 ...
 [0. 0. 0. ... 0. 0. 0.]
 [0. 0. 0. ... 0. 0. 0.]
 [0. 0. 0. ... 0. 0. 0.]]
layers.2.weight: [[0.         0.         0.         0.         0.         0.
  0.         0.         0.         0.         0.         0.
  0.         0.         0.         0.18306717 0.         0.
  0.         0.         0.         0.         0.         0.
  0.         0.         0.         0.         0.         0.
  0.         0.        ]]

Final Loss: 0.2527
Distance Metric: 6.7112
L1 norm: 1e-05
L2 norm: 0
Batch size: 16
Clipping: 0
Learning rate: 0.01
data size: 100000
init: 1
seed: 3

================================================================================

nonoverlappingCNN_relu -> fcnn_decreasing_sigmoid

Student Model Parameters:
layers.0.weight: [[0. 0. 0. ... 0. 0. 0.]
 [0. 0. 0. ... 0. 0. 0.]
 [0. 0. 0. ... 0. 0. 0.]
 ...
 [0. 0. 0. ... 0. 0. 0.]
 [0. 0. 0. ... 0. 0. 0.]
 [0. 0. 0. ... 0. 0. 0.]]
layers.1.weight: [[0. 0. 0. ... 0. 0. 0.]
 [0. 0. 0. ... 0. 0. 0.]
 [0. 0. 0. ... 0. 0. 0.]
 ...
 [0. 0. 0. ... 0. 0. 0.]
 [0. 0. 0. ... 0. 0. 0.]
 [0. 0. 0. ... 0. 0. 0.]]
layers.2.weight: [[ 1.08681284e-04  1.08567932e-04  1.08975335e-04  1.09343622e-04
   1.09871682e-04  1.09893386e-04  1.09303212e-04  1.09806890e-04
   1.09444314e-04  1.09489985e-04  1.10165216e-04  6.41165018e+00
   1.09940804e-04  1.10327135e-04  1.28570147e+01  1.10216031e-04
  -4.89910316e+00  8.27783775e+00  1.09802568e-04 -8.44766712e+00
   1.08665787e-04 -9.32930946e+00  1.09678615e-04  1.09752014e-04
   1.10005916e-04 -1.63131714e+01  1.09269044e-04  1.10265151e-04
   1.09303764e-04  1.09076260e-04  1.09504246e-04  1.09936962e-04]]

Final Loss: 3.2921
Distance Metric: 59.6113
L1 norm: 1e-05
L2 norm: 0
Batch size: 16
Clipping: 0
Learning rate: 0.01
data size: 100000
init: 1
seed: 3

================================================================================

nonoverlappingCNN_relu -> fcnn_decreasing_relu

Student Model Parameters:
layers.0.weight: [[0. 0. 0. ... 0. 0. 0.]
 [0. 0. 0. ... 0. 0. 0.]
 [0. 0. 0. ... 0. 0. 0.]
 ...
 [0. 0. 0. ... 0. 0. 0.]
 [0. 0. 0. ... 0. 0. 0.]
 [0. 0. 0. ... 0. 0. 0.]]
layers.1.weight: [[0. 0. 0. ... 0. 0. 0.]
 [0. 0. 0. ... 0. 0. 0.]
 [0. 0. 0. ... 0. 0. 0.]
 ...
 [0. 0. 0. ... 0. 0. 0.]
 [0. 0. 0. ... 0. 0. 0.]
 [0. 0. 0. ... 0. 0. 0.]]
layers.2.weight: [[ 0.         0.        -1.1744782  0.         0.         0.
   0.         0.         0.         0.         0.         0.
   0.         1.2116997  0.         0.         0.         0.
   0.         0.         0.         0.         0.         0.
   0.         0.         0.         0.         0.         0.
   0.         0.       ]]

Final Loss: 0.0002
Distance Metric: 8.3075
L1 norm: 1e-05
L2 norm: 0
Batch size: 16
Clipping: 0
Learning rate: 0.01
data size: 100000
init: 1
seed: 3

================================================================================

nonoverlappingCNN_relu -> fcnn_decreasing_tanh

Student Model Parameters:
layers.0.weight: [[-0.01081818 -0.2320708   0.31082425 ...  0.07960884 -0.29484192
  -0.07549196]
 [ 0.77230203 -0.7601206   0.12016921 ... -0.46791834  0.5532465
  -0.43035302]
 [ 0.0826498  -0.154231    0.26136258 ... -0.5924791  -0.06097076
  -0.5005294 ]
 ...
 [ 0.          0.          0.         ...  0.          0.
   0.        ]
 [ 0.          0.          0.         ...  0.          0.
   0.        ]
 [ 0.01217905 -0.04197578 -0.00454809 ...  0.01479273 -0.12573394
  -0.01075771]]
layers.1.weight: [[ 0.          0.          0.         ...  0.          0.
   0.        ]
 [-0.07171075  0.02182131  0.31600282 ...  0.          0.
  -0.1541888 ]
 [ 0.          0.          0.         ...  0.          0.
   0.        ]
 ...
 [ 0.          0.          0.         ...  0.          0.
   0.        ]
 [ 0.          0.          0.         ...  0.          0.
   0.        ]
 [ 0.04914656 -0.03773163  0.2408302  ...  0.          0.
   0.00101792]]
layers.2.weight: [[ 0.          0.73263055  0.          0.          0.7129994   0.66826284
   0.1901137   0.          0.          0.19345991  0.         -0.24095564
   0.          0.          0.1713916   0.91701645  0.          0.
   0.          0.          0.          0.          0.06279157  0.
   0.22880188  0.          0.         -1.0415317   0.          0.
   0.         -0.68608254]]

Final Loss: 3.5361
Distance Metric: 48.7194
L1 norm: 1e-05
L2 norm: 0
Batch size: 16
Clipping: 0
Learning rate: 0.01
data size: 100000
init: 1
seed: 3

================================================================================

nonoverlappingCNN_tanh -> fcnn_decreasing_sigmoid

Student Model Parameters:
layers.0.weight: [[0. 0. 0. ... 0. 0. 0.]
 [0. 0. 0. ... 0. 0. 0.]
 [0. 0. 0. ... 0. 0. 0.]
 ...
 [0. 0. 0. ... 0. 0. 0.]
 [0. 0. 0. ... 0. 0. 0.]
 [0. 0. 0. ... 0. 0. 0.]]
layers.1.weight: [[ 0.          0.          0.         ...  0.          0.
   0.        ]
 [ 0.          0.          0.         ...  0.          0.
   0.        ]
 [ 0.          0.          0.         ...  0.          0.
   0.        ]
 ...
 [ 0.          0.          0.         ...  0.          0.
   0.        ]
 [-0.0028997  -0.00289946 -0.0029006  ... -0.00290028 -0.00289924
  -0.00290026]
 [ 0.          0.          0.         ...  0.          0.
   0.        ]]
layers.2.weight: [[  0.07765632   0.07765632   0.07765809   0.07765773   0.07765535
    0.07765732   0.07765952   0.07765534   0.07765771   0.07765643
    0.0776576    0.07765778   0.07765778   0.07765769   0.07765891
    0.0776571   -6.097999     0.07765851   0.07765652   0.07765765
  -10.4428835    0.07765674   3.3547904    0.07765518   0.07765494
    0.07765462   0.0776574    0.0776563    0.07765753   0.07765693
   -6.5321927    0.07765619]]

Final Loss: 0.1865
Distance Metric: 51.4653
L1 norm: 1e-05
L2 norm: 0
Batch size: 16
Clipping: 0
Learning rate: 0.01
data size: 100000
init: 1
seed: 3

================================================================================

nonoverlappingCNN_tanh -> fcnn_decreasing_relu

Student Model Parameters:
layers.0.weight: [[0. 0. 0. ... 0. 0. 0.]
 [0. 0. 0. ... 0. 0. 0.]
 [0. 0. 0. ... 0. 0. 0.]
 ...
 [0. 0. 0. ... 0. 0. 0.]
 [0. 0. 0. ... 0. 0. 0.]
 [0. 0. 0. ... 0. 0. 0.]]
layers.1.weight: [[0. 0. 0. ... 0. 0. 0.]
 [0. 0. 0. ... 0. 0. 0.]
 [0. 0. 0. ... 0. 0. 0.]
 ...
 [0. 0. 0. ... 0. 0. 0.]
 [0. 0. 0. ... 0. 0. 0.]
 [0. 0. 0. ... 0. 0. 0.]]
layers.2.weight: [[-0.49243912 -1.045333    0.          0.          0.1449556  -0.19418755
   0.          0.          0.          0.          0.          0.34911507
   0.35101545  0.         -0.9365633   0.          0.          0.36871192
   0.          0.          0.          0.          0.          0.3289367
   0.         -0.40816697  0.24286436  0.          0.          0.2371626
   0.          0.        ]]

Final Loss: 0.1950
Distance Metric: 13.9622
L1 norm: 1e-05
L2 norm: 0
Batch size: 16
Clipping: 0
Learning rate: 0.01
data size: 100000
init: 1
seed: 3

================================================================================


