Experiment Summary:
================================================================================

Teacher Model Parameters:
layers.0.weight: [[[ 2.59 -2.83  0.87]]]
layers.1.weight: [[[-1.38  1.29]]]
layers.2.weight: [[[ 0.86 -0.84]]]

================================================================================

nonoverlappingCNN_sigmoid -> fcnn_sigmoid

Student Model Parameters:
layers.0.weight: [[0. 0. 0. ... 0. 0. 0.]
 [0. 0. 0. ... 0. 0. 0.]
 [0. 0. 0. ... 0. 0. 0.]
 ...
 [0. 0. 0. ... 0. 0. 0.]
 [0. 0. 0. ... 0. 0. 0.]
 [0. 0. 0. ... 0. 0. 0.]]
layers.1.weight: [[0. 0. 0. ... 0. 0. 0.]
 [0. 0. 0. ... 0. 0. 0.]
 [0. 0. 0. ... 0. 0. 0.]
 ...
 [0. 0. 0. ... 0. 0. 0.]
 [0. 0. 0. ... 0. 0. 0.]
 [0. 0. 0. ... 0. 0. 0.]]
layers.2.weight: [[0.00028029 0.00028035 0.00028048 0.00028075 0.00028049 0.00028085
  0.00028095 0.00028055 0.00028048 0.00028023 0.00028012 0.00028049
  0.00028065 0.00028058 0.00028034 0.00028082 0.00028063 0.00028024
  0.00028036 0.00028042 0.00028096 0.00028014 0.00028036 0.0002803
  0.0002807  0.00028037 0.00028024 0.00028088 0.00028022 0.00028043
  0.00028065 0.00028041 0.00028035 0.0002801  0.00028007 0.00028083
  0.0002806  0.00028089 0.00028029 0.000281   0.00028026 0.00028039
  0.00028084 0.00028041 0.00028066 0.00028047 0.00028033 0.0002804
  0.00028027 0.00028099 0.00028092 0.000281   0.00028084 0.00028102
  0.00028031 0.00028037 0.00028014 0.00028052 0.00028072 0.00028069
  0.00028012 0.00028006 0.0002803  0.00028036 0.00028046 0.00028012
  0.00028015 0.00028081 0.00028069 0.00028092 0.00028094 0.00028034
  0.00028014 0.00028025 0.00028088 0.00028099 0.0002802  0.00028075
  0.00028041 0.00028099 0.0002806  0.00028039 0.00028023 0.00028037
  0.00028036 0.00028009 0.00028102 0.00028095 0.00028082 0.00028067
  0.00028043 0.00028039 0.00028064 0.00028067 0.00028041 0.00028073
  0.00028024 0.00028082 0.00028076 0.00028056 0.00028075 0.00028053
  0.00028086 0.00028073 0.0002805  0.00028047 0.00028007 0.00028026
  0.00028098 0.00028079 0.00028019 0.00028081 0.00028084 0.00028015
  0.00028059 0.00028081 0.00028065 0.0002803  0.00028073 0.00028022
  0.00028084 0.00028029 0.00028034 0.00028093 0.00028077 0.00028068
  0.00028074 0.00028017]]

Final Loss: 0.0026
Distance Metric: 7.0280
L1 norm: 1e-05
L2 norm: 0
Batch size: 16
Clipping: 0
Learning rate: 0.005
data size: 100000
init: 0.2
seed: 1
stopped after epoch: 219

================================================================================

nonoverlappingCNN_sigmoid -> fcnn_relu

Student Model Parameters:
layers.0.weight: [[ 0.          0.          0.         ...  0.          0.
   0.        ]
 [-0.00754911 -0.00943505 -0.00403596 ... -0.03667078 -0.0774421
  -0.01173753]
 [-0.00673182 -0.00250665 -0.02664949 ... -0.00386449  0.00860135
  -0.04211968]
 ...
 [-0.00738868  0.02312302  0.04244484 ... -0.0164236  -0.01185437
   0.03710901]
 [ 0.          0.          0.         ...  0.          0.
   0.        ]
 [ 0.          0.          0.         ...  0.          0.
   0.        ]]
layers.1.weight: [[0. 0. 0. ... 0. 0. 0.]
 [0. 0. 0. ... 0. 0. 0.]
 [0. 0. 0. ... 0. 0. 0.]
 ...
 [0. 0. 0. ... 0. 0. 0.]
 [0. 0. 0. ... 0. 0. 0.]
 [0. 0. 0. ... 0. 0. 0.]]
layers.2.weight: [[0.         0.         0.         0.         0.         0.
  0.         0.         0.         0.         0.         0.
  0.         0.         0.         0.         0.         0.
  0.         0.         0.         0.         0.         0.
  0.         0.         0.         0.         0.         0.
  0.         0.         0.46721926 0.         0.         0.
  0.         0.         0.         0.         0.40898737 0.
  0.         0.         0.         0.         0.         0.
  0.         0.         0.         0.         0.         0.
  0.         0.         0.         0.         0.         0.
  0.         0.         0.         0.         0.         0.
  0.         0.         0.         0.         0.         0.
  0.         0.         0.         0.         0.         0.
  0.         0.         0.41490087 0.         0.         0.
  0.         0.         0.         0.         0.         0.
  0.         0.49522144 0.         0.         0.         0.
  0.         0.         0.         0.         0.         0.
  0.         0.         0.40979022 0.         0.41528526 0.
  0.         0.         0.         0.         0.         0.
  0.         0.         0.         0.         0.         0.
  0.         0.         0.         0.         0.9166675  0.
  0.         0.        ]]

Final Loss: 0.0110
Distance Metric: 9.3874
L1 norm: 1e-05
L2 norm: 0
Batch size: 16
Clipping: 0
Learning rate: 0.005
data size: 100000
init: 0.2
seed: 1
stopped after epoch: 639

================================================================================

nonoverlappingCNN_sigmoid -> fcnn_tanh

Student Model Parameters:
layers.0.weight: [[ 0.          0.          0.         ...  0.          0.
   0.        ]
 [ 0.          0.          0.         ...  0.          0.
   0.        ]
 [ 0.          0.          0.         ...  0.          0.
   0.        ]
 ...
 [ 0.          0.          0.         ...  0.          0.
   0.        ]
 [ 0.06272128 -0.06127267 -0.03892316 ... -0.12306099  0.33050394
  -0.15474372]
 [ 0.          0.          0.         ...  0.          0.
   0.        ]]
layers.1.weight: [[0. 0. 0. ... 0. 0. 0.]
 [0. 0. 0. ... 0. 0. 0.]
 [0. 0. 0. ... 0. 0. 0.]
 ...
 [0. 0. 0. ... 0. 0. 0.]
 [0. 0. 0. ... 0. 0. 0.]
 [0. 0. 0. ... 0. 0. 0.]]
layers.2.weight: [[0.         0.         0.         0.         0.         0.
  0.         0.         0.         0.         0.         0.
  0.         0.         0.         0.         0.         0.
  0.         0.         0.         0.         0.         0.
  0.         0.         0.         0.         0.         0.
  0.         0.         0.         0.         0.         0.
  0.         0.         0.         0.         0.         0.
  0.         0.         0.         0.         0.         0.
  0.         0.         0.         0.         0.         0.
  0.         0.         0.         0.         0.         0.
  0.         0.         0.         0.         0.         0.
  0.         0.         0.         0.         0.         0.
  0.         0.         0.         0.         0.         0.
  0.         0.         0.         0.         0.         0.
  0.         0.         0.         0.         0.         0.
  0.         0.         0.         0.         0.         0.
  0.         0.21165015 0.         0.         0.         0.
  0.         0.         0.         0.         0.         0.
  0.         0.         0.         0.         0.         0.
  0.         0.         0.         0.         0.         0.
  0.         0.         0.         0.         0.         0.
  0.         0.        ]]

Final Loss: 0.2526
Distance Metric: 6.2673
L1 norm: 1e-05
L2 norm: 0
Batch size: 16
Clipping: 0
Learning rate: 0.005
data size: 100000
init: 0.2
seed: 1
stopped after epoch: 335

================================================================================

nonoverlappingCNN_relu -> fcnn_sigmoid

Student Model Parameters:
layers.0.weight: [[0. 0. 0. ... 0. 0. 0.]
 [0. 0. 0. ... 0. 0. 0.]
 [0. 0. 0. ... 0. 0. 0.]
 ...
 [0. 0. 0. ... 0. 0. 0.]
 [0. 0. 0. ... 0. 0. 0.]
 [0. 0. 0. ... 0. 0. 0.]]
layers.1.weight: [[0.         0.         0.         ... 0.         0.         0.        ]
 [0.         0.         0.         ... 0.         0.         0.        ]
 [0.         0.         0.         ... 0.         0.         0.        ]
 ...
 [0.         0.         0.         ... 0.         0.         0.        ]
 [0.         0.         0.         ... 0.         0.         0.        ]
 [0.00019264 0.00019274 0.00019298 ... 0.00019245 0.00019265 0.00019299]]
layers.2.weight: [[  0.         0.         0.         0.         0.         0.
    0.         0.         0.         0.         0.       -17.538622
    0.         0.         0.         0.         0.         0.
    0.         0.         0.         0.         0.         0.
    0.         0.         0.         0.         0.         0.
    0.         0.         0.         0.         0.         0.
    0.         0.         0.         0.         0.         0.
    0.         0.         0.         0.         0.         0.
    0.         0.         0.         0.         0.         0.
    0.         0.         0.         0.         0.         0.
    0.         0.         0.         0.         0.         0.
    0.         0.         0.         0.         0.         4.787968
    0.         0.         0.         0.         0.         0.
    0.         0.         0.        14.918522   0.         0.
    0.         0.         0.         0.         0.         0.
    0.         0.         0.        11.764617   0.         0.
    0.         0.         0.         0.         0.         0.
    0.         0.         0.         0.         0.         0.
    0.         0.         0.         0.         0.         0.
    0.         0.         0.         0.         0.         0.
    0.         0.         0.         0.         0.         0.
    0.         7.96103 ]]

Final Loss: 3.3194
Distance Metric: 66.3893
L1 norm: 1e-05
L2 norm: 0
Batch size: 16
Clipping: 0
Learning rate: 0.005
data size: 100000
init: 0.2
seed: 1
stopped after epoch: 5307

================================================================================

nonoverlappingCNN_relu -> fcnn_relu

Student Model Parameters:
layers.0.weight: [[0. 0. 0. ... 0. 0. 0.]
 [0. 0. 0. ... 0. 0. 0.]
 [0. 0. 0. ... 0. 0. 0.]
 ...
 [0. 0. 0. ... 0. 0. 0.]
 [0. 0. 0. ... 0. 0. 0.]
 [0. 0. 0. ... 0. 0. 0.]]
layers.1.weight: [[0. 0. 0. ... 0. 0. 0.]
 [0. 0. 0. ... 0. 0. 0.]
 [0. 0. 0. ... 0. 0. 0.]
 ...
 [0. 0. 0. ... 0. 0. 0.]
 [0. 0. 0. ... 0. 0. 0.]
 [0. 0. 0. ... 0. 0. 0.]]
layers.2.weight: [[ 0.         0.         0.         0.         0.         0.
   0.         0.         0.         0.         0.         0.
   0.         0.         0.         0.         0.         0.
  -2.3275099  0.         0.         0.         0.         0.
   0.         0.         0.         0.         0.         0.
   0.         0.         0.         0.         0.         0.
   0.         0.         0.         0.         0.         0.
   0.         0.         0.         0.         0.         0.
   0.         0.         0.         0.         0.         0.
   0.         0.         0.         0.         0.         0.
   0.         0.         0.         0.         0.         0.
   0.         2.1464233  0.         0.         0.         0.
   0.         0.         0.         0.         0.         0.
   0.         0.         0.         0.         0.         0.
   0.         0.         0.         0.         0.         0.
   0.         0.         0.         0.         0.         0.
   0.         0.         0.         0.         0.         0.
   0.         0.         0.         0.         0.         0.
   0.         0.         0.         0.         0.         0.
   0.         0.         0.         0.         0.         0.
   0.         0.         0.         0.         0.         0.
   0.         0.       ]]

Final Loss: 0.0002
Distance Metric: 10.8922
L1 norm: 1e-05
L2 norm: 0
Batch size: 16
Clipping: 0
Learning rate: 0.005
data size: 100000
init: 0.2
seed: 1
stopped after epoch: 1003

================================================================================

nonoverlappingCNN_relu -> fcnn_tanh

Student Model Parameters:
layers.0.weight: [[ 2.1878965e-01 -2.3939437e-01 -1.2691054e-01 ...  2.4899924e-01
  -1.3478842e-01 -1.0222600e-02]
 [ 2.5277215e-01 -7.5432479e-02  6.9023203e-03 ...  3.2920444e-01
  -4.1311268e-02  5.3096930e-03]
 [ 2.4360536e-01 -6.6995919e-01  1.3123396e-01 ...  2.9490512e-02
  -2.1736654e-02  1.9497475e-01]
 ...
 [ 0.0000000e+00  0.0000000e+00  0.0000000e+00 ...  0.0000000e+00
   0.0000000e+00  0.0000000e+00]
 [-1.0438341e-01  6.3754752e-02 -6.9141616e-03 ... -2.8852107e-02
   3.5774387e-02  4.4322200e-03]
 [-3.8753415e-03 -1.3168054e-03 -5.7541078e-04 ... -8.6757004e-02
   1.0572915e-01 -9.0287654e-03]]
layers.1.weight: [[ 0.          0.          0.         ...  0.          0.
   0.        ]
 [ 0.          0.          0.         ...  0.          0.
   0.        ]
 [ 0.          0.          0.         ...  0.          0.
   0.        ]
 ...
 [ 0.          0.          0.         ...  0.          0.
   0.        ]
 [ 0.          0.          0.         ...  0.          0.
   0.        ]
 [ 0.5860147  -0.00216433 -0.13286299 ...  0.          0.00606385
   0.00275854]]
layers.2.weight: [[ 0.          0.          0.          0.44259986  0.          0.
   0.          0.          0.          0.          0.          0.
   0.          0.          0.          0.          0.          0.
   0.          0.          0.          0.          0.          0.
   0.          0.          0.          0.          0.         -0.463084
   0.          0.          0.          0.          0.          0.
   0.          0.          0.          0.          0.          0.
   0.          0.          0.          0.          0.          0.
   0.          0.          0.          0.          0.          0.
   0.          0.          0.          0.          0.          0.
   0.44240993  0.          0.          0.          0.          0.
   0.          0.          0.          0.          0.          0.
   0.          0.          0.          0.49253932  0.          0.
   0.          0.          0.          0.          0.          0.
   0.          0.          0.          0.          0.          0.
   0.         -1.9304241   0.          0.          0.          0.
   0.          0.          0.          0.          0.          0.
   0.          0.          0.48897716  0.          0.          0.
   0.          0.          0.          0.          0.          0.
  -1.9380744   0.          0.          0.          0.          0.
   0.          0.          0.          0.          0.          0.
   0.         -0.4336449 ]]

Final Loss: 3.5589
Distance Metric: 37.2740
L1 norm: 1e-05
L2 norm: 0
Batch size: 16
Clipping: 0
Learning rate: 0.005
data size: 100000
init: 0.2
seed: 1
stopped after epoch: 769

================================================================================

nonoverlappingCNN_tanh -> fcnn_sigmoid

Student Model Parameters:
layers.0.weight: [[0. 0. 0. ... 0. 0. 0.]
 [0. 0. 0. ... 0. 0. 0.]
 [0. 0. 0. ... 0. 0. 0.]
 ...
 [0. 0. 0. ... 0. 0. 0.]
 [0. 0. 0. ... 0. 0. 0.]
 [0. 0. 0. ... 0. 0. 0.]]
layers.1.weight: [[0. 0. 0. ... 0. 0. 0.]
 [0. 0. 0. ... 0. 0. 0.]
 [0. 0. 0. ... 0. 0. 0.]
 ...
 [0. 0. 0. ... 0. 0. 0.]
 [0. 0. 0. ... 0. 0. 0.]
 [0. 0. 0. ... 0. 0. 0.]]
layers.2.weight: [[-0.04654142 -0.05724549 -0.09405084 -0.06247188 -0.09536364 -0.12649845
  -0.08503061 -0.04806983 -0.08732072 -0.08862805 -0.08367388 -0.05515933
  -0.05913536 -0.08148251 -0.13347842 -0.1336744  -0.11276183 -0.06295987
  -0.09934729 -0.05099548 -0.0905287  -0.07921445 -0.12229775 -0.1112464
  -0.06403258 -0.08824237 -0.1174015  -0.10463548 -0.0438196  -0.06125832
  -0.08869933 -0.12431492 -0.07222185 -0.09440017 -0.08994505 -0.09462441
  -0.06320897 -0.1045395  -0.05334851 -0.11168096 -0.04100769 -0.09844801
  -0.09744342 -0.13514996 -0.12772568 -0.12860897 -0.10026883 -0.06628115
  -0.03428863 -0.11745089 -0.07054116 -0.07959904 -0.113491   -0.1081546
  -0.13290694 -0.12322983 -0.04448639 -0.12537208 -0.10541097 -0.04774681
  -0.1265722  -0.10098256 -0.10962554 -0.12960842 -0.06221271 -0.05835144
  -0.05653816 -0.13456033 -0.04310362 -0.09115256 -0.10168996 -0.04641534
  -0.06222185 -0.0746378  -0.08434725 -0.08994953 -0.06493957 -0.05134923
  -0.13041219 -0.1343631  -0.08879186 -0.07342017 -0.08553881 -0.06607249
  -0.08621839 -0.08646419 -0.04997668 -0.06434939 -0.09453167 -0.12124091
  -0.06248767 -0.12703912 -0.12516247 -0.05794174 -0.10349653 -0.07995717
  -0.11219221 -0.05988128 -0.11712358 -0.08225797 -0.05184763 -0.10637494
  -0.13228695 -0.07639498 -0.10863381 -0.04920879 -0.08136958 -0.05417544
  -0.11238834 -0.12372915 -0.10388226 -0.08148479 -0.07586978 -0.08245363
  -0.0952921  -0.11214819 -0.053689   -0.11821434 -0.05628031 -0.07780972
  -0.12265359 -0.06956479 -0.09507337 -0.10775831 -0.09030215 -0.11843906
  -0.04349474 -0.13281251]]

Final Loss: 0.3687
Distance Metric: 8.0049
L1 norm: 1e-05
L2 norm: 0
Batch size: 16
Clipping: 0
Learning rate: 0.005
data size: 100000
init: 0.2
seed: 1
stopped after epoch: 220

================================================================================

nonoverlappingCNN_tanh -> fcnn_relu

Student Model Parameters:
layers.0.weight: [[ 0.          0.          0.         ...  0.          0.
   0.        ]
 [ 0.00411424 -0.07711561  0.12035738 ... -0.00339156  0.00167681
   0.2001016 ]
 [ 0.          0.          0.         ...  0.          0.
   0.        ]
 ...
 [ 0.          0.          0.         ...  0.          0.
   0.        ]
 [ 0.05423427  0.04353692 -0.0076609  ... -0.27749202  0.2787065
  -0.0385039 ]
 [ 0.          0.          0.         ...  0.          0.
   0.        ]]
layers.1.weight: [[ 0.          0.          0.         ...  0.          0.
   0.        ]
 [ 0.          0.          0.         ...  0.          0.
   0.        ]
 [ 0.          0.          0.         ...  0.          0.
   0.        ]
 ...
 [ 0.          0.          0.         ...  0.          0.
   0.        ]
 [ 0.          0.          0.         ...  0.          0.
   0.        ]
 [ 0.          0.00428486  0.         ...  0.         -0.00172573
   0.        ]]
layers.2.weight: [[ 0.          0.          0.          0.          0.          0.
   0.          0.          0.          0.          0.          0.
   0.          0.          0.          0.          0.          0.4587934
  -0.6254581   0.          0.          0.          0.          0.
   0.          0.         -1.3957037   0.          0.          0.
   0.          0.          0.30822927  0.          0.          0.
   0.          0.          0.          0.          0.          0.
   0.          0.          0.          0.          0.          0.
   0.          0.          0.          0.          0.          0.
   0.          0.          0.          0.          0.          0.
   0.          0.          0.          0.          0.          0.
   0.5013722   0.          0.         -0.8880871   0.          0.
   0.          0.          0.          0.          0.          0.
   0.         -1.1226838   0.          0.          0.          0.
   0.46805328  0.50951165  0.          0.          0.          0.
  -0.39347973  0.         -0.9987786   0.26503703  0.          0.
   0.          0.          0.          0.          0.          0.
   0.          0.          0.          0.          0.36963728  0.
   0.          0.          0.          0.38435796  0.         -1.2165127
   0.          0.          0.          0.          0.          0.
   0.          0.          0.          0.          0.          0.
   0.         -0.524621  ]]

Final Loss: 0.1945
Distance Metric: 13.8544
L1 norm: 1e-05
L2 norm: 0
Batch size: 16
Clipping: 0
Learning rate: 0.005
data size: 100000
init: 0.2
seed: 1
stopped after epoch: 605

================================================================================

nonoverlappingCNN_tanh -> fcnn_tanh

Student Model Parameters:
layers.0.weight: [[ 0.          0.          0.         ...  0.          0.
   0.        ]
 [ 0.          0.          0.         ...  0.          0.
   0.        ]
 [ 0.          0.          0.         ...  0.          0.
   0.        ]
 ...
 [ 0.          0.          0.         ...  0.          0.
   0.        ]
 [ 0.00059366 -0.00054371  0.00012396 ...  0.0011952  -0.00114378
   0.00020732]
 [ 0.          0.          0.         ...  0.          0.
   0.        ]]
layers.1.weight: [[0. 0. 0. ... 0. 0. 0.]
 [0. 0. 0. ... 0. 0. 0.]
 [0. 0. 0. ... 0. 0. 0.]
 ...
 [0. 0. 0. ... 0. 0. 0.]
 [0. 0. 0. ... 0. 0. 0.]
 [0. 0. 0. ... 0. 0. 0.]]
layers.2.weight: [[ 0.          0.          0.          0.          0.84187686  0.
   0.          0.          0.          0.          0.          0.
   0.          0.          0.          0.          0.          0.
   0.          0.          0.          0.          0.          0.
   0.         -0.861657    0.          0.          0.          0.
   0.          0.          0.          0.          0.          0.
   0.          0.          0.          0.          0.          0.
   0.          0.          0.          0.          0.          0.
   0.          0.          0.          0.          0.          0.
   0.          0.          0.          0.          0.          0.
   0.          0.          0.          0.          0.          0.
   0.          0.          0.          0.          0.          0.
   0.          0.          0.          0.          0.          0.
   0.          0.          0.          0.          0.          0.
   0.          0.          0.          0.          0.          0.
   0.          0.          0.          0.          0.          0.
   0.          0.          0.          0.          0.          0.
   0.          0.          0.          0.          0.          0.
   0.          0.          0.          0.          0.          0.
   0.          0.          0.          0.          0.          0.
   0.          0.          0.          0.          0.          0.
   0.          0.        ]]

Final Loss: 0.0003
Distance Metric: 8.6706
L1 norm: 1e-05
L2 norm: 0
Batch size: 16
Clipping: 0
Learning rate: 0.005
data size: 100000
init: 0.2
seed: 1
stopped after epoch: 758

================================================================================

