Experiment Summary:
================================================================================

Teacher Model Parameters:
layers.0.weight: [[[ 2.59 -2.83  0.87]]]
layers.1.weight: [[[-1.38  1.29]]]
layers.2.weight: [[[ 0.86 -0.84]]]

================================================================================

nonoverlappingCNN_tanh -> fcnn_decreasing_tanh

Student Model Parameters:
layers.0.weight: [[0. 0. 0. ... 0. 0. 0.]
 [0. 0. 0. ... 0. 0. 0.]
 [0. 0. 0. ... 0. 0. 0.]
 ...
 [0. 0. 0. ... 0. 0. 0.]
 [0. 0. 0. ... 0. 0. 0.]
 [0. 0. 0. ... 0. 0. 0.]]
layers.1.weight: [[0. 0. 0. ... 0. 0. 0.]
 [0. 0. 0. ... 0. 0. 0.]
 [0. 0. 0. ... 0. 0. 0.]
 ...
 [0. 0. 0. ... 0. 0. 0.]
 [0. 0. 0. ... 0. 0. 0.]
 [0. 0. 0. ... 0. 0. 0.]]
layers.2.weight: [[ 0.          0.          0.          0.          0.          0.
   0.          0.          0.          0.          0.          0.
   0.48200455 -0.3754531   0.          0.          0.          0.
   0.          0.          0.          0.4637595   0.          0.
   0.          0.          0.          0.          0.          0.
   0.         -0.37400106]]

Final Loss: 0.0004
Distance Metric: 11.5511
L1 norm: 1e-05
L2 norm: 0
Batch size: 16
Clipping: 0

================================================================================

