Experiment Summary:
================================================================================

Teacher Model Parameters:
layers.0.weight: [[[-0.78 -0.12  0.7 ]]

 [[-1.16  0.47  0.05]]

 [[-0.73  1.96 -1.01]]

 [[-0.32  0.21  0.63]]]
layers.1.weight: [[[ 0.    0.04]
  [ 0.68  0.34]
  [ 0.54 -0.22]
  [-0.14 -0.33]]

 [[-0.14  1.59]
  [ 1.48 -0.52]
  [-1.26  0.3 ]
  [-0.4  -1.09]]

 [[-0.71  0.44]
  [-0.02 -0.14]
  [ 0.37 -0.7 ]
  [-0.83 -0.38]]

 [[ 0.89 -0.48]
  [-0.27 -0.81]
  [ 1.76 -0.41]
  [ 0.15  0.49]]]
layers.2.weight: [[[-0.54  0.16]
  [-0.74 -0.46]
  [ 0.08  0.18]
  [-0.22  0.81]]]

================================================================================

multiChannelCNN_sigmoid -> fcn_256_32_sigmoid

Student Model Parameters:
layers.0.weight: [[ 0.02027567 -0.00123115 -0.0027376  ...  0.01620567 -0.00837851
   0.0025512 ]
 [ 0.00027393  0.          0.         ...  0.00021697 -0.00012232
   0.        ]
 [ 0.05438367 -0.00337531 -0.00731778 ...  0.04329465 -0.0224632
   0.00687932]
 ...
 [ 0.0074418  -0.00046417 -0.00101397 ...  0.00597883 -0.0030748
   0.00094038]
 [ 0.04047097 -0.00247775 -0.00544608 ...  0.03232725 -0.01670736
   0.00514418]
 [-0.00922305  0.00053257  0.00125826 ... -0.00739937  0.00381934
  -0.00115357]]
layers.1.weight: [[-0.006989   -0.00010388 -0.01856087 ... -0.00257611 -0.01385454
   0.00314854]
 [-0.00129816  0.         -0.00350053 ... -0.00050773 -0.00257838
   0.00055141]
 [ 0.00214018  0.          0.00572768 ...  0.0007361   0.00424539
  -0.00102849]
 ...
 [-0.0030269   0.         -0.00809105 ... -0.00113609 -0.00603321
   0.00136639]
 [ 0.00535766  0.          0.01432568 ...  0.00193727  0.01066048
  -0.00245825]
 [-0.00683807 -0.00013736 -0.0182129  ... -0.00252806 -0.01357158
   0.00304904]]
layers.2.weight: [[-0.37120384 -0.06885885  0.11472948  0.3426646  -0.47489068 -0.12269027
  -0.18019463 -0.15493956 -0.37984437  0.30771357  0.2353631  -0.27202737
   0.01122259 -0.08765633 -0.16998248  0.10948808 -0.0203044   0.180158
   0.17715172 -0.49003744 -0.32336465  0.33794665  0.579789    0.406875
   0.02260298 -0.06296121 -0.16113536 -0.37320176  0.13801984 -0.16157414
   0.28568995 -0.36347735]]

Final Loss: 0.0001
Distance Metric: 8.4952
L1 norm: 0
L2 norm: 1e-05
Batch size: 16
Clipping: 0
Learning rate: 0.005
data size: 100000
init: 1
seed: 4
stopped after epoch: 921

================================================================================

multiChannelCNN_sigmoid -> fcn_256_32_relu

Student Model Parameters:
layers.0.weight: [[ 0.01486063  0.05512634  0.03648826 ...  0.04328167  0.04973982
  -0.00848662]
 [-0.00808892  0.04419174 -0.09502559 ... -0.00489826 -0.13142751
   0.05014706]
 [ 0.03531826  0.04667472  0.01953818 ... -0.02871894  0.01088971
   0.05831901]
 ...
 [-0.0837868  -0.08294984 -0.13512993 ... -0.05752805  0.03466634
   0.00792846]
 [ 0.05438688 -0.02173521  0.01231005 ...  0.05212912  0.0290014
   0.00186381]
 [ 0.06792033  0.04552713  0.01435652 ...  0.03172977 -0.03074369
   0.06079224]]
layers.1.weight: [[-0.00220391  0.02729579  0.01560528 ...  0.02869347  0.00781722
  -0.00909317]
 [-0.01860171 -0.04552589  0.0330927  ...  0.02911708 -0.02502297
  -0.03133902]
 [-0.0349969  -0.06930925 -0.04232117 ... -0.01254231  0.02212645
  -0.05735999]
 ...
 [ 0.03146717 -0.01078766 -0.05118898 ... -0.00414791 -0.00565407
   0.01207715]
 [ 0.00529502  0.00057216  0.0281931  ... -0.02798082  0.02940414
   0.02904478]
 [-0.00248126  0.04357589  0.02065011 ...  0.01016608 -0.06171818
  -0.00792432]]
layers.2.weight: [[ 0.30983302 -0.45101315  0.4242669  -0.4344155  -0.48685437  0.3513623
  -0.44467396  0.34625712  0.34732118 -0.37419242 -0.44798717  0.21900706
   0.30391926  0.45475924 -0.4322685   0.39150807  0.5008053   0.32132187
   0.27656215 -0.4094235  -0.46216157 -0.4464704   0.4386052  -0.45924413
   0.40341312  0.30711403  0.31457874 -0.46037877  0.32584485  0.31508845
   0.34198153 -0.41673684]]

Final Loss: 0.0065
Distance Metric: 14.8888
L1 norm: 0
L2 norm: 1e-05
Batch size: 16
Clipping: 0
Learning rate: 0.005
data size: 100000
init: 1
seed: 4
stopped after epoch: 1950

================================================================================

multiChannelCNN_sigmoid -> fcn_256_32_tanh

Student Model Parameters:
layers.0.weight: [[ 0.00118179 -0.00037897 -0.00258252 ... -0.00150892  0.00018539
   0.00273836]
 [ 0.00037563  0.         -0.0011137  ... -0.00070715  0.
   0.00095957]
 [ 0.00013021  0.         -0.00018508 ...  0.          0.
   0.00017454]
 ...
 [-0.00015338  0.00013012  0.00079729 ...  0.00054819  0.00010337
  -0.00068666]
 [ 0.00016806 -0.00031018 -0.00106747 ... -0.00081244 -0.00012762
   0.0009885 ]
 [-0.0005891   0.00030375  0.00234374 ...  0.00153635  0.00021348
  -0.00208512]]
layers.1.weight: [[ 0.00090205  0.          0.00028558 ... -0.00094866  0.00058506
   0.00044449]
 [ 0.00234786  0.0008598   0.         ... -0.00082416  0.00133972
  -0.00224676]
 [-0.00016442  0.00017468  0.0008442  ... -0.00027899  0.00085534
  -0.00027785]
 ...
 [ 0.00065542 -0.00014864 -0.00077444 ... -0.00031149 -0.00070922
   0.00092187]
 [-0.00044576 -0.00015172 -0.00063033 ... -0.0007534  -0.00061553
  -0.00053922]
 [-0.00021405  0.00066726 -0.00031663 ... -0.00070581  0.00021255
   0.00019455]]
layers.2.weight: [[-0.00576949 -0.14211942  0.00032399 -0.00716672  0.00043867 -0.00066773
   0.00090085  0.00233748 -0.00852741 -0.00285113  0.00220391  0.00181432
  -0.00583905 -0.00608622 -0.00156622 -0.00141986 -0.00042177 -0.00323058
   0.00313951  0.00472937 -0.00288514  0.00789905  0.0043634  -0.00522929
   0.00459045 -0.00389403  0.00228471 -0.0041106   0.00535078  0.00132066
   0.00537275  0.00465534]]

Final Loss: 0.1669
Distance Metric: 9.3039
L1 norm: 0
L2 norm: 1e-05
Batch size: 16
Clipping: 0
Learning rate: 0.005
data size: 100000
init: 1
seed: 4
stopped after epoch: 584

================================================================================

multiChannelCNN_relu -> fcn_256_32_sigmoid

Student Model Parameters:
layers.0.weight: [[ 0.         -0.0003944   0.00037672 ...  0.00048856  0.00028903
  -0.00063296]
 [ 0.00147175 -0.04099209  0.00805613 ...  0.04104235  0.01537581
  -0.03490996]
 [ 0.00108834 -0.05546558  0.01120888 ...  0.05357771  0.01938291
  -0.0468878 ]
 ...
 [-0.00084053  0.03529542 -0.00730679 ... -0.03498942 -0.01362438
   0.02947948]
 [ 0.00153629 -0.03820886  0.00770712 ...  0.03814308  0.01462931
  -0.0322705 ]
 [ 0.01572879  0.1573989  -0.01892108 ... -0.11063915 -0.02284961
   0.11100052]]
layers.1.weight: [[-8.3858165e-04 -4.0758468e-02 -5.4173138e-02 ...  3.4793518e-02
  -3.7984353e-02  1.1891115e-01]
 [-7.2343316e-04 -2.4145458e-02 -3.1563334e-02 ...  1.9963063e-02
  -2.2362167e-02  6.8760730e-02]
 [-5.8971148e-04 -3.9521992e-02 -5.2469257e-02 ...  3.3979081e-02
  -3.6855701e-02  1.1530475e-01]
 ...
 [-1.0219549e-04 -1.4022291e-02 -1.8392041e-02 ...  1.1652271e-02
  -1.2952287e-02  3.9395604e-02]
 [-4.4758737e-04 -3.1553123e-02 -4.1341916e-02 ...  2.6259663e-02
  -2.9187987e-02  9.0391949e-02]
 [ 0.0000000e+00 -1.6773836e-04 -2.2190204e-04 ... -3.0756477e-04
   0.0000000e+00  2.5447912e-04]]
layers.2.weight: [[-7.8065205e-01 -4.5174351e-01 -7.5783104e-01  4.5027927e-01
  -2.8839305e-01  6.4247525e-01 -6.1183774e-01 -2.0906280e-01
  -1.5062158e-02 -4.7944462e-01 -1.6647393e-01  8.1561290e-02
  -4.1915560e-01  8.4046565e-02  3.5223275e-01 -4.4143564e-01
   6.4811339e-03 -7.9688907e-01 -1.4101913e-04 -4.5123756e-01
  -8.4322304e-01 -5.9725428e-01 -8.0148000e-01  2.3290831e-01
   6.7100137e-02 -4.7973648e-01  2.9599759e-01  4.0146369e-01
   1.3342762e-01 -2.6069665e-01 -5.9411699e-01 -1.5086192e-03]]

Final Loss: 0.0015
Distance Metric: 11.2871
L1 norm: 0
L2 norm: 1e-05
Batch size: 16
Clipping: 0
Learning rate: 0.005
data size: 100000
init: 1
seed: 4
stopped after epoch: 645

================================================================================

multiChannelCNN_relu -> fcn_256_32_relu

Student Model Parameters:
layers.0.weight: [[0. 0. 0. ... 0. 0. 0.]
 [0. 0. 0. ... 0. 0. 0.]
 [0. 0. 0. ... 0. 0. 0.]
 ...
 [0. 0. 0. ... 0. 0. 0.]
 [0. 0. 0. ... 0. 0. 0.]
 [0. 0. 0. ... 0. 0. 0.]]
layers.1.weight: [[0. 0. 0. ... 0. 0. 0.]
 [0. 0. 0. ... 0. 0. 0.]
 [0. 0. 0. ... 0. 0. 0.]
 ...
 [0. 0. 0. ... 0. 0. 0.]
 [0. 0. 0. ... 0. 0. 0.]
 [0. 0. 0. ... 0. 0. 0.]]
layers.2.weight: [[0. 0. 0. 0. 0. 0. 0. 0. 0. 0. 0. 0. 0. 0. 0. 0. 0. 0. 0. 0. 0. 0. 0. 0.
  0. 0. 0. 0. 0. 0. 0. 0.]]

Final Loss: 0.0019
Distance Metric: 8.3183
L1 norm: 0
L2 norm: 1e-05
Batch size: 16
Clipping: 0
Learning rate: 0.005
data size: 100000
init: 1
seed: 4
stopped after epoch: 1349

================================================================================

multiChannelCNN_tanh -> fcn_256_32_sigmoid

Student Model Parameters:
layers.0.weight: [[ 0.02586323  0.02333555 -0.01904822 ... -0.04533444  0.00342848
   0.01127578]
 [ 0.02203689 -0.00343385  0.         ...  0.05576003  0.00963334
  -0.01375739]
 [ 0.0333151   0.          0.00105014 ...  0.0056229  -0.01101039
  -0.00174759]
 ...
 [ 0.00417471 -0.0462005   0.04888671 ...  0.05515019 -0.04711884
  -0.01558903]
 [-0.00102157 -0.04362048  0.04516319 ...  0.04798415 -0.04270416
  -0.01290024]
 [-0.00532517 -0.03523748  0.03605696 ...  0.02931678 -0.03596376
  -0.0064104 ]]
layers.1.weight: [[ 0.03662014  0.006844   -0.02181765 ... -0.15374152 -0.14068323
  -0.11401597]
 [-0.00411185  0.00806729  0.00525    ...  0.01351711  0.01143559
   0.0074918 ]
 [ 0.00356761 -0.00755362 -0.00498362 ... -0.01258134 -0.01068087
  -0.00707471]
 ...
 [-0.00526389  0.01034492  0.00665226 ...  0.01717507  0.0145379
   0.00952389]
 [-0.00651658  0.01279528  0.00809998 ...  0.02101286  0.0177998
   0.01165984]
 [ 0.00279651 -0.00625734 -0.00418633 ... -0.01039635 -0.00883972
  -0.00589218]]
layers.2.weight: [[-8.5141611e+00  5.6589592e-01 -5.0930208e-01 -5.6465334e-01
   1.8402334e+00 -7.2578710e-01  8.0603313e-01  1.2496633e-01
   9.3385047e-01  6.4146256e-01 -2.4095013e+00 -5.1162004e-01
  -6.1630839e-01 -1.3430040e+00  8.9127767e-01  7.5815839e-01
   3.6710793e-01 -8.3961837e-02 -5.5458555e-03  8.0049938e-01
  -2.2064658e-01 -5.3190000e-02  7.7662665e-01 -2.0111120e+00
  -6.8991625e-01 -2.1368182e-01  6.2410438e-01 -2.0479751e+00
   8.2523960e-01  7.2004247e-01  8.8317907e-01 -4.1500416e-01]]

Final Loss: 0.2843
Distance Metric: 32.7140
L1 norm: 0
L2 norm: 1e-05
Batch size: 16
Clipping: 0
Learning rate: 0.005
data size: 100000
init: 1
seed: 4
stopped after epoch: 1303

================================================================================

multiChannelCNN_relu -> fcn_256_32_tanh

Student Model Parameters:
layers.0.weight: [[-0.00715389 -0.00878396 -0.00929866 ... -0.01134953 -0.01603037
   0.00996615]
 [ 0.02905337  0.01097249  0.01506786 ...  0.00131807  0.05204323
   0.00550866]
 [ 0.00335816  0.00404144  0.00642087 ...  0.0061478   0.01673506
  -0.00526985]
 ...
 [-0.00578069 -0.00474878 -0.00324975 ...  0.00032648 -0.01552281
  -0.00729134]
 [-0.02677016  0.00617492  0.00528198 ... -0.00682683 -0.01281058
   0.00746267]
 [ 0.02023484  0.01607507  0.01643319 ...  0.00969569  0.03964483
   0.00189172]]
layers.1.weight: [[-0.00249214  0.0029292   0.00220475 ...  0.00028914 -0.00437264
   0.00226207]
 [-0.00417421  0.02860194  0.00341814 ... -0.00723789 -0.02303907
   0.01659021]
 [ 0.00732679  0.01309261  0.0033014  ...  0.00110846  0.01980848
  -0.01082744]
 ...
 [ 0.00781325 -0.0081617  -0.00263963 ... -0.00011182  0.01462967
  -0.00794766]
 [ 0.00564206  0.02294289 -0.00105607 ... -0.00674023 -0.0069451
   0.00733395]
 [-0.00054806  0.00044204  0.         ...  0.         -0.00029043
   0.00113045]]
layers.2.weight: [[ 0.00963647  0.24545334 -0.1829469   0.00662739 -0.16917285 -0.17854626
   0.2606615   0.00226282 -0.18106705 -0.1870742  -0.00661522  0.00056061
   0.00776187 -0.00633667  0.1974554  -0.0900662   0.09078738  0.00619242
   0.005367    0.00636712 -0.00594965  0.00117675 -0.15728152  0.22530837
  -0.00434642 -0.0949721  -0.0066969  -0.00566281 -0.00647103 -0.02765908
   0.24471071  0.00276842]]

Final Loss: 0.0463
Distance Metric: 15.9465
L1 norm: 0
L2 norm: 1e-05
Batch size: 16
Clipping: 0
Learning rate: 0.005
data size: 100000
init: 1
seed: 4
stopped after epoch: 593

================================================================================

multiChannelCNN_tanh -> fcn_256_32_relu

Student Model Parameters:
layers.0.weight: [[ 0.          0.00010405  0.         ...  0.          0.
   0.        ]
 [ 0.          0.          0.         ...  0.          0.00010243
   0.        ]
 [ 0.          0.00015909  0.         ...  0.          0.
  -0.00010673]
 ...
 [ 0.          0.          0.         ...  0.          0.
   0.00012315]
 [-0.00010572 -0.00010357  0.         ...  0.00010616  0.
   0.        ]
 [ 0.          0.          0.         ...  0.         -0.00016526
   0.        ]]
layers.1.weight: [[ 0.          0.00016393 -0.00010071 ...  0.          0.
   0.        ]
 [ 0.00020814  0.          0.00014923 ...  0.          0.
   0.00011501]
 [ 0.          0.          0.         ...  0.          0.
   0.00011859]
 ...
 [ 0.          0.          0.00027202 ...  0.          0.
  -0.00015401]
 [ 0.00011833  0.         -0.00013777 ...  0.          0.00012802
   0.00025934]
 [-0.00017864  0.         -0.0001155  ... -0.00014935 -0.00010469
   0.        ]]
layers.2.weight: [[ 0.00066403 -0.00048933  0.00028308 -0.00013036  0.         -0.00020159
  -0.00122028  0.00147312 -0.00012325 -0.00027108 -0.00052378 -0.001341
   0.          0.          0.          0.00123851  0.00100457 -0.00039882
  -0.00032074 -0.0003044  -0.00154115  0.00112604 -0.00170617  0.00132399
  -0.00191425 -0.00020573  0.00134846 -0.0001896  -0.00016163  0.
   0.00108525  0.        ]]

Final Loss: 0.5983
Distance Metric: 7.5028
L1 norm: 0
L2 norm: 1e-05
Batch size: 16
Clipping: 0
Learning rate: 0.005
data size: 100000
init: 1
seed: 4
stopped after epoch: 799

================================================================================

multiChannelCNN_tanh -> fcn_256_32_tanh

Student Model Parameters:
layers.0.weight: [[ 5.2100480e-01 -1.3290285e-01 -2.3360579e-01 ...  3.7890614e-03
  -4.3304889e-03  1.0473007e-02]
 [ 9.7256835e-04 -4.3438622e-04  6.9236843e-04 ...  5.1991702e-03
  -9.1998326e-03 -7.3364521e-03]
 [ 2.3723568e-04 -3.6209839e-04 -1.9556393e-04 ... -2.8754043e-04
  -3.7265333e-04  0.0000000e+00]
 ...
 [-1.7625509e-03 -1.3197814e-03  4.2455634e-03 ...  1.9005662e-02
   8.6606676e-03 -3.0250628e-03]
 [ 0.0000000e+00  3.8162866e-04 -4.9109018e-04 ...  2.2093004e-03
  -4.7799080e-04  1.4165889e-03]
 [ 2.3594178e-04 -4.0979631e-04  0.0000000e+00 ...  8.2945088e-03
  -1.2724469e-03  4.8130873e-04]]
layers.1.weight: [[-1.4260726e-01  3.8908711e-03  1.0480841e-03 ... -5.0148019e-03
  -3.4169020e-04  9.3025580e-04]
 [ 7.5641237e-03  1.4885097e-04  0.0000000e+00 ...  1.5140501e-04
   0.0000000e+00  0.0000000e+00]
 [-3.2411763e-03 -8.0908770e-03  0.0000000e+00 ... -3.3595830e-02
  -1.6565098e-03 -1.1599185e-02]
 ...
 [-5.3098700e-03  1.1600023e-02  3.9126439e-04 ...  3.0390469e-03
   2.1320048e-03  7.1163327e-03]
 [ 3.1307698e-03  0.0000000e+00  0.0000000e+00 ...  0.0000000e+00
   0.0000000e+00  0.0000000e+00]
 [ 2.8629258e-01  1.7554509e-03  0.0000000e+00 ...  1.7281789e-02
  -1.4351548e-03  1.9875609e-03]]
layers.2.weight: [[ 0.9615703  -0.04478065 -1.112046    0.03135737  0.0314962   0.02935651
   0.01809282 -0.05619495  0.03657928 -0.00962974 -0.45985037 -0.670082
   0.24670988  0.00362137 -0.08554812  0.04616774  0.0374134   0.03063753
  -0.02653229 -0.09631564 -0.15295713 -0.01353679  0.05303558  0.03246173
   0.80691844 -0.03446618 -0.01647544 -0.00132796  0.01958288 -0.5183687
  -0.01873915  0.83333343]]

Final Loss: 0.0003
Distance Metric: 5.7196
L1 norm: 0
L2 norm: 1e-05
Batch size: 16
Clipping: 0
Learning rate: 0.005
data size: 100000
init: 1
seed: 4
stopped after epoch: 1482

================================================================================

