Experiment Summary:
================================================================================

Teacher Model Parameters:
layers.0.weight: [[[ 2.59 -2.83  0.87]]]
layers.1.weight: [[[-1.38  1.29]]]
layers.2.weight: [[[ 0.86 -0.84]]]

================================================================================

nonoverlappingCNN_relu -> fcnn_decreasing_relu

Student Model Parameters:
layers.0.weight: [[ 3.96511972e-01 -7.55608618e-01 -4.76679742e-01 ... -1.58617389e-03
  -3.52089345e-01 -1.88671649e-04]
 [ 0.00000000e+00  4.07997012e-01  3.66556257e-01 ...  3.69488180e-01
   5.84982157e-01 -1.09393060e-01]
 [-2.40852796e-02  0.00000000e+00  0.00000000e+00 ...  0.00000000e+00
   0.00000000e+00  0.00000000e+00]
 ...
 [-3.15791927e-02  1.66351587e-01  1.01515770e-01 ...  8.02028924e-02
   0.00000000e+00 -5.08534815e-03]
 [ 0.00000000e+00  0.00000000e+00  1.34899318e-01 ...  0.00000000e+00
  -1.62869439e-01 -9.19786170e-02]
 [-1.01547426e-04 -3.28198861e-04  2.55334657e-04 ...  3.97481141e-04
  -1.80800945e-01  1.64322235e-04]]
layers.1.weight: [[ 7.55865767e-04 -5.61083071e-02  2.20722912e-04 ...  1.00397365e-03
   2.86932831e-04  0.00000000e+00]
 [ 0.00000000e+00  0.00000000e+00  0.00000000e+00 ...  0.00000000e+00
   0.00000000e+00  0.00000000e+00]
 [-4.30405326e-03 -3.22174877e-02 -1.08954839e-04 ...  1.44260979e-04
   0.00000000e+00  3.56818922e-02]
 ...
 [ 0.00000000e+00  0.00000000e+00  0.00000000e+00 ...  0.00000000e+00
   0.00000000e+00  0.00000000e+00]
 [ 1.42749459e-01 -1.48980385e-02  1.71378037e-04 ... -4.66486849e-02
  -8.78164172e-03  0.00000000e+00]
 [ 0.00000000e+00  0.00000000e+00  0.00000000e+00 ...  0.00000000e+00
   0.00000000e+00  0.00000000e+00]]
layers.2.weight: [[-0.569594    0.04041414  0.52929205 -0.10018598  0.74541306  0.8257432
   0.05003646 -0.3647068  -0.6627125   0.6267372  -0.16759028  0.3375543
   0.          0.69911104  0.57496053 -0.4783371  -0.5551075   0.7594215
  -1.0861056   0.61383104 -0.9991652  -0.64459884  0.58776724  0.
   0.37936813 -0.0299429  -0.0634369   0.54473454 -0.64373136  0.
   1.1096605   0.        ]]

Final Loss: 0.0029
Distance Metric: 21.6633
L1 norm: 5e-06
L2 norm: 0
Batch size: 16
Clipping: 0

================================================================================

nonoverlappingCNN_tanh -> fcnn_decreasing_tanh

Student Model Parameters:
layers.0.weight: [[0. 0. 0. ... 0. 0. 0.]
 [0. 0. 0. ... 0. 0. 0.]
 [0. 0. 0. ... 0. 0. 0.]
 ...
 [0. 0. 0. ... 0. 0. 0.]
 [0. 0. 0. ... 0. 0. 0.]
 [0. 0. 0. ... 0. 0. 0.]]
layers.1.weight: [[0. 0. 0. ... 0. 0. 0.]
 [0. 0. 0. ... 0. 0. 0.]
 [0. 0. 0. ... 0. 0. 0.]
 ...
 [0. 0. 0. ... 0. 0. 0.]
 [0. 0. 0. ... 0. 0. 0.]
 [0. 0. 0. ... 0. 0. 0.]]
layers.2.weight: [[ 0.          0.          0.          0.35692114  0.          0.
   0.          0.48224196  0.          0.          0.          0.
   0.          0.          0.          0.          0.          0.
   0.          0.          0.         -0.3882002   0.          0.
   0.          0.47048604  0.          0.          0.          0.
   0.          0.        ]]

Final Loss: 0.0002
Distance Metric: 11.2427
L1 norm: 5e-06
L2 norm: 0
Batch size: 16
Clipping: 0

================================================================================

nonoverlappingCNN_sigmoid -> fcnn_decreasing_sigmoid

Student Model Parameters:
layers.0.weight: [[0. 0. 0. ... 0. 0. 0.]
 [0. 0. 0. ... 0. 0. 0.]
 [0. 0. 0. ... 0. 0. 0.]
 ...
 [0. 0. 0. ... 0. 0. 0.]
 [0. 0. 0. ... 0. 0. 0.]
 [0. 0. 0. ... 0. 0. 0.]]
layers.1.weight: [[0. 0. 0. ... 0. 0. 0.]
 [0. 0. 0. ... 0. 0. 0.]
 [0. 0. 0. ... 0. 0. 0.]
 ...
 [0. 0. 0. ... 0. 0. 0.]
 [0. 0. 0. ... 0. 0. 0.]
 [0. 0. 0. ... 0. 0. 0.]]
layers.2.weight: [[ 3.5204022e-04  3.5204674e-04 -1.8874910e+00  3.5195868e-04
   3.5220571e-04  3.5241459e-04  3.5226822e-04  8.9859851e-02
   3.5204543e-04  1.6412409e-01  3.5235539e-04  3.5221237e-04
   3.5235635e-04  3.5210897e-04  5.8092066e-04  3.5222014e-04
   3.5220571e-04  2.9988529e-02  3.5224436e-04  3.5227343e-04
   6.6053420e-02  3.5229334e-04  6.2308258e-01  3.5230015e-04
   3.5202960e-04  1.5002267e-01  3.5194552e-04  3.5217617e-04
   4.9926755e-01  1.8212432e-01  3.5229995e-04  7.7391632e-02]]

Final Loss: 0.0001
Distance Metric: 10.6098
L1 norm: 5e-06
L2 norm: 0
Batch size: 16
Clipping: 0

================================================================================

