Experiment Summary:
================================================================================

Teacher Model Parameters:
layers.0.weight: [[[-0.78 -0.12  0.7 ]]

 [[-1.16  0.47  0.05]]

 [[-0.73  1.96 -1.01]]

 [[-0.32  0.21  0.63]]]
layers.1.weight: [[[ 0.    0.04]
  [ 0.68  0.34]
  [ 0.54 -0.22]
  [-0.14 -0.33]]

 [[-0.14  1.59]
  [ 1.48 -0.52]
  [-1.26  0.3 ]
  [-0.4  -1.09]]

 [[-0.71  0.44]
  [-0.02 -0.14]
  [ 0.37 -0.7 ]
  [-0.83 -0.38]]

 [[ 0.89 -0.48]
  [-0.27 -0.81]
  [ 1.76 -0.41]
  [ 0.15  0.49]]]
layers.2.weight: [[[-0.54  0.16]
  [-0.74 -0.46]
  [ 0.08  0.18]
  [-0.22  0.81]]]

================================================================================

multiChannelCNN_sigmoid -> fcn_256_32_sigmoid

Student Model Parameters:
layers.0.weight: [[0. 0. 0. ... 0. 0. 0.]
 [0. 0. 0. ... 0. 0. 0.]
 [0. 0. 0. ... 0. 0. 0.]
 ...
 [0. 0. 0. ... 0. 0. 0.]
 [0. 0. 0. ... 0. 0. 0.]
 [0. 0. 0. ... 0. 0. 0.]]
layers.1.weight: [[0. 0. 0. ... 0. 0. 0.]
 [0. 0. 0. ... 0. 0. 0.]
 [0. 0. 0. ... 0. 0. 0.]
 ...
 [0. 0. 0. ... 0. 0. 0.]
 [0. 0. 0. ... 0. 0. 0.]
 [0. 0. 0. ... 0. 0. 0.]]
layers.2.weight: [[ 0.          0.          0.          0.          0.          0.
   0.          0.          0.          0.          0.         -1.6635467
   0.          0.61372834  0.          0.          0.          0.
   0.          0.          0.          0.          0.032892    0.
   0.          0.          0.          0.          0.          0.
   0.          0.        ]]

Final Loss: 0.0001
Distance Metric: 8.3529
L1 norm: 1e-05
L2 norm: 0
Batch size: 16
Clipping: 0
Learning rate: 0.005
data size: 100000
init: 1
seed: 1
stopped after epoch: 1848

================================================================================

multiChannelCNN_sigmoid -> fcn_256_32_relu

Student Model Parameters:
layers.0.weight: [[ 0.          0.          0.         ...  0.          0.
   0.        ]
 [ 0.          0.          0.         ...  0.          0.
   0.        ]
 [ 0.          0.          0.         ...  0.          0.
   0.        ]
 ...
 [ 0.          0.          0.         ...  0.          0.
   0.        ]
 [ 0.01829661 -0.00302001  0.01138282 ...  0.05310579  0.05208803
   0.02469614]
 [ 0.          0.          0.         ...  0.          0.
   0.        ]]
layers.1.weight: [[0.         0.         0.         ... 0.         0.         0.        ]
 [0.         0.         0.         ... 0.         0.         0.        ]
 [0.         0.         0.         ... 0.         0.00039431 0.        ]
 ...
 [0.         0.         0.         ... 0.         0.         0.        ]
 [0.         0.         0.         ... 0.         0.         0.        ]
 [0.         0.         0.         ... 0.         0.         0.        ]]
layers.2.weight: [[0.         0.         0.48209313 0.55508864 0.         0.65950507
  0.         0.         0.         0.         0.         0.
  0.         0.         0.         0.         0.         0.
  0.         0.         0.         1.1179905  0.52430356 0.
  0.         0.         0.         0.         0.         0.
  0.         0.        ]]

Final Loss: 0.0073
Distance Metric: 10.3723
L1 norm: 1e-05
L2 norm: 0
Batch size: 16
Clipping: 0
Learning rate: 0.005
data size: 100000
init: 1
seed: 1
stopped after epoch: 1181

================================================================================

multiChannelCNN_sigmoid -> fcn_256_32_tanh

Student Model Parameters:
layers.0.weight: [[0. 0. 0. ... 0. 0. 0.]
 [0. 0. 0. ... 0. 0. 0.]
 [0. 0. 0. ... 0. 0. 0.]
 ...
 [0. 0. 0. ... 0. 0. 0.]
 [0. 0. 0. ... 0. 0. 0.]
 [0. 0. 0. ... 0. 0. 0.]]
layers.1.weight: [[0. 0. 0. ... 0. 0. 0.]
 [0. 0. 0. ... 0. 0. 0.]
 [0. 0. 0. ... 0. 0. 0.]
 ...
 [0. 0. 0. ... 0. 0. 0.]
 [0. 0. 0. ... 0. 0. 0.]
 [0. 0. 0. ... 0. 0. 0.]]
layers.2.weight: [[ 0.          0.          0.          0.          0.          0.
   0.          0.          0.          0.          0.          0.
   0.          0.          0.         -0.20297293  0.          0.
   0.          0.          0.          0.          0.          0.
   0.          0.          0.          0.          0.          0.
   0.          0.        ]]

Final Loss: 0.1671
Distance Metric: 6.9239
L1 norm: 1e-05
L2 norm: 0
Batch size: 16
Clipping: 0
Learning rate: 0.005
data size: 100000
init: 1
seed: 1
stopped after epoch: 364

================================================================================

multiChannelCNN_relu -> fcn_256_32_sigmoid

Student Model Parameters:
layers.0.weight: [[0. 0. 0. ... 0. 0. 0.]
 [0. 0. 0. ... 0. 0. 0.]
 [0. 0. 0. ... 0. 0. 0.]
 ...
 [0. 0. 0. ... 0. 0. 0.]
 [0. 0. 0. ... 0. 0. 0.]
 [0. 0. 0. ... 0. 0. 0.]]
layers.1.weight: [[0. 0. 0. ... 0. 0. 0.]
 [0. 0. 0. ... 0. 0. 0.]
 [0. 0. 0. ... 0. 0. 0.]
 ...
 [0. 0. 0. ... 0. 0. 0.]
 [0. 0. 0. ... 0. 0. 0.]
 [0. 0. 0. ... 0. 0. 0.]]
layers.2.weight: [[-1.4034619e-04 -1.4063729e-04 -1.4013820e-04 -1.4027592e-04
  -1.4098854e-04 -1.4037498e-04  3.5549045e+00 -1.4029206e-04
  -1.4061345e-04 -1.4052175e-04 -1.4066957e-04 -1.4098464e-04
   1.0057106e+01  1.3765737e+01  7.1386027e+00 -1.4095291e-04
  -1.4007106e-04 -8.3498116e+00 -1.4041110e-04 -1.4043275e-04
  -1.1954472e+01 -1.4005696e-04 -1.4067817e-04 -5.4907374e+00
  -1.4087556e-04  9.3775177e+00 -1.4007252e-04 -1.4013817e-04
  -1.4019359e-04 -1.4061954e-04 -1.4099016e-04 -1.4048802e-04]]

Final Loss: 2.1166
Distance Metric: 60.2267
L1 norm: 1e-05
L2 norm: 0
Batch size: 16
Clipping: 0
Learning rate: 0.005
data size: 100000
init: 1
seed: 1
stopped after epoch: 4095

================================================================================

multiChannelCNN_tanh -> fcn_256_32_sigmoid

Student Model Parameters:
layers.0.weight: [[0. 0. 0. ... 0. 0. 0.]
 [0. 0. 0. ... 0. 0. 0.]
 [0. 0. 0. ... 0. 0. 0.]
 ...
 [0. 0. 0. ... 0. 0. 0.]
 [0. 0. 0. ... 0. 0. 0.]
 [0. 0. 0. ... 0. 0. 0.]]
layers.1.weight: [[0. 0. 0. ... 0. 0. 0.]
 [0. 0. 0. ... 0. 0. 0.]
 [0. 0. 0. ... 0. 0. 0.]
 ...
 [0. 0. 0. ... 0. 0. 0.]
 [0. 0. 0. ... 0. 0. 0.]
 [0. 0. 0. ... 0. 0. 0.]]
layers.2.weight: [[  0.           0.           0.           0.           5.7250056
    0.           0.           0.           0.           0.
    0.           0.         -16.127274     0.           0.
    0.           0.           0.           0.           0.
    0.           0.          -3.6664016    0.           0.
    0.           0.          -7.760512     0.           0.31367674
    0.           0.        ]]

Final Loss: 0.1950
Distance Metric: 46.2841
L1 norm: 1e-05
L2 norm: 0
Batch size: 16
Clipping: 0
Learning rate: 0.005
data size: 100000
init: 1
seed: 1
stopped after epoch: 2918

================================================================================

multiChannelCNN_tanh -> fcn_256_32_relu

Student Model Parameters:
layers.0.weight: [[ 0.          0.          0.         ...  0.          0.
   0.        ]
 [ 0.0076089  -0.01860361 -0.03345526 ... -0.00622505  0.00017921
  -0.02135781]
 [ 0.          0.          0.         ...  0.          0.
   0.        ]
 ...
 [-0.00648197  0.04497955  0.0782823  ... -0.06683736 -0.00093437
  -0.00148617]
 [-0.01235107  0.00332844  0.00165719 ...  0.05226936 -0.0767444
  -0.07482469]
 [ 0.          0.          0.         ...  0.          0.
   0.        ]]
layers.1.weight: [[ 0.          0.          0.         ...  0.          0.
   0.        ]
 [ 0.          0.          0.         ...  0.          0.
   0.        ]
 [ 0.         -0.001358    0.         ...  0.00548606 -0.00480473
   0.        ]
 ...
 [ 0.          0.00019989  0.         ... -0.00208881 -0.07028747
   0.        ]
 [ 0.          0.00101779  0.         ...  0.00174573  0.00323124
   0.        ]
 [ 0.         -0.00023974  0.         ...  0.0027398   0.13148785
   0.        ]]
layers.2.weight: [[ 0.          0.         -0.6766582  -0.83696246  0.694058   -1.3080362
  -1.0200523  -1.0255177   0.65027606  0.          0.          0.58568996
  -0.8447925  -1.2318852   0.         -1.1958871  -1.0244751   0.4670153
   0.          0.         -0.36084375  0.          0.5072502  -0.5235604
   0.70458376 -0.7872448   0.          0.          0.         -0.78956145
  -0.8565256  -0.8616176 ]]

Final Loss: 0.2215
Distance Metric: 11.9581
L1 norm: 1e-05
L2 norm: 0
Batch size: 16
Clipping: 0
Learning rate: 0.005
data size: 100000
init: 1
seed: 1
stopped after epoch: 827

================================================================================

multiChannelCNN_tanh -> fcn_256_32_tanh

Student Model Parameters:
layers.0.weight: [[0. 0. 0. ... 0. 0. 0.]
 [0. 0. 0. ... 0. 0. 0.]
 [0. 0. 0. ... 0. 0. 0.]
 ...
 [0. 0. 0. ... 0. 0. 0.]
 [0. 0. 0. ... 0. 0. 0.]
 [0. 0. 0. ... 0. 0. 0.]]
layers.1.weight: [[0. 0. 0. ... 0. 0. 0.]
 [0. 0. 0. ... 0. 0. 0.]
 [0. 0. 0. ... 0. 0. 0.]
 ...
 [0. 0. 0. ... 0. 0. 0.]
 [0. 0. 0. ... 0. 0. 0.]
 [0. 0. 0. ... 0. 0. 0.]]
layers.2.weight: [[ 0.          0.          0.          0.          0.          0.9583867
   0.38755387  0.          0.          0.          0.          0.
   0.          0.          0.         -0.3828514   0.          0.
   0.          0.         -0.6640386   1.0389208   0.         -0.24048154
   0.          0.          0.          0.          0.          0.
   0.76191074  0.        ]]

Final Loss: 0.0005
Distance Metric: 5.8074
L1 norm: 1e-05
L2 norm: 0
Batch size: 16
Clipping: 0
Learning rate: 0.005
data size: 100000
init: 1
seed: 1
stopped after epoch: 1122

================================================================================

