Experiment Summary:
================================================================================

Teacher Model Parameters:
layers.0.weight: [[[ 0.82254255  0.8930541  -0.93927145]]]
layers.1.weight: [[[-0.6208998  -0.23408467]]]
layers.2.weight: [[[-0.32318804  1.1047553 ]]]

================================================================================

baselineCNN_sigmoid -> fcn_256_32_sigmoid

Student Model Parameters:
layers.0.weight: [[ 0.12442685 -0.09510817 -0.09161209 ...  0.04701788 -0.1452852
   0.02521099]
 [-0.11683864 -0.06655322  0.12820104 ... -0.06838754  0.10041372
   0.03987719]
 [ 0.01399659 -0.00577329  0.07133903 ... -0.10166147  0.04474128
   0.08886544]
 ...
 [-0.12202358 -0.16881962  0.15239297 ...  0.07251238  0.04853962
   0.04287278]
 [ 0.14178884 -0.08740301  0.00108875 ... -0.10217336 -0.07357949
   0.0229249 ]
 [ 0.10482606  0.13104247 -0.00613777 ... -0.1385349  -0.06283796
   0.06765344]]
layers.1.weight: [[-0.11308137 -0.10623442  0.14313056 ... -0.15092129  0.0266211
   0.02672491]
 [ 0.074674   -0.01797377  0.03437699 ...  0.0843185   0.02371943
  -0.14919604]
 [-0.07020652 -0.11495872  0.06015919 ...  0.0837087   0.05651641
  -0.00984717]
 ...
 [ 0.1138741  -0.01623129 -0.11370229 ... -0.02225475  0.12666424
   0.10091858]
 [ 0.07701137 -0.08247437 -0.11927992 ...  0.09079854 -0.04807929
  -0.10845448]
 [ 0.10409714  0.10423583  0.11326592 ...  0.0589749   0.01409206
   0.10551319]]
layers.2.weight: [[ 0.38992167 -0.33007976  0.04935046 -0.35778004  0.43489596 -0.18786637
  -0.29134688  0.34871218 -0.20814441  0.37626892  0.4128446  -0.05888978
   0.12009192  0.18760127 -0.15639211  0.17770131  0.10803696 -0.44965872
   0.29903963  0.25475857  0.31060144 -0.31929386  0.4069612   0.18175511
  -0.30661732  0.0881105  -0.34891775  0.07480078 -0.07711481  0.0631338
  -0.11643058 -0.36778262]]

Final Loss: 0.0000
Distance Metric: 15.5748
L1 norm: 0
L2 norm: 0
Batch size: 16
Clipping: 0
Learning rate: 0.005
data size: 100000
init: 1
seed: 4
stopped after epoch: 1999

================================================================================

baselineCNN_sigmoid -> fcn_256_32_relu

Student Model Parameters:
layers.0.weight: [[ 0.0301448  -0.05024787 -0.07625131 ... -0.03240922  0.00655924
  -0.04505491]
 [ 0.10033093  0.02567337 -0.07428359 ... -0.02104943  0.06714305
   0.05020438]
 [-0.13612233 -0.08873888 -0.05214461 ... -0.04257497 -0.02489442
   0.06703078]
 ...
 [ 0.11593654 -0.20458987  0.06767624 ... -0.04053757 -0.11183906
  -0.00460845]
 [-0.11191558  0.02770283  0.04628033 ... -0.05292327 -0.01198837
  -0.06945017]
 [ 0.04702442  0.04003824 -0.10572156 ...  0.02233448 -0.07126211
  -0.10017221]]
layers.1.weight: [[ 0.19182722 -0.07483751 -0.07368167 ...  0.4072454  -0.28092
   0.11746194]
 [ 0.01922924  0.00512922  0.09160395 ...  0.15584148  0.1669353
   0.12956326]
 [ 0.00950685 -0.03295941  0.10318837 ...  0.10205322  0.04382354
   0.1951105 ]
 ...
 [-0.01806742 -0.22689003 -0.38644046 ... -0.0915802   0.15652391
  -0.12422093]
 [-0.16658928  0.21749014  0.08031331 ... -0.00914782 -0.27934158
  -0.16619544]
 [ 0.12731916  0.3653511   0.35042363 ...  0.30082545 -0.07134405
  -0.17232949]]
layers.2.weight: [[ 0.5244115   0.96467173 -0.1619398  -0.33639157 -1.4794339  -1.4092958
   1.9515357  -2.8211381  -0.5880556  -2.1368191   0.6264185   0.33420137
  -0.98252976 -0.02667382 -0.66116214 -2.1888654  -0.95601696 -1.0000854
   2.498692   -0.30870104  1.8139741  -0.75089115 -0.3104976  -0.55173534
  -1.2378769   0.4142992   0.36910394 -0.8842346   0.7663135  -1.596565
   1.0466933  -1.4486978 ]]

Final Loss: 0.2276
Distance Metric: 35.6015
L1 norm: 0
L2 norm: 0
Batch size: 16
Clipping: 0
Learning rate: 0.005
data size: 100000
init: 1
seed: 4
stopped after epoch: 132

================================================================================

baselineCNN_sigmoid -> fcn_256_32_tanh

Student Model Parameters:
layers.0.weight: [[ 1.0444521e+00 -4.7232599e+00 -1.7011729e+00 ... -2.4465311e+00
  -9.3429446e-01 -3.9505965e-01]
 [ 1.3685429e-01 -6.9242395e-02  1.7001368e-02 ... -5.5199899e-02
   3.4087289e-02 -2.0068327e-02]
 [-1.1938725e-02 -6.7805545e-03  4.8424741e-03 ...  2.1250436e-02
  -6.3465475e-03  5.6105074e-03]
 ...
 [ 5.3102798e-03 -3.4822493e-03  7.3556774e-03 ...  8.7410454e-03
  -6.5293666e-03  8.0223847e-03]
 [ 1.6248593e-02  2.6331199e-02 -6.5315855e-03 ... -2.3422191e-02
  -6.1409827e-03  1.7055545e-02]
 [-2.2654787e-02 -1.5780086e-02  1.0897948e-02 ...  3.9509524e-02
  -9.0411939e-03  7.6026162e-03]]
layers.1.weight: [[-0.01576471 -0.02505431  0.00417225 ... -0.00342914  0.00188058
   0.00751685]
 [-0.03985389  0.01423164  0.00165801 ... -0.00372085  0.01021373
  -0.00642646]
 [ 0.00270457  0.01776272 -0.00912298 ...  0.00559053  0.00955876
  -0.00808824]
 ...
 [ 0.04624061 -0.00276577 -0.00148758 ... -0.00754877 -0.00099944
  -0.00172308]
 [-0.04252042 -0.02482705  0.00268611 ... -0.00623386  0.00427249
  -0.00071652]
 [ 0.04319194  0.01056022 -0.00459795 ...  0.00272622  0.00199276
   0.00579756]]
layers.2.weight: [[-0.02731082  0.05622093  0.02197119 -0.00422645 -0.01639627 -0.02171852
   0.02763846 -0.00962396 -0.01406893  0.01775562  0.0075567   0.01029294
   0.05287779 -0.02055762 -0.03650942  0.01967611  0.03025077 -0.00336298
  -0.22180265  0.00460695  0.00038263 -0.01973109  0.05695511  0.07026958
   0.04139861 -0.00764846 -0.01915486  0.00277211  0.02066237 -0.00904103
   0.0077625   0.01065243]]

Final Loss: 0.5602
Distance Metric: 72.8592
L1 norm: 0
L2 norm: 0
Batch size: 16
Clipping: 0
Learning rate: 0.005
data size: 100000
init: 1
seed: 4
stopped after epoch: 1077

================================================================================

baselineCNN_relu -> fcn_256_32_sigmoid

Student Model Parameters:
layers.0.weight: [[ 0.09050787 -0.0863122  -0.00942391 ...  0.08842827  0.05192913
  -0.14073828]
 [ 0.03342855  0.14599225  0.12269413 ...  0.08308191 -0.12421877
  -0.07012405]
 [ 0.09027102 -0.146218    0.01192363 ...  0.06679399 -0.0632639
   0.14175577]
 ...
 [ 0.02955486 -0.12184843  0.11528431 ...  0.00726453 -0.03405472
   0.08630265]
 [-0.06365813 -0.12469214  0.12229596 ... -0.04201834 -0.09628332
  -0.14842357]
 [ 0.11981506 -0.09250088  0.13294421 ... -0.09677006  0.03521808
   0.07977859]]
layers.1.weight: [[ 0.06160356  0.08328643 -0.1041446  ... -0.03685785 -0.13441482
   0.05855804]
 [ 0.1419277  -0.11262113  0.04582145 ... -0.05880475  0.02443641
   0.14970234]
 [ 0.07814885  0.02572989 -0.00095039 ... -0.00496502 -0.03651486
   0.06110809]
 ...
 [-0.12802826 -0.04416749  0.02765818 ... -0.02038934 -0.01268986
  -0.14040358]
 [ 0.03317195 -0.09066854 -0.10436873 ... -0.06044516 -0.08485168
   0.07176658]
 [-0.01973536  0.0574132  -0.02886324 ...  0.08299553 -0.04148169
  -0.13833709]]
layers.2.weight: [[ 0.02060376 -0.3261878  -0.12500012 -0.13922402 -0.17436303 -0.125
   0.10209017  0.02895194 -0.5         0.10312226  0.16616543 -0.63489014
  -0.92670554 -0.9827016  -0.125      -0.125      -0.125       0.23645438
  -0.08127674 -0.6695996  -0.125       0.07770599 -0.75614166 -0.07362884
  -0.7260539  -0.7273565  -0.8485738  -0.59209317 -0.5         0.02233595
   0.2819637  -0.19220081]]

Final Loss: 0.0000
Distance Metric: 17.0441
L1 norm: 0
L2 norm: 0
Batch size: 16
Clipping: 0
Learning rate: 0.005
data size: 100000
init: 1
seed: 4
stopped after epoch: 1999

================================================================================

baselineCNN_relu -> fcn_256_32_relu

Student Model Parameters:
layers.0.weight: [[-0.10135684  0.05397685 -0.123702   ...  0.10917658 -0.05628343
   0.06641261]
 [-0.2283252  -0.06903072  0.11541739 ...  0.08606154 -0.06881256
  -0.20333524]
 [ 0.04867051  0.17003421 -0.05881964 ... -0.06753813  0.01324662
  -0.1422707 ]
 ...
 [ 0.16466019 -0.21825287 -0.02272229 ... -0.20712413 -0.1352365
  -0.24963722]
 [ 0.02739086  0.04596876  0.05180084 ...  0.12585571 -0.01752611
  -0.05642894]
 [ 0.02674925 -0.05812471 -0.00724453 ... -0.06437775  0.24489641
   0.01369904]]
layers.1.weight: [[-0.09343188 -0.17709322  0.2374836  ...  0.34837142  0.17274132
  -0.2654426 ]
 [-0.4239068  -0.2190253   0.1582836  ...  0.04175885  0.08948378
  -0.03144074]
 [-0.09508801 -0.06349307 -0.02754149 ...  0.06327799  0.164655
   0.03434942]
 ...
 [-0.18597269 -0.20374416  0.04395294 ... -0.02833665  0.16917732
   0.00174839]
 [-0.07810587 -0.18582346  0.07141882 ... -0.3108899   0.39297098
  -0.16348644]
 [ 0.64064074  0.08806034 -0.80502266 ... -0.27587596 -0.11251241
  -0.09941785]]
layers.2.weight: [[-0.08059084  0.40433493  0.5242358  -1.3114609  -1.6394418  -0.70543444
  -1.8740695  -0.94296706  2.5757222  -1.0914433   1.093852   -1.4951495
  -0.4641848   3.2564752   0.63796854 -1.2477409   0.8795834  -0.26569673
   2.165446    0.42491615 -2.0516768  -0.47339898  0.5078021   1.5040957
   1.1177499   0.09688579 -0.25537053  0.14120904  0.8764364  -1.1549162
   2.0509853  -1.1392648 ]]

Final Loss: 0.4515
Distance Metric: 36.7086
L1 norm: 0
L2 norm: 0
Batch size: 16
Clipping: 0
Learning rate: 0.005
data size: 100000
init: 1
seed: 4
stopped after epoch: 189

================================================================================

baselineCNN_relu -> fcn_256_32_tanh

Student Model Parameters:
layers.0.weight: [[ 6.734203   -0.33470938 -0.6538639  ... -8.090429    6.457665
   1.0501779 ]
 [ 0.3057139   7.088731   -1.7128165  ... -2.7158916  -1.0067805
  -0.7199342 ]
 [-5.4654026  -6.3144646  -3.731649   ...  4.749376   -9.866235
  -0.6848475 ]
 ...
 [ 1.9492437   0.428035   -1.5085189  ...  1.027853    5.988286
  -1.3060454 ]
 [-2.011447   -1.2429461  10.3945465  ... -5.477979    0.43642044
  -1.1721369 ]
 [-2.834463   -2.3621318   4.639904   ... -0.6653118  -0.3487673
  -2.509063  ]]
layers.1.weight: [[-1.9741489  -1.6917793   1.8483653  ...  1.1951103  -0.5174766
   1.1012726 ]
 [ 6.677488    1.0737983  -4.492747   ... -4.4125867   2.117246
  -0.09600826]
 [ 0.5669251   1.4882195  -1.3184386  ... -3.5931983  -2.7522373
   1.104933  ]
 ...
 [-0.39246997  2.3715394   1.2511781  ... -4.13946     1.1474111
   1.5219374 ]
 [ 0.51367235  1.5933572  -0.72324437 ...  0.10220948 -3.22711
  -0.32640538]
 [ 0.14333323 -2.2454343   4.767434   ... -0.05097617 -1.31991
   2.0595038 ]]
layers.2.weight: [[ -6.1109734   3.4010582   5.293741    6.1136627  -3.438568   -8.24961
   -5.64452    -7.365608   -7.2351894   3.808781    4.3936386  -6.645619
    7.696919    5.597625   -6.5451064  -2.6338015   2.7095737   5.123682
   -2.9056947  -6.4429803   6.59199     4.691155    9.784644   -8.174064
   -5.838175    5.485513    8.972554   -4.5650663   8.649568  -10.900626
    7.959132    4.4216294]]

Final Loss: 74.4499
Distance Metric: 533.6452
L1 norm: 0
L2 norm: 0
Batch size: 16
Clipping: 0
Learning rate: 0.005
data size: 100000
init: 1
seed: 4
stopped after epoch: 125

================================================================================

baselineCNN_tanh -> fcn_256_32_sigmoid

Student Model Parameters:
layers.0.weight: [[ 0.0763204   0.1042555   0.11762362 ... -0.0798822  -0.32210323
  -0.26090512]
 [ 0.08502605 -0.06275383 -0.07450311 ... -0.06640367 -0.14026843
  -0.07246825]
 [-0.04238227 -0.08513557 -0.09526188 ... -0.6546941  -1.3149381
  -1.4938498 ]
 ...
 [ 0.03161644 -0.13604324  0.0238315  ... -0.02847399  0.0467686
   0.2556909 ]
 [ 0.06840317 -0.01380022  0.18889679 ... -0.04096189  0.0128714
   0.0159614 ]
 [ 0.05127988  0.09720632  0.10089434 ...  0.93066376  1.9680203
   2.2915175 ]]
layers.1.weight: [[ 0.0662491  -0.03376899 -0.15586245 ...  0.06218175 -0.16372728
   0.14746568]
 [ 0.01328241  0.10086795  0.07973145 ... -0.12057811 -0.1638608
   0.04605476]
 [ 0.0491334   0.00447489  0.11956678 ... -0.03388342  0.08116672
  -0.26660538]
 ...
 [-0.01375919  0.07532452 -0.00683981 ... -0.01096973  0.11321539
   0.07203864]
 [ 0.02657204 -0.09776767 -0.26793584 ...  0.0206245  -0.04694268
   0.52937   ]
 [-0.12189355 -0.07358467 -0.20646085 ... -0.12760586  0.11206221
   0.03787944]]
layers.2.weight: [[ 0.7269722  -1.3753709  -0.96637213 -2.9474242  -2.147103   -0.69216156
  -1.0737284   1.3889403   0.8550354   0.35795432 -2.1756792  -1.9778987
   0.512822   -0.44831952 -1.6787496  -2.5492537   0.82905     0.75730634
  -0.23843989  1.6027174  -8.625291   -2.0322592  -1.3779174   1.6904092
   0.8484159  -1.376421    0.17549095  1.0919235  -0.5353541  -0.04898803
  -2.0099516  -1.7022907 ]]

Final Loss: 0.1464
Distance Metric: 49.2875
L1 norm: 0
L2 norm: 0
Batch size: 16
Clipping: 0
Learning rate: 0.005
data size: 100000
init: 1
seed: 4
stopped after epoch: 1999

================================================================================

baselineCNN_tanh -> fcn_256_32_relu

Student Model Parameters:
layers.0.weight: [[ 0.05699079 -0.01930943 -0.04584654 ... -0.03083867  0.00818831
  -0.02104917]
 [ 0.08861095  0.03052231 -0.09577332 ... -0.03415528  0.04098307
   0.04315842]
 [-0.14041653 -0.07445092 -0.08056662 ... -0.05966305 -0.04728675
   0.04996349]
 ...
 [ 0.14127596 -0.22659472  0.06383895 ... -0.02345133 -0.09331675
  -0.06637792]
 [-0.11051788  0.00432237  0.08986578 ... -0.03238953  0.02326741
  -0.05977414]
 [ 0.05960871  0.05750734 -0.1087221  ...  0.0546844  -0.08411496
  -0.09703926]]
layers.1.weight: [[ 0.18973354 -0.0738448  -0.07309355 ...  0.40261525 -0.2851297
   0.11883811]
 [ 0.01109027  0.00634078  0.08676715 ...  0.14657731  0.16217549
   0.12699   ]
 [ 0.01188957 -0.03203381  0.10361225 ...  0.10246963  0.04425826
   0.19526729]
 ...
 [-0.03219878 -0.2335222  -0.38830417 ... -0.08506564  0.15293571
  -0.12695532]
 [-0.17377003  0.21980028  0.07404423 ... -0.02138472 -0.28588223
  -0.17021175]
 [ 0.12453324  0.36063522  0.3530999  ...  0.3007884  -0.063781
  -0.17711267]]
layers.2.weight: [[ 0.50484526  0.9623162  -0.17640513 -0.35790402 -1.4693011  -1.4076355
   1.8834068  -2.8446138  -0.61889464 -2.1392546   0.62055945  0.3307593
  -0.9933877  -0.03364693 -0.65920043 -2.1919837  -0.9670884  -0.9964901
   2.499609   -0.3072802   1.8026223  -0.751833   -0.3025346  -0.5595038
  -1.2432245   0.41680095  0.361428   -0.87828165  0.7328826  -1.6015885
   1.0247471  -1.4549086 ]]

Final Loss: 0.4090
Distance Metric: 37.0668
L1 norm: 0
L2 norm: 0
Batch size: 16
Clipping: 0
Learning rate: 0.005
data size: 100000
init: 1
seed: 4
stopped after epoch: 198

================================================================================

baselineCNN_tanh -> fcn_256_32_tanh

Student Model Parameters:
layers.0.weight: [[-0.04987063  0.05163402  0.13171488 ...  0.03260271  0.05944027
  -0.09346816]
 [-0.0700869   0.13591741  0.03177877 ... -0.07707802 -0.07937608
   0.07818757]
 [ 0.09047599  0.11491643  0.09017634 ...  0.20370662 -0.16331495
   0.0274669 ]
 ...
 [ 0.02385656  0.07926748  0.13225946 ... -0.07010411  0.03315762
   0.08431787]
 [-0.18945353  0.24649872  0.08756122 ... -0.00166886  0.0771866
  -0.19431414]
 [ 0.21995588 -0.14663959  0.05696325 ... -0.12530273  0.07035302
   0.03243278]]
layers.1.weight: [[-0.15768145 -0.00835256 -0.1297274  ...  0.10172854  0.03639841
  -0.21856186]
 [-0.0160646  -0.03058573 -0.01624849 ...  0.1693581   0.15058929
  -0.0145954 ]
 [-0.11423915  0.20919208 -0.18329868 ... -0.14972243 -0.06789991
  -0.03151698]
 ...
 [ 0.21344428 -0.08096753  0.13790268 ...  0.04396684 -0.10492069
  -0.16137253]
 [ 0.15831855  0.1271456  -0.01808682 ... -0.03406144  0.04857644
  -0.20710388]
 [ 0.04641098 -0.0495694   0.06735584 ... -0.08223107  0.02027717
   0.08445264]]
layers.2.weight: [[-8.3369995e-03  5.2218330e-03 -1.7701458e-02 -1.0789128e-03
   4.2457637e-04 -6.1514836e-02 -1.1865565e-02  1.0929824e-01
  -1.0745358e-01 -2.4445288e-02 -1.5287040e-01  4.2813155e-03
  -7.4540615e-02  1.0792268e-02  0.0000000e+00  4.9248402e-04
  -7.7818930e-03 -1.8439567e-02  3.2683123e-02 -2.5197545e-01
   1.1362382e-02 -3.9707150e-02 -1.2121316e-04 -1.5616894e-01
   3.6244900e-03  1.1519529e-03 -6.1074525e-02  7.1108266e-04
   5.8499064e-02  2.0821603e-02  5.5348169e-04  2.6552334e-01]]

Final Loss: 0.0000
Distance Metric: 20.6507
L1 norm: 0
L2 norm: 0
Batch size: 16
Clipping: 0
Learning rate: 0.005
data size: 100000
init: 1
seed: 4
stopped after epoch: 1999

================================================================================

