Experiment Summary:
================================================================================

Teacher Model Parameters:
layers.0.weight: [[[ 2.59 -2.83  0.87]]]
layers.1.weight: [[[-1.38  1.29]]]
layers.2.weight: [[[ 0.86 -0.84]]]

================================================================================

nonoverlappingCNN_relu -> fcnn_decreasing_relu

Student Model Parameters:
layers.0.weight: [[ 0.          0.          0.         ...  0.          0.
   0.        ]
 [ 0.          0.          0.         ...  0.          0.
   0.        ]
 [ 0.          0.          0.         ...  0.          0.
   0.        ]
 ...
 [ 0.72637427 -0.7936608   0.24402863 ...  0.          0.
   0.        ]
 [ 0.          0.          0.         ...  0.          0.
   0.        ]
 [ 0.          0.          0.         ...  0.          0.
   0.        ]]
layers.1.weight: [[0. 0. 0. ... 0. 0. 0.]
 [0. 0. 0. ... 0. 0. 0.]
 [0. 0. 0. ... 0. 0. 0.]
 ...
 [0. 0. 0. ... 0. 0. 0.]
 [0. 0. 0. ... 0. 0. 0.]
 [0. 0. 0. ... 0. 0. 0.]]
layers.2.weight: [[ 0.         0.         0.         0.         0.         0.
   0.         0.         0.         0.         0.         0.
   0.         0.         0.         0.         0.         0.
   0.         0.         0.         0.         0.         0.
   0.         0.         2.727151   0.         0.         0.
   0.        -2.9265716]]

Final Loss: 0.0002
Distance Metric: 12.0408
L1 norm: 1e-05
L2 norm: 0
Batch size: 32
Clipping: 0

================================================================================

nonoverlappingCNN_tanh -> fcnn_decreasing_tanh

Student Model Parameters:
layers.0.weight: [[ 0.0000000e+00  0.0000000e+00  0.0000000e+00 ...  0.0000000e+00
   0.0000000e+00  0.0000000e+00]
 [ 0.0000000e+00  0.0000000e+00  0.0000000e+00 ...  0.0000000e+00
   0.0000000e+00  0.0000000e+00]
 [ 0.0000000e+00  0.0000000e+00  0.0000000e+00 ...  0.0000000e+00
   0.0000000e+00  0.0000000e+00]
 ...
 [ 2.3786013e+00 -2.5986314e+00  7.9896611e-01 ... -8.2097418e-04
   3.6215931e-04 -2.0919400e-04]
 [ 0.0000000e+00  0.0000000e+00  0.0000000e+00 ...  0.0000000e+00
   0.0000000e+00  0.0000000e+00]
 [ 0.0000000e+00  0.0000000e+00  0.0000000e+00 ...  0.0000000e+00
   0.0000000e+00  0.0000000e+00]]
layers.1.weight: [[ 0.          0.          0.         ...  0.          0.
   0.        ]
 [ 0.          0.          0.         ...  0.          0.
   0.        ]
 [ 0.          0.          0.         ... -0.00043893  0.
   0.        ]
 ...
 [ 0.          0.          0.         ...  0.          0.
   0.        ]
 [ 0.          0.          0.         ...  0.          0.
   0.        ]
 [ 0.          0.          0.         ...  0.          0.
   0.        ]]
layers.2.weight: [[ 0.          0.         -0.45855936  0.         -0.48257104  0.
   0.          0.          0.          0.          0.          0.
   0.          0.37914753  0.          0.          0.37650532  0.
   0.          0.          0.          0.          0.          0.
   0.          0.          0.          0.          0.          0.
   0.          0.        ]]

Final Loss: 0.0004
Distance Metric: 11.4311
L1 norm: 1e-05
L2 norm: 0
Batch size: 32
Clipping: 0

================================================================================

nonoverlappingCNN_sigmoid -> fcnn_decreasing_sigmoid

Student Model Parameters:
layers.0.weight: [[0. 0. 0. ... 0. 0. 0.]
 [0. 0. 0. ... 0. 0. 0.]
 [0. 0. 0. ... 0. 0. 0.]
 ...
 [0. 0. 0. ... 0. 0. 0.]
 [0. 0. 0. ... 0. 0. 0.]
 [0. 0. 0. ... 0. 0. 0.]]
layers.1.weight: [[0. 0. 0. ... 0. 0. 0.]
 [0. 0. 0. ... 0. 0. 0.]
 [0. 0. 0. ... 0. 0. 0.]
 ...
 [0. 0. 0. ... 0. 0. 0.]
 [0. 0. 0. ... 0. 0. 0.]
 [0. 0. 0. ... 0. 0. 0.]]
layers.2.weight: [[ 0.         0.         0.         0.         0.         0.
   0.         0.         0.         0.         0.        -1.9410945
   0.         0.         0.         0.         0.         0.
   0.         0.         0.         0.         0.         0.
   0.         0.         0.         0.         0.         0.
   1.346134   0.       ]]

Final Loss: 0.0003
Distance Metric: 10.2411
L1 norm: 1e-05
L2 norm: 0
Batch size: 32
Clipping: 0

================================================================================

