Experiment Summary:
================================================================================

Teacher Model Parameters:
layers.0.weight: [[[-0.78 -0.12  0.7 ]]

 [[-1.16  0.47  0.05]]

 [[-0.73  1.96 -1.01]]

 [[-0.32  0.21  0.63]]]
layers.1.weight: [[[ 0.    0.04]
  [ 0.68  0.34]
  [ 0.54 -0.22]
  [-0.14 -0.33]]

 [[-0.14  1.59]
  [ 1.48 -0.52]
  [-1.26  0.3 ]
  [-0.4  -1.09]]

 [[-0.71  0.44]
  [-0.02 -0.14]
  [ 0.37 -0.7 ]
  [-0.83 -0.38]]

 [[ 0.89 -0.48]
  [-0.27 -0.81]
  [ 1.76 -0.41]
  [ 0.15  0.49]]]
layers.2.weight: [[[-0.54  0.16]
  [-0.74 -0.46]
  [ 0.08  0.18]
  [-0.22  0.81]]]

================================================================================

overlappingCNN_relu -> fcnn_decreasing_relu

Student Model Parameters:
layers.0.weight: [[0. 0. 0. ... 0. 0. 0.]
 [0. 0. 0. ... 0. 0. 0.]
 [0. 0. 0. ... 0. 0. 0.]
 ...
 [0. 0. 0. ... 0. 0. 0.]
 [0. 0. 0. ... 0. 0. 0.]
 [0. 0. 0. ... 0. 0. 0.]]
layers.1.weight: [[0. 0. 0. ... 0. 0. 0.]
 [0. 0. 0. ... 0. 0. 0.]
 [0. 0. 0. ... 0. 0. 0.]
 ...
 [0. 0. 0. ... 0. 0. 0.]
 [0. 0. 0. ... 0. 0. 0.]
 [0. 0. 0. ... 0. 0. 0.]]
layers.2.weight: [[ 0.         0.         0.         1.1694554  0.         0.
   0.        -1.5450746  0.         1.0149446  0.         0.
   0.         2.6790588  0.         0.         0.         0.
  -2.5108068  0.        -2.7576244  0.         0.         0.7964515
   0.         0.         0.         0.         0.        -1.5119336
   0.         0.       ]]

Final Loss: 0.0002
Distance Metric: 12.3709
L1 norm: 5e-06
L2 norm: 0
Batch size: 32
Clipping: 0
Learning rate: 0.005
data size: 8192

================================================================================

overlappingCNN_tanh -> fcnn_decreasing_tanh

Student Model Parameters:
layers.0.weight: [[0. 0. 0. ... 0. 0. 0.]
 [0. 0. 0. ... 0. 0. 0.]
 [0. 0. 0. ... 0. 0. 0.]
 ...
 [0. 0. 0. ... 0. 0. 0.]
 [0. 0. 0. ... 0. 0. 0.]
 [0. 0. 0. ... 0. 0. 0.]]
layers.1.weight: [[0. 0. 0. ... 0. 0. 0.]
 [0. 0. 0. ... 0. 0. 0.]
 [0. 0. 0. ... 0. 0. 0.]
 ...
 [0. 0. 0. ... 0. 0. 0.]
 [0. 0. 0. ... 0. 0. 0.]
 [0. 0. 0. ... 0. 0. 0.]]
layers.2.weight: [[ 0.          0.         -0.46420544  0.          0.          0.
   0.         -0.7654814   0.          0.          0.         -0.2568553
  -0.20779002  0.24394286  0.82219195  0.          0.          0.
   0.          0.          0.          0.          0.          0.
   0.          0.         -0.24530275 -0.54573417  0.          0.
   0.         -0.5128622 ]]

Final Loss: 0.0003
Distance Metric: 8.8835
L1 norm: 5e-06
L2 norm: 0
Batch size: 32
Clipping: 0
Learning rate: 0.005
data size: 8192

================================================================================

overlappingCNN_sigmoid -> fcnn_decreasing_sigmoid

Student Model Parameters:
layers.0.weight: [[0. 0. 0. ... 0. 0. 0.]
 [0. 0. 0. ... 0. 0. 0.]
 [0. 0. 0. ... 0. 0. 0.]
 ...
 [0. 0. 0. ... 0. 0. 0.]
 [0. 0. 0. ... 0. 0. 0.]
 [0. 0. 0. ... 0. 0. 0.]]
layers.1.weight: [[0. 0. 0. ... 0. 0. 0.]
 [0. 0. 0. ... 0. 0. 0.]
 [0. 0. 0. ... 0. 0. 0.]
 ...
 [0. 0. 0. ... 0. 0. 0.]
 [0. 0. 0. ... 0. 0. 0.]
 [0. 0. 0. ... 0. 0. 0.]]
layers.2.weight: [[ 3.1181477e-04  3.1208331e-04  3.1180048e-04  3.1209958e-04
   3.1200200e-04  2.6518187e-01  5.5323813e-02  3.1204868e-04
   3.1208957e-04  3.1199891e-04  3.1173005e-04  3.1205924e-04
   3.1202406e-04  3.1161495e-04  3.1182703e-04  3.1178046e-04
   3.1196693e-04  1.8208043e-01  3.1164699e-04  3.1190115e-04
   3.1190066e-04  6.8707829e-03  3.1197708e-04  1.5254235e-01
  -1.8956393e+00  3.1164868e-04  3.1192560e-04  3.1178686e-04
   3.1198646e-04  3.1165493e-04  3.1185168e-04  1.0099934e-01]]

Final Loss: 0.0001
Distance Metric: 7.7690
L1 norm: 5e-06
L2 norm: 0
Batch size: 32
Clipping: 0
Learning rate: 0.005
data size: 8192

================================================================================

