Experiment Summary:
================================================================================

Teacher Model Parameters:
layers.0.weight: [[[ 2.59 -2.83  0.87]]]
layers.1.weight: [[[-1.38  1.29]]]
layers.2.weight: [[[ 0.86 -0.84]]]

================================================================================

nonoverlappingCNN_relu -> fcnn_decreasing_relu

Student Model Parameters:
layers.0.weight: [[0. 0. 0. ... 0. 0. 0.]
 [0. 0. 0. ... 0. 0. 0.]
 [0. 0. 0. ... 0. 0. 0.]
 ...
 [0. 0. 0. ... 0. 0. 0.]
 [0. 0. 0. ... 0. 0. 0.]
 [0. 0. 0. ... 0. 0. 0.]]
layers.1.weight: [[0. 0. 0. ... 0. 0. 0.]
 [0. 0. 0. ... 0. 0. 0.]
 [0. 0. 0. ... 0. 0. 0.]
 ...
 [0. 0. 0. ... 0. 0. 0.]
 [0. 0. 0. ... 0. 0. 0.]
 [0. 0. 0. ... 0. 0. 0.]]
layers.2.weight: [[ 0.         0.         0.         0.         0.         0.
   0.         0.         0.         0.         0.         0.
   0.         0.         0.         0.         0.         0.
   0.         0.         0.         0.         0.         0.
   0.         0.         0.         0.         2.7872887 -2.8660483
   0.         0.       ]]

Final Loss: 0.0001
Distance Metric: 11.9869
L1 norm: 5e-06
L2 norm: 0
Batch size: 32
Clipping: 0

================================================================================

nonoverlappingCNN_tanh -> fcnn_decreasing_tanh

Student Model Parameters:
layers.0.weight: [[0. 0. 0. ... 0. 0. 0.]
 [0. 0. 0. ... 0. 0. 0.]
 [0. 0. 0. ... 0. 0. 0.]
 ...
 [0. 0. 0. ... 0. 0. 0.]
 [0. 0. 0. ... 0. 0. 0.]
 [0. 0. 0. ... 0. 0. 0.]]
layers.1.weight: [[0. 0. 0. ... 0. 0. 0.]
 [0. 0. 0. ... 0. 0. 0.]
 [0. 0. 0. ... 0. 0. 0.]
 ...
 [0. 0. 0. ... 0. 0. 0.]
 [0. 0. 0. ... 0. 0. 0.]
 [0. 0. 0. ... 0. 0. 0.]]
layers.2.weight: [[ 0.          0.          0.          0.          0.          0.
   0.          0.          0.         -0.32761237  0.          0.
   0.          0.          0.          0.          0.         -0.84126115
   0.          0.          0.53211653  0.          0.          0.
   0.          0.          0.          0.          0.          0.
   0.          0.        ]]

Final Loss: 0.0002
Distance Metric: 10.0604
L1 norm: 5e-06
L2 norm: 0
Batch size: 32
Clipping: 0

================================================================================

nonoverlappingCNN_sigmoid -> fcnn_decreasing_sigmoid

Student Model Parameters:
layers.0.weight: [[0. 0. 0. ... 0. 0. 0.]
 [0. 0. 0. ... 0. 0. 0.]
 [0. 0. 0. ... 0. 0. 0.]
 ...
 [0. 0. 0. ... 0. 0. 0.]
 [0. 0. 0. ... 0. 0. 0.]
 [0. 0. 0. ... 0. 0. 0.]]
layers.1.weight: [[0. 0. 0. ... 0. 0. 0.]
 [0. 0. 0. ... 0. 0. 0.]
 [0. 0. 0. ... 0. 0. 0.]
 ...
 [0. 0. 0. ... 0. 0. 0.]
 [0. 0. 0. ... 0. 0. 0.]
 [0. 0. 0. ... 0. 0. 0.]]
layers.2.weight: [[ 0.          0.          0.          0.          0.          0.
   0.          1.1172707   0.          0.          0.09773324 -2.0485694
   0.          0.          0.          0.21442217  0.          0.
   0.          0.          0.06408069  0.          0.          0.
   0.          0.          0.          0.          0.          0.
   0.3514008   0.        ]]

Final Loss: 0.0001
Distance Metric: 10.5219
L1 norm: 5e-06
L2 norm: 0
Batch size: 32
Clipping: 0

================================================================================

