Experiment Summary:
================================================================================

Teacher Model Parameters:
conv1.weight: [[[ 2.59 -2.83  0.87]]]
conv2.weight: [[[-1.38  1.29]]]
conv3.weight: [[[ 0.86 -0.84]]]

================================================================================

nonoverlapping_CNN_relu -> overlapping_CNN_relu

Student Model Parameters:
conv1.weight: [[[ 1.6772192  -1.8325763   0.5634238 ]]

 [[-1.1877238   1.2214624  -0.40102747]]

 [[-0.41242278  0.45916715 -0.12733129]]

 [[-0.25949964  0.26757357  0.        ]]]
conv2.weight: [[[ 0.         -0.8587765 ]
  [-0.27207485 -0.40672573]
  [ 0.         -0.07121236]
  [ 0.2220235  -0.2677117 ]]

 [[ 0.43955365 -0.44819605]
  [ 0.          0.4537871 ]
  [ 0.23688899  1.1072947 ]
  [-0.469182    0.48981223]]

 [[-1.5281906   1.4286554 ]
  [ 0.         -1.5978043 ]
  [ 0.         -0.6217295 ]
  [ 0.         -0.01480897]]

 [[-0.5047452  -0.38326213]
  [-0.45709822  0.        ]
  [-0.26120386 -0.09407078]
  [ 0.6066258   0.        ]]]
conv3.weight: [[[ 0.11017674  0.29019004]
  [-0.6211157   0.        ]
  [ 1.1991569  -1.1711998 ]
  [-0.07351395  0.5932931 ]]]

Final Loss: 0.0000
Distance Metric: 8.2656
L1 norm: 0
L2 norm: 1e-05
Batch size: 32
Clipping: 0.01

================================================================================

nonoverlapping_CNN_relu -> overlapping_CNN_sigmoid

Student Model Parameters:
conv1.weight: [[[-0.34829518  0.          0.5638435 ]]

 [[ 2.6165104   0.         -2.3473434 ]]

 [[-1.711226    1.7928067  -0.41620678]]

 [[ 0.          0.5896342  -0.75089055]]]
conv2.weight: [[[ 0.37699413 -0.11368366]
  [-0.23805323  0.5095524 ]
  [ 0.09037092  0.23919162]
  [-0.1590719   0.64720166]]

 [[-1.2548023   0.        ]
  [ 0.          1.5572189 ]
  [ 0.          0.        ]
  [-0.6055063  -3.2504234 ]]

 [[ 0.          0.        ]
  [ 0.          2.0035    ]
  [ 3.9512508  -9.745313  ]
  [ 0.         -5.436677  ]]

 [[-0.05391236 -0.09963848]
  [-0.13640882  0.16871706]
  [ 0.26623246 -0.24298921]
  [ 0.18423541  0.61741024]]]
conv3.weight: [[[  0.         0.      ]
  [  0.         0.      ]
  [ 13.088071 -11.819824]
  [  0.         0.      ]]]

Final Loss: 3.5790
Distance Metric: 34.9136
L1 norm: 0
L2 norm: 1e-05
Batch size: 32
Clipping: 0.01

================================================================================

nonoverlapping_CNN_relu -> overlapping_CNN_tanh

Student Model Parameters:
conv1.weight: [[[ 0.          0.9282234   1.0086093 ]]

 [[-0.23568629  0.3524368  -0.07257041]]

 [[-0.68832034  0.45818925  0.2742973 ]]

 [[ 1.0728862   1.5129299  -1.5121019 ]]]
conv2.weight: [[[ 0.          0.        ]
  [-1.0870795  -1.8904601 ]
  [-0.79767793 -0.2972501 ]
  [ 0.          0.        ]]

 [[-0.20509835  0.        ]
  [ 0.         -0.9612521 ]
  [-0.7967381  -0.12695567]
  [-0.26351476 -0.05893418]]

 [[ 0.         -0.22281349]
  [-1.1835865   0.86640275]
  [-1.4653151   0.        ]
  [-0.4183952   0.        ]]

 [[ 0.          0.        ]
  [ 1.0042211  -0.56215316]
  [ 0.          0.        ]
  [-0.2868774   0.        ]]]
conv3.weight: [[[ 1.5717813   0.        ]
  [ 0.42905235 -0.42501497]
  [-1.6703949   0.40700698]
  [ 0.67661643  0.        ]]]

Final Loss: 3.7914
Distance Metric: 9.7413
L1 norm: 0
L2 norm: 1e-05
Batch size: 32
Clipping: 0.01

================================================================================

nonoverlapping_CNN_sigmoid -> overlapping_CNN_relu

Student Model Parameters:
conv1.weight: [[[ 1.2295867   0.          0.        ]]

 [[ 0.         -0.16645795 -1.6509079 ]]

 [[-1.0061579   0.          0.        ]]

 [[ 0.26970443  0.          0.        ]]]
conv2.weight: [[[ 0.9770219   0.        ]
  [-0.391967    0.        ]
  [ 0.638059    0.        ]
  [-1.1398239   0.        ]]

 [[-0.8017143  -0.67839473]
  [ 1.0777346  -0.5681929 ]
  [ 0.          0.        ]
  [-0.26708564 -0.4184944 ]]

 [[ 0.41243178  0.        ]
  [ 0.          0.        ]
  [ 0.68836766 -0.4379579 ]
  [ 0.         -0.40123698]]

 [[ 0.          0.        ]
  [ 0.15272644  0.        ]
  [ 0.          0.4034974 ]
  [ 0.          1.1905994 ]]]
conv3.weight: [[[0.         0.16589646]
  [0.         0.        ]
  [0.21986592 0.        ]
  [0.37755364 0.37794122]]]

Final Loss: 0.0267
Distance Metric: 6.9653
L1 norm: 0
L2 norm: 1e-05
Batch size: 32
Clipping: 0.01

================================================================================

nonoverlapping_CNN_sigmoid -> overlapping_CNN_sigmoid

Student Model Parameters:
conv1.weight: [[[-1.526294   -0.10390592  0.        ]]

 [[ 0.8047036   0.          0.65284747]]

 [[-1.142638    0.          0.        ]]

 [[ 1.2914453  -1.821709    0.        ]]]
conv2.weight: [[[ 0.3975757   0.50726414]
  [-0.1303207   0.34666777]
  [ 0.836482   -0.8618656 ]
  [ 0.04355242 -0.49022827]]

 [[ 0.24991462  0.3979304 ]
  [ 0.09371726  0.06896145]
  [-0.39639756  0.4264359 ]
  [ 0.42735952 -0.70424604]]

 [[-0.36384025 -0.38920057]
  [ 0.49857727 -0.07082915]
  [-0.21541053 -0.09198867]
  [-0.2850777  -0.13824329]]

 [[ 0.         -0.15347755]
  [ 0.          0.        ]
  [ 0.94532275  0.        ]
  [ 0.          0.91168207]]]
conv3.weight: [[[ 0.         0.       ]
  [ 0.         0.       ]
  [ 0.         0.       ]
  [ 1.3385288 -1.3184568]]]

Final Loss: 0.0010
Distance Metric: 7.0345
L1 norm: 0
L2 norm: 1e-05
Batch size: 32
Clipping: 0.01

================================================================================

nonoverlapping_CNN_sigmoid -> overlapping_CNN_tanh

Student Model Parameters:
conv1.weight: [[[ 1.1119823  -0.4099124   1.1955988 ]]

 [[-0.7908969   0.          0.42474395]]

 [[ 1.6799359  -0.72086257  0.        ]]

 [[-0.9677359  -0.05902589  0.574879  ]]]
conv2.weight: [[[-0.5173908   0.9099085 ]
  [-0.29745054  0.18027364]
  [-0.25540313  1.0893518 ]
  [ 0.38322037  0.16349775]]

 [[-0.71975476  1.288178  ]
  [ 0.         -0.40111753]
  [ 0.72242963  0.31175548]
  [ 0.29181865  0.        ]]

 [[ 0.         -0.06212788]
  [-0.36051047 -0.13992932]
  [ 0.8835258   0.20762856]
  [ 0.05229367  0.14281492]]

 [[-0.19672136  0.6273453 ]
  [-0.07193405  0.02997319]
  [ 0.          0.30966142]
  [ 0.          0.        ]]]
conv3.weight: [[[ 0.          0.        ]
  [-0.40389395  0.22627057]
  [ 0.          0.        ]
  [ 0.56084716 -0.30746394]]]

Final Loss: 0.2478
Distance Metric: 7.7078
L1 norm: 0
L2 norm: 1e-05
Batch size: 32
Clipping: 0.01

================================================================================

nonoverlapping_CNN_tanh -> overlapping_CNN_relu

Student Model Parameters:
conv1.weight: [[[ 0.33544567 -1.177188    0.        ]]

 [[-1.2368215   1.259579   -0.31251037]]

 [[ 1.1881549   0.          0.6120348 ]]

 [[ 0.          0.6184771   0.        ]]]
conv2.weight: [[[ 0.22393778  0.        ]
  [ 0.          0.8835452 ]
  [ 0.         -0.095755  ]
  [-0.92100996 -0.16330738]]

 [[ 0.48149058 -0.0613454 ]
  [ 0.          0.78170073]
  [ 0.33510765  0.        ]
  [-0.40429905  0.        ]]

 [[-0.7302952  -0.8318427 ]
  [-0.17051634 -0.18811525]
  [-0.2933453   0.        ]
  [-0.6695384   0.18392849]]

 [[-0.48600128 -0.12676199]
  [-0.26929328 -0.3786978 ]
  [-0.37904555 -0.7055494 ]
  [ 0.89261585 -0.11163848]]]
conv3.weight: [[[ 0.         -0.45142886]
  [-0.7475171   0.76715595]
  [-0.25449926 -0.03069631]
  [ 0.         -0.39364883]]]

Final Loss: 0.2479
Distance Metric: 7.5487
L1 norm: 0
L2 norm: 1e-05
Batch size: 32
Clipping: 0.01

================================================================================

nonoverlapping_CNN_tanh -> overlapping_CNN_sigmoid

Student Model Parameters:
conv1.weight: [[[ 0.          0.         -0.63181394]]

 [[ 3.5400631  -3.6530316   1.7122306 ]]

 [[-2.6006634   2.9859474  -0.8950987 ]]

 [[-4.0854235   4.5429873   0.        ]]]
conv2.weight: [[[ -0.6830429   -0.22284177]
  [  0.5195469    0.02223363]
  [ -0.3791109    0.46473873]
  [  0.          -0.13074292]]

 [[  0.           0.        ]
  [  0.           0.        ]
  [-12.045367     5.320029  ]
  [  0.           2.6049557 ]]

 [[  0.          -2.1568785 ]
  [ -7.3775105    4.356871  ]
  [  1.7812766    0.        ]
  [  2.1822922   -5.269059  ]]

 [[  0.10756534  -0.2168529 ]
  [  0.24216694   0.31208974]
  [ -0.62268126  -0.19763651]
  [ -0.4756348   -0.7517464 ]]]
conv3.weight: [[[ 0.         0.       ]
  [-4.7170615  0.       ]
  [ 0.        -7.25806  ]
  [ 0.         0.       ]]]

Final Loss: 0.2301
Distance Metric: 36.7511
L1 norm: 0
L2 norm: 1e-05
Batch size: 32
Clipping: 0.01

================================================================================

nonoverlapping_CNN_tanh -> overlapping_CNN_tanh

Student Model Parameters:
conv1.weight: [[[ 2.5780141  -2.8167837   0.8658128 ]]

 [[-0.91896874 -0.7382484  -0.2040443 ]]

 [[ 0.37978014  0.          0.        ]]

 [[-0.7412495   0.         -0.15218264]]]
conv2.weight: [[[ 1.3747046  -1.2847744 ]
  [ 0.          0.        ]
  [ 0.          0.        ]
  [ 0.          0.        ]]

 [[-0.8087177  -0.40483257]
  [ 0.17229566  0.23441824]
  [ 0.14783747  0.33658126]
  [-0.52902985  0.64298767]]

 [[ 0.17488162 -0.37879017]
  [ 0.16157392  0.26188377]
  [ 0.65632695  0.        ]
  [ 0.         -0.3110491 ]]

 [[ 0.31889737 -0.26301405]
  [-0.11107525  0.        ]
  [ 0.04666264 -0.50631154]
  [ 0.3112346  -0.67446524]]]
conv3.weight: [[[-0.860395   0.8404996]
  [ 0.         0.       ]
  [ 0.         0.       ]
  [ 0.         0.       ]]]

Final Loss: 0.0000
Distance Metric: 3.3684
L1 norm: 0
L2 norm: 1e-05
Batch size: 32
Clipping: 0.01

================================================================================

