Experiment Summary:
================================================================================

Teacher Model Parameters:
layers.0.weight: [[[ 2.59 -2.83  0.87]]]
layers.1.weight: [[[-1.38  1.29]]]
layers.2.weight: [[[ 0.86 -0.84]]]

================================================================================

nonoverlappingCNN_relu -> fcnn_relu

Student Model Parameters:
layers.0.weight: [[-0.51973975  0.12786406 -0.53057    ...  0.2923993   0.3945579
  -0.20189567]
 [ 0.24040957 -0.3668338  -0.53944886 ...  0.22839156 -0.04435403
  -0.50631195]
 [ 0.2471965  -0.23962583  0.07860426 ... -0.08604864  0.5529512
  -0.11181182]
 ...
 [ 0.38926426  0.41942772  0.51448274 ...  0.2678928   0.34030113
  -0.7912185 ]
 [-0.00684648 -0.48482522 -0.15453906 ...  0.26687548 -0.6470968
  -1.1827399 ]
 [ 0.20503461 -0.22606473 -0.6074079  ...  0.85910815  0.01377874
  -0.4526838 ]]
layers.1.weight: [[ 0.08189604 -0.00937421 -0.04832677 ... -0.02420285  0.01389507
   0.06734609]
 [ 0.         -0.00776715 -0.04345646 ... -0.05137623 -0.17238428
  -0.11975905]
 [-0.03804072  0.0873878  -0.05022991 ... -0.05424535 -0.00674377
  -0.05910278]
 ...
 [ 0.03884843  0.06114495 -0.04573609 ...  0.07821029  0.10492443
   0.010205  ]
 [-0.0674847  -0.01782442 -0.05804277 ...  0.00329989 -0.06632226
   0.00752937]
 [ 0.02524287  0.37071908  0.20616126 ...  0.37735534  0.32793504
   0.11336159]]
layers.2.weight: [[ 8.3292183e-04 -9.3751150e-01 -6.4255124e-01 -2.1278611e-01
  -2.6294327e-01 -1.1134608e+01 -1.9779514e-01 -1.9033907e-01
   3.6918491e-02 -4.0886459e-01 -6.4054936e-01 -1.5593389e+00
  -3.4796838e-02 -2.0201707e-01 -3.3941998e+00  2.2064373e-01
   1.0622326e-01 -8.6878622e-01 -3.5189119e-01 -1.9837202e-01
  -2.0536955e-01 -1.9195814e+00 -2.8743892e+00  0.0000000e+00
  -4.6246128e+00 -6.8781686e-01  1.3337246e-01  3.1373653e-01
  -1.3109143e-01 -5.3977516e-02  7.8446209e-02 -3.8619313e+00]]

Final Loss: 3.5764
Distance Metric: 63.1797
L1 norm: 1e-05
L2 norm: 0
Batch size: 32
Clipping: 0

================================================================================

nonoverlappingCNN_relu -> fcnn_relu

Student Model Parameters:
layers.0.weight: [[-0.01462253 -0.85887706 -0.05728228 ... -0.28368545 -0.5629864
  -0.01148199]
 [-0.00889103 -0.45804012  0.1885586  ... -0.42227298  0.03471908
   0.31138706]
 [-0.10337012  0.15494741 -0.54893154 ... -0.59625256  0.52286464
  -0.58101445]
 ...
 [ 0.5552164  -0.01994329 -0.04312191 ... -0.51904017  0.700001
  -0.348083  ]
 [-0.7987892   0.09957889 -0.4112011  ...  0.16563103  0.01790564
   0.5835046 ]
 [ 0.4247813  -0.49393415 -0.17458975 ...  0.808642   -0.11789764
   0.5524137 ]]
layers.1.weight: [[-0.03459172 -0.04315215 -0.05207143 ... -0.04521331  0.
  -0.05024596]
 [ 0.11621685  0.         -0.07456117 ...  0.17991416  0.
   0.08580787]
 [ 0.10308372  0.00242836 -0.08018674 ...  0.05522908 -0.03791054
  -0.09403268]
 ...
 [-0.11347029 -0.03015427  0.00679378 ... -0.01432795 -0.07895294
  -0.01248806]
 [ 0.02697426 -0.0150732   0.01976215 ... -0.01098514 -0.00640775
  -0.08912922]
 [-0.09340873 -0.0920523   0.03547823 ...  0.07648294 -0.00822824
  -0.04206571]]
layers.2.weight: [[ 0.2596779  -0.37454462 -0.0078903  -0.0056854  -0.67969865  0.04242353
  -2.9416738  -0.11077881 -0.7747591   0.28264594 -1.4414113  -0.07847851
   0.13335471 -0.10174988 -2.016614   -2.041226   -1.3140575  -0.03938061
  -2.397478   -4.8004436  -0.08074544 -0.16022414 -0.46174183 -0.20395225
  -0.6916657   0.28396228 -0.25451717 -0.16176787 -0.2716615   0.20328286
  -0.01244303 -0.23599772]]

Final Loss: 3.8834
Distance Metric: 53.9568
L1 norm: 1e-05
L2 norm: 0
Batch size: 32
Clipping: 0

================================================================================

