Experiment Summary:
================================================================================

Teacher Model Parameters:
layers.0.weight: [[[ 2.59 -2.83  0.87]]]
layers.1.weight: [[[-1.38  1.29]]]
layers.2.weight: [[[ 0.86 -0.84]]]

================================================================================

nonoverlapping_CNN_relu -> overlapping_CNN_relu

Student Model Parameters:
layers.0.weight: [[[ 1.1084313  -1.2185986   0.37027627]]

 [[ 0.60651    -0.603633    0.18195336]]

 [[ 1.302367   -1.4209546   0.43969098]]

 [[-0.79157585 -0.5751587  -0.312586  ]]]
layers.1.weight: [[[-0.816523    0.7383103 ]
  [-0.05957989  0.05233492]
  [-1.2874914   1.2263962 ]
  [ 0.          0.        ]]

 [[ 0.4232716   0.08474337]
  [-0.26052272 -0.18891111]
  [-0.660928   -0.33387044]
  [-0.46689433 -0.45333296]]

 [[ 0.20668963  0.01750423]
  [-0.10740111 -0.04855762]
  [ 0.         -0.9478505 ]
  [ 0.01162243  0.05045556]]

 [[ 0.71396977 -0.9375795 ]
  [-0.1673585   0.        ]
  [-0.2559297  -0.4467775 ]
  [-0.18327637  0.13968833]]]
layers.2.weight: [[[ 1.1741077  -1.146779  ]
  [ 0.20068884 -0.09770287]
  [-0.3642202   0.        ]
  [-0.53398573  0.        ]]]

Final Loss: 0.0000
Distance Metric: 7.8794
L1 norm: 0
L2 norm: 1e-05
Batch size: 16
Clipping: 0

================================================================================

nonoverlapping_CNN_tanh -> overlapping_CNN_tanh

Student Model Parameters:
layers.0.weight: [[[-0.23701432  0.7965734   0.7001865 ]]

 [[ 0.23392545 -0.77894825 -0.6838682 ]]

 [[-2.315643    2.53039    -0.7774535 ]]

 [[-0.6047251   0.6338234  -0.24282981]]]
layers.1.weight: [[[-0.42408442 -0.31548107]
  [-0.4026946  -0.35774553]
  [-1.2699745   0.840609  ]
  [-0.24308705  0.14782542]]

 [[-0.20684437  0.5867194 ]
  [-0.26562265  0.67337465]
  [ 0.80024856 -0.47049484]
  [ 0.48955974 -0.3979989 ]]

 [[ 0.33655366 -0.12709516]
  [ 0.33806238 -0.12899762]
  [-1.1864684   1.6895664 ]
  [ 0.05995885  0.04996814]]

 [[ 0.1046832   0.17558765]
  [ 0.09711558  0.1900006 ]
  [ 1.639424   -1.0878855 ]
  [ 0.08733163  0.01478226]]]
layers.2.weight: [[[-0.38124236 -0.24049667]
  [-0.21558972 -0.01938996]
  [-0.36813363  0.37754261]
  [ 0.31710786 -0.6790668 ]]]

Final Loss: 0.0000
Distance Metric: 6.9265
L1 norm: 0
L2 norm: 1e-05
Batch size: 16
Clipping: 0

================================================================================

nonoverlapping_CNN_sigmoid -> overlapping_CNN_sigmoid

Student Model Parameters:
layers.0.weight: [[[ 0.13602945 -0.19804624  0.1337202 ]]

 [[-0.17736383  0.14419533  0.13579075]]

 [[-1.8241849   2.0011594  -0.63445044]]

 [[ 0.4316285  -0.53816694  0.54666954]]]
layers.1.weight: [[[-0.66179633  0.        ]
  [-0.63288546 -0.20928042]
  [-0.04920151 -0.21325542]
  [-0.08706585 -0.26360798]]

 [[-0.44178468 -0.23636134]
  [ 0.3379266  -0.2455923 ]
  [-0.55255926  0.27170002]
  [-0.18446514  0.14151898]]

 [[ 0.41878635 -0.2593822 ]
  [-0.22551823  0.25471824]
  [ 1.1303352  -1.1803719 ]
  [ 0.         -0.19729011]]

 [[ 0.14339039 -0.13037612]
  [ 0.43616766 -0.42332074]
  [ 0.          0.04645033]
  [-0.08045206  0.33755162]]]
layers.2.weight: [[[ 0.1408085   0.20989534]
  [-0.6027468   0.22408302]
  [ 0.98598206 -1.1127677 ]
  [ 0.13658302  0.10121934]]]

Final Loss: 0.0000
Distance Metric: 5.5926
L1 norm: 0
L2 norm: 1e-05
Batch size: 16
Clipping: 0

================================================================================

nonoverlapping_CNN_relu -> overlapping_CNN_relu

Student Model Parameters:
layers.0.weight: [[[-0.6996486  -0.18269065  0.22910024]]

 [[-0.61040395 -0.14257196 -1.5564713 ]]

 [[-0.69153416  0.76783717 -0.23146138]]

 [[ 2.0415368  -2.230691    0.6857635 ]]]
layers.1.weight: [[[-0.07601941  0.        ]
  [-0.05265126 -0.01751412]
  [ 0.06806155 -0.47313657]
  [ 0.02556104 -0.39468798]]

 [[ 0.          0.        ]
  [ 0.          0.        ]
  [ 0.         -0.7839671 ]
  [-1.66602     1.5574175 ]]

 [[ 0.27252322 -0.3934574 ]
  [-0.5183528  -0.5029973 ]
  [ 0.39156094 -0.11407182]
  [ 0.5864684  -0.43127227]]

 [[-0.18472245  1.0225701 ]
  [-0.48463383  0.        ]
  [-0.32981238  0.6543506 ]
  [-0.5754556  -0.87451386]]]
layers.2.weight: [[[-0.31408983  0.02764808]
  [ 0.90374035 -0.8827156 ]
  [ 0.          0.        ]
  [-1.219577    0.        ]]]

Final Loss: 0.0009
Distance Metric: 6.9515
L1 norm: 0
L2 norm: 0
Batch size: 16
Clipping: 0

================================================================================

