Experiment Summary:
================================================================================

Teacher Model Parameters:
conv1.weight: [[[ 2.59 -2.83  0.87]]]
conv2.weight: [[[-1.38  1.29]]]
conv3.weight: [[[ 0.86 -0.84]]]

================================================================================

nonoverlapping_CNN_relu -> overlapping_CNN_relu

Student Model Parameters:
conv1.weight: [[[ 0.89512247 -0.20582342  0.96130145]]

 [[ 0.4788791  -1.5926955   0.6786462 ]]

 [[ 2.7867887  -2.5486426   2.2594678 ]]

 [[-2.9380748   0.09719621  2.0116377 ]]]
conv2.weight: [[[-0.27060616 -0.47140875]
  [-0.75754094 -0.35726005]
  [-0.21125218 -0.0974056 ]
  [ 0.0711395  -0.6242951 ]]

 [[-0.5433816  -1.1138606 ]
  [-0.8821101  -3.147027  ]
  [-1.2854668  -3.1791651 ]
  [-1.4543383  -0.8125322 ]]

 [[-0.4083521   0.10987196]
  [-0.08519606 -0.9364967 ]
  [-0.18974781 -0.3920615 ]
  [-0.29273    -1.2563308 ]]

 [[ 0.08323453 -0.7351468 ]
  [ 1.0117627  -0.15460315]
  [-0.89514446 -3.0129826 ]
  [ 1.8982004   1.8548346 ]]]
conv3.weight: [[[-1.9942597  -0.62461066]
  [-4.60517    -3.27231   ]
  [-0.19492713 -0.5037198 ]
  [-2.845641   -2.988133  ]]]

Final Loss: 3.5059
Distance Metric: 20.1566
L1 norm: 0
L2 norm: 0

================================================================================

nonoverlapping_CNN_relu -> overlapping_CNN_sigmoid

Student Model Parameters:
conv1.weight: [[[-2.1259606   2.2970822  -0.6456326 ]]

 [[ 2.6590996  -2.756741    0.7283782 ]]

 [[ 0.7568415  -0.49310005  0.0243578 ]]

 [[-0.6902428   1.0126342  -0.57415736]]]
conv2.weight: [[[ 1.2416185   4.6115875 ]
  [-0.02178931 -1.5441642 ]
  [ 5.29214    -3.3413312 ]
  [-0.7995679   9.271053  ]]

 [[-2.4078476  -1.4846706 ]
  [ 2.606829    2.685895  ]
  [ 4.1564612   1.0030177 ]
  [-1.6610975  -2.3902867 ]]

 [[-0.7803404  -6.268064  ]
  [-4.8265567   6.57673   ]
  [-5.614138    3.7157786 ]
  [ 1.2721448  -5.7594953 ]]

 [[-5.220261    2.498598  ]
  [ 4.5491967  -3.7697122 ]
  [ 3.947436   -2.8311715 ]
  [-5.8972993   4.216308  ]]]
conv3.weight: [[[-11.972147    7.519085 ]
  [  7.07437    -2.2823977]
  [  9.476152   -8.948092 ]
  [-12.779163    2.1448135]]]

Final Loss: 3.4436
Distance Metric: 52.8737
L1 norm: 0
L2 norm: 0

================================================================================

nonoverlapping_CNN_relu -> overlapping_CNN_tanh

Student Model Parameters:
conv1.weight: [[[ 3.2827342  -3.414243    1.2543222 ]]

 [[ 0.6571735  -0.5347864   0.5381427 ]]

 [[ 0.6391575  -0.706938   -0.16862957]]

 [[ 0.72410125 -0.44184938  0.226945  ]]]
conv2.weight: [[[ 2.73510909e+00  1.24035859e+00]
  [-4.26744789e-01  1.70950091e+00]
  [ 2.68782020e-01  1.79839766e+00]
  [ 8.22350085e-01 -2.72283912e-01]]

 [[ 1.67138886e-03  5.50812840e-01]
  [ 2.43998542e-01 -3.11169863e-01]
  [-1.06360674e-01 -2.21729934e-01]
  [-4.05047983e-01  2.67347991e-01]]

 [[-1.82110667e+00 -2.50892925e+00]
  [-3.86376798e-01  2.02975821e+00]
  [-1.29630685e+00  1.94246328e+00]
  [-1.44130671e+00  2.63429117e+00]]

 [[-2.58670717e-01  2.15018481e-01]
  [-8.51358995e-02 -2.37092897e-01]
  [ 1.50304303e-01 -6.52390361e-01]
  [ 3.00062269e-01  3.21545511e-01]]]
conv3.weight: [[[ 1.6760685e+00  1.4358416e-03]
  [ 2.2864428e-01 -2.0186938e-02]
  [ 1.7145345e+00 -9.2855006e-02]
  [-6.0442097e-02  3.8324669e-02]]]

Final Loss: 3.7687
Distance Metric: 12.8323
L1 norm: 0
L2 norm: 0

================================================================================

nonoverlapping_CNN_sigmoid -> overlapping_CNN_relu

Student Model Parameters:
conv1.weight: [[[-0.71872056 -0.25590515  0.21835615]]

 [[-0.04001364  1.0710593  -0.11101372]]

 [[ 0.23354355 -0.40548444 -0.9608099 ]]

 [[ 0.582743   -0.17840695  0.57559085]]]
conv2.weight: [[[ 0.27867338  0.27011597]
  [ 0.20200735  0.16521573]
  [ 0.18991098  0.2002998 ]
  [ 0.26186872  0.2600629 ]]

 [[-0.43065074 -0.8543946 ]
  [-0.45438966 -0.24360092]
  [-0.0539218  -0.8495474 ]
  [ 0.0200769  -0.4319101 ]]

 [[-0.6131928  -0.7784157 ]
  [-0.03166496 -0.81727344]
  [-0.59586555 -0.27570423]
  [ 0.07165837 -1.0611132 ]]

 [[-0.07342973 -0.12205333]
  [-0.6633515  -0.06862803]
  [-0.2434159  -0.17907007]
  [-0.43253526 -0.42502806]]]
conv3.weight: [[[ 0.33962032  0.32023636]
  [-0.3168147  -0.9880684 ]
  [-0.10850038  0.7788022 ]
  [-0.6658063  -0.5434175 ]]]

Final Loss: 0.0135
Distance Metric: 8.1319
L1 norm: 0
L2 norm: 0

================================================================================

nonoverlapping_CNN_sigmoid -> overlapping_CNN_sigmoid

Student Model Parameters:
conv1.weight: [[[-2.528302    2.7550583  -0.86603016]]

 [[ 1.8233662  -2.0255573   0.570852  ]]

 [[ 0.16317078  0.83071345  1.9487731 ]]

 [[-0.3259341  -0.01284281 -0.85430384]]]
conv2.weight: [[[-0.32171166  0.45667267]
  [ 0.7020708  -0.5140758 ]
  [-0.3971674   0.41024482]
  [-0.4571044   0.25604135]]

 [[-0.8029122   0.8709028 ]
  [-0.75897     0.5267738 ]
  [ 0.25988442 -0.21439438]
  [ 0.11165427 -0.41123626]]

 [[-1.0065974   0.55214274]
  [ 0.57387406 -0.48770297]
  [ 0.1825924  -0.30088264]
  [ 0.60554135  0.02026536]]

 [[ 0.320447    0.6976327 ]
  [ 0.3830922  -0.02235764]
  [-0.02704068  0.23034778]
  [-0.44266677 -0.52711433]]]
conv3.weight: [[[-0.29263517  0.7579922 ]
  [-0.42413822  0.8980529 ]
  [-0.5683745   0.20082623]
  [-0.1698671  -0.27073357]]]

Final Loss: 0.0000
Distance Metric: 8.2690
L1 norm: 0
L2 norm: 0

================================================================================

nonoverlapping_CNN_sigmoid -> overlapping_CNN_tanh

Student Model Parameters:
conv1.weight: [[[-2.6327398  -0.16449293  0.22122522]]

 [[ 0.58220935 -0.1902092  -0.08971601]]

 [[ 0.9989668  -0.83559406  0.24859378]]

 [[-1.0171942  -0.49700764 -0.32150665]]]
conv2.weight: [[[ 0.10239958 -0.23911558]
  [ 0.30583504  0.04197346]
  [-0.09150113 -0.17040238]
  [ 0.01085273  0.25727028]]

 [[ 0.41850528 -0.4538775 ]
  [ 0.8359072  -0.44490147]
  [-0.31789878 -0.09752174]
  [-0.18661384  0.35940978]]

 [[ 0.6124034   0.4294031 ]
  [ 0.5562217   0.17266557]
  [-0.41285282  0.18242434]
  [-0.6079012  -0.26245862]]

 [[-0.12535205 -0.08902559]
  [-0.36418483 -0.09559583]
  [ 0.17409436 -0.05059528]
  [ 0.05630583  0.032561  ]]]
conv3.weight: [[[-0.08050127 -0.03229113]
  [-0.11383139 -0.16366601]
  [ 0.19383547 -0.1487343 ]
  [-0.05096712  0.02682117]]]

Final Loss: 0.2472
Distance Metric: 6.7725
L1 norm: 0
L2 norm: 0

================================================================================

nonoverlapping_CNN_tanh -> overlapping_CNN_relu

Student Model Parameters:
conv1.weight: [[[ 0.5664389  -0.6031437   0.06935546]]

 [[-0.20115274 -0.17301668  0.4387183 ]]

 [[-0.704924    0.6831291  -0.14862682]]

 [[ 0.39346275  0.24838987 -0.19878756]]]
conv2.weight: [[[ 1.0803542  -0.21260919]
  [-0.25225028 -0.14719193]
  [-0.45909923  0.9453647 ]
  [-0.40273437 -0.21899319]]

 [[ 1.106457   -0.29493073]
  [ 0.20015317  0.27159956]
  [-0.5126287   1.148066  ]
  [ 0.04233336  0.2514672 ]]

 [[ 0.01901893 -0.37276524]
  [-0.89589834 -0.19669223]
  [-0.66887224 -0.52815884]
  [-0.14298809 -0.6406258 ]]

 [[ 0.01107002 -0.7559323 ]
  [-1.0208678  -0.03142566]
  [-0.48536798 -0.23362929]
  [-0.6280686  -0.29708704]]]
conv3.weight: [[[ 0.2164629  -0.75747997]
  [-0.98660827  0.99365133]
  [-0.631714   -0.99015117]
  [-0.40181077 -0.6706542 ]]]

Final Loss: 0.2364
Distance Metric: 8.9049
L1 norm: 0
L2 norm: 0

================================================================================

nonoverlapping_CNN_tanh -> overlapping_CNN_sigmoid

Student Model Parameters:
conv1.weight: [[[-5.9748225   6.605995   -1.8195043 ]]

 [[ 4.425368   -4.85474     1.8110317 ]]

 [[ 2.8581886  -3.2132182   1.1534264 ]]

 [[-0.47657192  1.1885808  -0.17631468]]]
conv2.weight: [[[ 2.03781    -2.9362862 ]
  [-2.4327698   0.5428842 ]
  [-1.0903789   0.22669305]
  [-0.4602983   0.21489836]]

 [[-3.8655443   2.1597373 ]
  [ 2.1469991  -1.371627  ]
  [ 0.24398604 -0.4678744 ]
  [ 0.5395608  -0.76468176]]

 [[ 0.0350674   0.34624657]
  [ 0.09701779  0.12112264]
  [ 0.95206547  0.19316559]
  [ 0.6477263   0.3879701 ]]

 [[ 1.6877507  -2.8768644 ]
  [-1.8425896   2.2121093 ]
  [-0.91049856  2.1512508 ]
  [ 0.5760534  -0.2866628 ]]]
conv3.weight: [[[-0.36284772 -5.120728  ]
  [-5.5941005   2.2380586 ]
  [-0.69595927 -0.7882654 ]
  [ 3.7956614  -2.723928  ]]]

Final Loss: 0.1847
Distance Metric: 31.2332
L1 norm: 0
L2 norm: 0

================================================================================

nonoverlapping_CNN_tanh -> overlapping_CNN_tanh

Student Model Parameters:
conv1.weight: [[[-2.259236    2.4617498  -0.75219667]]

 [[-2.5572407   2.7949998  -0.8595922 ]]

 [[ 0.2218256   0.07913847  0.9992184 ]]

 [[-0.224009   -0.07499383 -0.99330443]]]
conv2.weight: [[[-0.5911911   0.611838  ]
  [ 0.2197974   0.9678092 ]
  [ 0.1862122   0.86367416]
  [ 0.18450981  0.9075245 ]]

 [[-0.27226558  0.098049  ]
  [ 0.04080508  0.56975794]
  [-0.01052497  0.12393393]
  [ 0.14644513 -0.40855584]]

 [[-0.39367703  0.37032607]
  [-1.059404    1.6218694 ]
  [ 0.27804473  0.21304938]
  [ 0.28647998  0.22024013]]

 [[-0.0459825   0.16267341]
  [-1.4187105   1.0536182 ]
  [-0.16640066 -0.2654337 ]
  [-0.16841099 -0.26782805]]]
conv3.weight: [[[-2.6371542e-02  2.5319289e-02]
  [-7.2657340e-04  5.2622793e-04]
  [-1.4222647e-01  1.3917555e-01]
  [-6.9046831e-01  6.7470950e-01]]]

Final Loss: 0.0000
Distance Metric: 7.3513
L1 norm: 0
L2 norm: 0

================================================================================

