Experiment Summary:
================================================================================

Teacher Model Parameters:
layers.0.weight: [[[-0.78 -0.12  0.7 ]]

 [[-1.16  0.47  0.05]]

 [[-0.73  1.96 -1.01]]

 [[-0.32  0.21  0.63]]]
layers.1.weight: [[[ 0.    0.04]
  [ 0.68  0.34]
  [ 0.54 -0.22]
  [-0.14 -0.33]]

 [[-0.14  1.59]
  [ 1.48 -0.52]
  [-1.26  0.3 ]
  [-0.4  -1.09]]

 [[-0.71  0.44]
  [-0.02 -0.14]
  [ 0.37 -0.7 ]
  [-0.83 -0.38]]

 [[ 0.89 -0.48]
  [-0.27 -0.81]
  [ 1.76 -0.41]
  [ 0.15  0.49]]]
layers.2.weight: [[[-0.54  0.16]
  [-0.74 -0.46]
  [ 0.08  0.18]
  [-0.22  0.81]]]

================================================================================

overlappingCNN_sigmoid -> fcnn_decreasing_sigmoid

Student Model Parameters:
layers.0.weight: [[0. 0. 0. ... 0. 0. 0.]
 [0. 0. 0. ... 0. 0. 0.]
 [0. 0. 0. ... 0. 0. 0.]
 ...
 [0. 0. 0. ... 0. 0. 0.]
 [0. 0. 0. ... 0. 0. 0.]
 [0. 0. 0. ... 0. 0. 0.]]
layers.1.weight: [[0. 0. 0. ... 0. 0. 0.]
 [0. 0. 0. ... 0. 0. 0.]
 [0. 0. 0. ... 0. 0. 0.]
 ...
 [0. 0. 0. ... 0. 0. 0.]
 [0. 0. 0. ... 0. 0. 0.]
 [0. 0. 0. ... 0. 0. 0.]]
layers.2.weight: [[ 0.         0.         0.         0.         0.         0.
   0.         0.         0.         0.         0.         0.
  -1.7463282  0.         0.         0.         0.         0.
   0.         0.         0.         0.         0.         0.
   0.         0.         0.         0.         0.         0.
   0.         2.0681252]]

Final Loss: 0.0002
Distance Metric: 9.6485
L1 norm: 1e-05
L2 norm: 0
Batch size: 16
Clipping: 0
Learning rate: 0.005
data size: 100000
init: 1
seed: 3
stopped after epoch: 2982

================================================================================

overlappingCNN_sigmoid -> fcnn_decreasing_relu

Student Model Parameters:
layers.0.weight: [[ 0.          0.          0.         ...  0.          0.
   0.        ]
 [ 0.          0.          0.         ...  0.          0.
   0.        ]
 [ 0.          0.          0.         ...  0.          0.
   0.        ]
 ...
 [ 0.          0.          0.         ...  0.          0.
   0.        ]
 [ 0.          0.          0.         ...  0.          0.
   0.        ]
 [-0.05182369  0.00318014  0.06250536 ...  0.01016713  0.073185
   0.00915037]]
layers.1.weight: [[0. 0. 0. ... 0. 0. 0.]
 [0. 0. 0. ... 0. 0. 0.]
 [0. 0. 0. ... 0. 0. 0.]
 ...
 [0. 0. 0. ... 0. 0. 0.]
 [0. 0. 0. ... 0. 0. 0.]
 [0. 0. 0. ... 0. 0. 0.]]
layers.2.weight: [[ 0.          0.          0.          0.          0.          0.44145197
   0.77842355 -0.4525913   0.          0.          0.          0.
   0.          0.          0.          0.          1.2208365   0.
   0.          0.          0.          0.          0.          0.
   0.          0.4127831   0.          0.          0.          0.
   0.          0.        ]]

Final Loss: 0.0072
Distance Metric: 10.3350
L1 norm: 1e-05
L2 norm: 0
Batch size: 16
Clipping: 0
Learning rate: 0.005
data size: 100000
init: 1
seed: 3
stopped after epoch: 970

================================================================================

overlappingCNN_sigmoid -> fcnn_decreasing_tanh

Student Model Parameters:
layers.0.weight: [[0. 0. 0. ... 0. 0. 0.]
 [0. 0. 0. ... 0. 0. 0.]
 [0. 0. 0. ... 0. 0. 0.]
 ...
 [0. 0. 0. ... 0. 0. 0.]
 [0. 0. 0. ... 0. 0. 0.]
 [0. 0. 0. ... 0. 0. 0.]]
layers.1.weight: [[0. 0. 0. ... 0. 0. 0.]
 [0. 0. 0. ... 0. 0. 0.]
 [0. 0. 0. ... 0. 0. 0.]
 ...
 [0. 0. 0. ... 0. 0. 0.]
 [0. 0. 0. ... 0. 0. 0.]
 [0. 0. 0. ... 0. 0. 0.]]
layers.2.weight: [[0.        0.        0.        0.        0.        0.        0.
  0.        0.        0.        0.        0.        0.        0.
  0.        0.        0.        0.        0.        0.        0.1980797
  0.        0.        0.        0.        0.        0.        0.
  0.        0.        0.        0.       ]]

Final Loss: 0.1672
Distance Metric: 7.3127
L1 norm: 1e-05
L2 norm: 0
Batch size: 16
Clipping: 0
Learning rate: 0.005
data size: 100000
init: 1
seed: 3
stopped after epoch: 310

================================================================================

overlappingCNN_relu -> fcnn_decreasing_sigmoid

Student Model Parameters:
layers.0.weight: [[0. 0. 0. ... 0. 0. 0.]
 [0. 0. 0. ... 0. 0. 0.]
 [0. 0. 0. ... 0. 0. 0.]
 ...
 [0. 0. 0. ... 0. 0. 0.]
 [0. 0. 0. ... 0. 0. 0.]
 [0. 0. 0. ... 0. 0. 0.]]
layers.1.weight: [[0.00021742 0.00021789 0.00021762 ... 0.00021726 0.00021783 0.00021766]
 [0.         0.         0.         ... 0.         0.         0.        ]
 [0.         0.         0.         ... 0.         0.         0.        ]
 ...
 [0.         0.         0.         ... 0.         0.         0.        ]
 [0.         0.         0.         ... 0.         0.         0.        ]
 [0.         0.         0.         ... 0.         0.         0.        ]]
layers.2.weight: [[ 1.0333296e+01 -4.9776246e-04 -4.9716228e-04 -1.0497527e+01
  -4.9665896e-04  4.5578356e+00 -3.8071148e+00 -4.9699552e-04
  -4.9743871e-04 -4.9736467e-04 -4.9686426e-04 -4.9684371e-04
  -4.9685832e-04 -4.9685745e-04 -4.9704383e-04  1.3350262e+01
   5.0607266e+00 -4.9691694e-04 -4.9742270e-04 -4.9717637e-04
   5.0768533e+00 -4.9667683e-04 -4.9751310e-04 -4.9759180e-04
  -4.9664406e-04 -4.9679348e-04 -4.9661717e-04 -4.9743633e-04
  -4.9695675e-04 -4.9726677e-04 -4.9666973e-04 -4.9740070e-04]]

Final Loss: 2.1130
Distance Metric: 55.2229
L1 norm: 1e-05
L2 norm: 0
Batch size: 16
Clipping: 0
Learning rate: 0.005
data size: 100000
init: 1
seed: 3
stopped after epoch: 2467

================================================================================

overlappingCNN_relu -> fcnn_decreasing_relu

Student Model Parameters:
layers.0.weight: [[ 0.0007837   0.         -0.0004042  ... -0.00019192 -0.00036489
   0.        ]
 [ 0.          0.          0.         ...  0.          0.
   0.        ]
 [ 0.          0.          0.         ...  0.          0.
   0.        ]
 ...
 [ 0.00054518 -0.00014715  0.00011041 ...  0.00032855  0.00046669
   0.        ]
 [ 0.          0.          0.         ...  0.          0.
   0.        ]
 [ 0.          0.          0.         ...  0.          0.
   0.        ]]
layers.1.weight: [[ 0.          0.          0.         ...  0.          0.
   0.        ]
 [ 0.          0.          0.         ...  0.          0.
   0.        ]
 [ 0.          0.          0.         ...  0.          0.
   0.        ]
 ...
 [-0.39342934  0.          0.         ... -0.16697511  0.
   0.        ]
 [ 0.89526224  0.          0.         ...  0.09360926  0.
   0.        ]
 [ 0.          0.          0.         ...  0.          0.
   0.        ]]
layers.2.weight: [[ 0.          0.          0.         -1.3708469   1.0374581   0.69542813
  -1.3147563   0.          0.          0.          0.          0.
   0.          0.61525494  0.          0.         -2.4246979   0.
   0.          0.          0.          0.          0.          0.
   0.          0.          0.          0.          0.08730101 -2.1866107
   2.4161792   0.        ]]

Final Loss: 0.0005
Distance Metric: 11.4267
L1 norm: 1e-05
L2 norm: 0
Batch size: 16
Clipping: 0
Learning rate: 0.005
data size: 100000
init: 1
seed: 3
stopped after epoch: 1349

================================================================================

overlappingCNN_relu -> fcnn_decreasing_tanh

Student Model Parameters:
layers.0.weight: [[ 0.0000000e+00  0.0000000e+00  0.0000000e+00 ...  0.0000000e+00
   0.0000000e+00  0.0000000e+00]
 [ 0.0000000e+00  0.0000000e+00  0.0000000e+00 ...  0.0000000e+00
   0.0000000e+00  0.0000000e+00]
 [-9.4952097e+00  3.3798919e+00 -3.6194730e-01 ... -8.6664176e-01
   9.7396660e-01 -2.7346694e-01]
 ...
 [-1.3831397e+00 -7.6680025e-03  8.4975415e-01 ...  3.1283635e-01
  -1.6507079e-01  2.5301835e-01]
 [ 0.0000000e+00  0.0000000e+00  0.0000000e+00 ...  0.0000000e+00
   0.0000000e+00  0.0000000e+00]
 [ 0.0000000e+00  0.0000000e+00  0.0000000e+00 ...  0.0000000e+00
   0.0000000e+00  0.0000000e+00]]
layers.1.weight: [[ 0.          0.         -0.1474244  ... -0.07982937  0.
   0.        ]
 [ 0.          0.          0.         ...  0.          0.
   0.        ]
 [ 0.          0.         -0.06693513 ... -0.10980255  0.
   0.        ]
 ...
 [ 0.          0.          0.         ...  0.          0.
   0.        ]
 [ 0.          0.         -0.13413632 ... -0.45944673  0.
   0.        ]
 [ 0.          0.          0.         ...  0.          0.
   0.        ]]
layers.2.weight: [[ 0.90109944  0.          0.12000054  0.         -1.0556056   0.3381068
  -0.18366718  0.         -0.371265    0.         -0.36274242 -0.07274895
   0.09787131 -0.43658543  0.         -0.1258687   0.         -1.014451
  -0.15418132 -0.3855396   0.         -0.12208734  0.         -0.16857639
   0.          0.5087796   0.          0.          0.          0.
  -0.8965031   0.        ]]

Final Loss: 2.3943
Distance Metric: 49.3321
L1 norm: 1e-05
L2 norm: 0
Batch size: 16
Clipping: 0
Learning rate: 0.005
data size: 100000
init: 1
seed: 3
stopped after epoch: 795

================================================================================

