Experiment Summary:
================================================================================

Teacher Model Parameters:
conv1.weight: [[[ 2.59 -2.83  0.87]]]
conv2.weight: [[[-1.38  1.29]]]
conv3.weight: [[[ 0.86 -0.84]]]

================================================================================

nonoverlapping_CNN_relu -> overlapping_CNN_relu

Student Model Parameters:
conv1.weight: [[[-0.32601324  0.3745195   0.        ]]

 [[ 2.0967615  -2.291054    0.70431304]]

 [[-1.4055648   1.5851437  -0.48321804]]

 [[-1.3520428   1.4725534  -0.50307894]]]
conv2.weight: [[[-2.0713875  -2.2006083 ]
  [-0.25305295 -1.8552752 ]
  [ 0.         -1.1018878 ]
  [ 0.48575795 -3.5095735 ]]

 [[ 0.          0.        ]
  [-1.9136267   1.7888258 ]
  [ 0.         -0.33077556]
  [ 0.         -3.31499   ]]

 [[-0.1657236   0.7056161 ]
  [ 0.7911185  -0.7365953 ]
  [ 0.          0.42153844]
  [-0.5543457   0.        ]]

 [[ 0.6917578  -6.487767  ]
  [ 0.1233123  -5.7093205 ]
  [-0.4293149  -6.299076  ]
  [-0.1380707  -3.3141615 ]]]
conv3.weight: [[[ 0.20768844  0.04249385]
  [ 0.76607686 -0.74825436]
  [-1.3276808   0.        ]
  [ 0.79546314 -3.2264621 ]]]

Final Loss: 0.0000
Distance Metric: 21.0152
L1 norm: 0
L2 norm: 0
Batch size: 32
Clipping: 0.01

================================================================================

nonoverlapping_CNN_relu -> overlapping_CNN_sigmoid

Student Model Parameters:
conv1.weight: [[[ 0.          0.          0.        ]]

 [[ 0.         -2.1035657   0.        ]]

 [[ 0.8125927   0.          0.        ]]

 [[-1.7601218   1.819066   -0.59692323]]]
conv2.weight: [[[  0.30527607   0.        ]
  [ -0.663842     0.54779106]
  [ -0.83243465  -0.47157317]
  [  0.           1.0468498 ]]

 [[  0.           3.294931  ]
  [ -0.79837304   0.        ]
  [ -1.9110131    0.        ]
  [  4.3821583  -12.639977  ]]

 [[  0.95141566  -0.1852336 ]
  [ -0.23352978   0.35267225]
  [ -1.0677495    0.46240193]
  [  0.08557691   0.79829586]]

 [[  0.           0.        ]
  [  0.           2.283405  ]
  [  0.           0.        ]
  [  0.6770621    0.        ]]]
conv3.weight: [[[ 0.        0.      ]
  [16.45786   0.      ]
  [ 0.        0.      ]
  [ 0.       -7.257491]]]

Final Loss: 3.5059
Distance Metric: 36.7703
L1 norm: 0
L2 norm: 0
Batch size: 32
Clipping: 0.01

================================================================================

nonoverlapping_CNN_relu -> overlapping_CNN_tanh

Student Model Parameters:
conv1.weight: [[[-0.58315235  0.          0.90460134]]

 [[-0.40740386  0.30378816 -0.11248774]]

 [[ 0.33552703 -0.44828725  0.18092625]]

 [[-1.9514115   2.212715   -0.94258446]]]
conv2.weight: [[[ 0.          0.        ]
  [ 0.          0.        ]
  [-1.1770732  -1.1493742 ]
  [ 0.6283276   0.71654344]]

 [[ 0.          0.        ]
  [ 0.          0.        ]
  [ 0.45871118  1.5367116 ]
  [ 0.          0.        ]]

 [[-0.5582373   0.        ]
  [ 0.          1.6400346 ]
  [ 1.5020883   0.        ]
  [-0.8156496   0.        ]]

 [[ 0.          0.        ]
  [ 0.          0.        ]
  [-1.6323763   3.060116  ]
  [ 0.41944483  1.6210594 ]]]
conv3.weight: [[[-2.1671207  -0.26107496]
  [ 0.         -0.5234892 ]
  [-0.4442182   0.        ]
  [ 1.8558557   0.        ]]]

Final Loss: 3.7638
Distance Metric: 11.2517
L1 norm: 0
L2 norm: 0
Batch size: 32
Clipping: 0.01

================================================================================

nonoverlapping_CNN_sigmoid -> overlapping_CNN_relu

Student Model Parameters:
conv1.weight: [[[ 0.          0.          1.11453   ]]

 [[-0.17336966  0.         -1.3218201 ]]

 [[ 0.80679435 -0.6467659  -1.872349  ]]

 [[ 0.          0.         -0.53523993]]]
conv2.weight: [[[ 0.          0.        ]
  [-0.22024608 -0.5379994 ]
  [ 0.         -0.30710328]
  [ 0.4777824   0.1105224 ]]

 [[ 0.          0.        ]
  [ 0.         -0.41671604]
  [-0.38004822  0.28232253]
  [ 0.75104535  0.28672895]]

 [[-0.7891053  -0.29794475]
  [ 0.13632181  0.        ]
  [-0.42805514  0.32440478]
  [-0.9062618   0.86839426]]

 [[ 0.47073224  0.41163808]
  [ 0.5142746   0.19282009]
  [ 0.          0.        ]
  [-0.28799182  0.4997025 ]]]
conv3.weight: [[[-0.60095847  1.0239292 ]
  [ 0.          0.        ]
  [ 0.          0.        ]
  [ 0.2830829   0.2587502 ]]]

Final Loss: 0.0322
Distance Metric: 6.5824
L1 norm: 0
L2 norm: 0
Batch size: 32
Clipping: 0.01

================================================================================

nonoverlapping_CNN_sigmoid -> overlapping_CNN_sigmoid

Student Model Parameters:
conv1.weight: [[[ 0.        -1.2357684  1.1925825]]

 [[-1.2200686  1.4079553  0.       ]]

 [[-1.7142926  1.8995878 -0.5859811]]

 [[ 1.614459  -1.3673065  0.       ]]]
conv2.weight: [[[-0.2253279   0.        ]
  [ 0.          0.        ]
  [ 0.         -0.68650633]
  [-0.6877667   0.        ]]

 [[ 0.47257006 -0.1223235 ]
  [-0.15627687  0.5558752 ]
  [ 0.23713405 -0.20673919]
  [-0.5103059  -0.5498175 ]]

 [[ 0.9512687   0.35738817]
  [-0.680007    0.31255817]
  [ 0.         -0.5357259 ]
  [ 0.11221339  0.23630278]]

 [[ 0.          0.        ]
  [ 0.         -1.0826309 ]
  [ 1.0249945   0.        ]
  [-0.02708508  0.        ]]]
conv3.weight: [[[ 1.889025   0.       ]
  [ 0.         0.       ]
  [ 0.         0.       ]
  [ 0.        -1.1962678]]]

Final Loss: 0.0001
Distance Metric: 9.7465
L1 norm: 0
L2 norm: 0
Batch size: 32
Clipping: 0.01

================================================================================

nonoverlapping_CNN_sigmoid -> overlapping_CNN_tanh

Student Model Parameters:
conv1.weight: [[[-1.3754939   0.7295421   1.0603288 ]]

 [[ 0.618622   -0.5385605  -0.1779006 ]]

 [[ 0.6201914  -0.72182864  0.3470377 ]]

 [[-0.66520673 -1.3180262   0.        ]]]
conv2.weight: [[[-0.4579224   0.34938514]
  [ 0.61910427  0.20429347]
  [ 0.         -1.1536404 ]
  [ 0.69737005  0.7222871 ]]

 [[ 0.64479864 -0.07109236]
  [ 0.          0.        ]
  [-0.10957732 -0.11037989]
  [ 0.04155896  0.        ]]

 [[ 1.7638438   0.47361907]
  [ 0.          0.57312316]
  [-0.73540336  0.        ]
  [ 0.          0.        ]]

 [[ 1.4337891   0.        ]
  [-1.2789252   0.        ]
  [ 0.          0.2429346 ]
  [ 0.08791343  0.        ]]]
conv3.weight: [[[ 0.          0.        ]
  [-0.5312006   0.        ]
  [ 0.         -0.88741827]
  [ 0.35353458  0.85810924]]]

Final Loss: 0.2435
Distance Metric: 7.7495
L1 norm: 0
L2 norm: 0
Batch size: 32
Clipping: 0.01

================================================================================

nonoverlapping_CNN_tanh -> overlapping_CNN_relu

Student Model Parameters:
conv1.weight: [[[-0.5039006  -2.624456    0.52249295]]

 [[ 0.8767234   0.          0.        ]]

 [[-0.84471434 -0.6543201  -0.11731038]]

 [[-1.3594254  -0.61523896  0.        ]]]
conv2.weight: [[[ 0.          0.48893937]
  [-0.6862906   0.29508027]
  [ 0.         -0.60293555]
  [-0.17045982  0.        ]]

 [[ 0.         -0.30074993]
  [-0.5833762   0.63179344]
  [ 0.          0.        ]
  [-0.28198704 -0.7402358 ]]

 [[ 0.4921817   0.13023129]
  [ 0.8064457   0.        ]
  [-0.42147478  0.        ]
  [ 0.          0.        ]]

 [[ 0.          0.3739198 ]
  [ 0.          0.3138907 ]
  [ 0.21315455  0.46573484]
  [ 0.         -0.5589371 ]]]
conv3.weight: [[[ 0.         -0.02707177]
  [ 0.31192273  0.        ]
  [-0.41242117  0.35059637]
  [ 0.47068197 -0.39285982]]]

Final Loss: 0.2598
Distance Metric: 7.4899
L1 norm: 0
L2 norm: 0
Batch size: 32
Clipping: 0.01

================================================================================

nonoverlapping_CNN_tanh -> overlapping_CNN_sigmoid

Student Model Parameters:
conv1.weight: [[[ 4.0930424  -4.879415    1.6190572 ]]

 [[ 0.         -0.82842314  2.2606537 ]]

 [[-3.8994725   3.7391047   0.        ]]

 [[ 0.          0.          0.        ]]]
conv2.weight: [[[  8.177918     0.        ]
  [  0.           0.        ]
  [  0.           0.        ]
  [  0.         -12.842797  ]]

 [[ -5.6090956    0.        ]
  [ -1.5261257    2.3521612 ]
  [  4.5629797   -8.637703  ]
  [  2.325421     0.        ]]

 [[  0.8456989   -0.61020446]
  [  0.42883974   0.        ]
  [  0.4359219    0.02160443]
  [  1.1442416    0.20058528]]

 [[ -5.3840513    0.        ]
  [ -2.8900902    0.        ]
  [  0.           0.        ]
  [  0.          -3.9659908 ]]]
conv3.weight: [[[-6.1028566  0.       ]
  [ 0.        -8.630606 ]
  [ 0.         0.       ]
  [ 0.        -1.3689735]]]

Final Loss: 0.2499
Distance Metric: 41.1612
L1 norm: 0
L2 norm: 0
Batch size: 32
Clipping: 0.01

================================================================================

nonoverlapping_CNN_tanh -> overlapping_CNN_tanh

Student Model Parameters:
conv1.weight: [[[ 0.          0.          0.        ]]

 [[ 0.7462749  -0.8087301  -0.35816053]]

 [[ 1.4430019  -1.5406175   0.        ]]

 [[-2.5898473   2.8298314  -0.86994725]]]
conv2.weight: [[[ 0.67158777 -0.10072742]
  [ 0.61020035 -0.3017246 ]
  [ 0.         -0.44730943]
  [ 0.6493277   0.28342304]]

 [[-0.90093565  0.315469  ]
  [-0.0116445  -0.5351679 ]
  [-0.49610236  1.4400363 ]
  [ 1.8405292   0.        ]]

 [[ 0.01031071 -0.01458587]
  [ 0.          0.        ]
  [ 0.          0.        ]
  [ 1.3799492  -1.2899494 ]]

 [[-0.2796645  -0.5792194 ]
  [-0.6047157  -0.13895427]
  [-0.31432277  0.8658888 ]
  [-0.56066734  0.        ]]]
conv3.weight: [[[ 0.          0.        ]
  [ 0.          0.        ]
  [ 0.8600041  -0.84000516]
  [ 0.          0.        ]]]

Final Loss: 0.0000
Distance Metric: 5.6470
L1 norm: 0
L2 norm: 0
Batch size: 32
Clipping: 0.01

================================================================================

