Experiment Summary:
================================================================================

Teacher Model Parameters:
layers.0.weight: [[[ 2.59 -2.83  0.87]]]
layers.1.weight: [[[-1.38  1.29]]]
layers.2.weight: [[[ 0.86 -0.84]]]

================================================================================

nonoverlappingCNN_relu -> fcnn_relu

Student Model Parameters:
layers.0.weight: [[-0.444024   -0.93936706 -0.18208541 ...  0.8242048  -0.00414981
  -0.09694783]
 [ 0.18694352  0.08756924  0.0013589  ...  0.16415331  0.5882661
  -0.16020717]
 [ 0.42709187  0.31285     0.14284362 ...  0.61853313  0.32155
  -0.16981031]
 ...
 [-0.08704113  0.8282086  -0.25403848 ...  0.98991996 -0.44879073
  -0.03709784]
 [ 0.13974431 -0.3456295   0.13585982 ... -0.35478348 -0.1406755
  -0.00290362]
 [-0.2182896   0.41107503 -0.12033433 ... -0.96813667  0.08388494
   0.02646579]]
layers.1.weight: [[-0.03502787  0.0110234   0.01607634 ... -0.0760529   0.02176386
   0.02276876]
 [ 0.         -0.00323409 -0.03577338 ... -0.00913018  0.02346217
  -0.14353232]
 [-0.01782724  0.          0.13605307 ... -0.0329904   0.01599629
  -0.01129178]
 ...
 [ 0.03191907  0.05191274 -0.01206875 ...  0.08564634  0.11832551
   0.01284789]
 [ 0.00130871 -0.00192672 -0.03884842 ... -0.0789933  -0.02607517
  -0.01056906]
 [ 0.01890198 -0.14043339 -0.04780138 ...  0.00528607 -0.0551858
  -0.11229844]]
layers.2.weight: [[-0.13240641 -0.28772062 -0.03301676 -0.62675226 -0.31052884 -1.4755064
  -0.02138036 -0.0451543  -0.13049173  0.4031201  -0.11800151 -0.53357506
   0.10906976 -0.33036247 -0.1924529  -0.25337785 -0.3940516  -0.23217225
  -0.17364244  0.12557228  0.22312553 -0.21444881  0.8795267  -0.16027752
  -0.07911541 -1.3744241  -0.14263295 -0.8528857  -0.7681469  -0.14039288
  -0.16626383 -0.3569824 ]]

Final Loss: 0.5597
Distance Metric: 47.9820
L1 norm: 1e-05
L2 norm: 0
Batch size: 32
Clipping: 0

================================================================================

nonoverlappingCNN_tanh -> fcnn_tanh

Student Model Parameters:
layers.0.weight: [[0. 0. 0. ... 0. 0. 0.]
 [0. 0. 0. ... 0. 0. 0.]
 [0. 0. 0. ... 0. 0. 0.]
 ...
 [0. 0. 0. ... 0. 0. 0.]
 [0. 0. 0. ... 0. 0. 0.]
 [0. 0. 0. ... 0. 0. 0.]]
layers.1.weight: [[0. 0. 0. ... 0. 0. 0.]
 [0. 0. 0. ... 0. 0. 0.]
 [0. 0. 0. ... 0. 0. 0.]
 ...
 [0. 0. 0. ... 0. 0. 0.]
 [0. 0. 0. ... 0. 0. 0.]
 [0. 0. 0. ... 0. 0. 0.]]
layers.2.weight: [[ 0.         -0.45196408  0.          0.          0.50581753  0.
   0.          0.          0.          0.          0.          0.
   0.          0.          0.          0.          0.          0.
   0.         -0.44591686  0.          0.          0.          0.
   0.          0.38646004  0.          0.          0.          0.
  -0.47125465 -0.26086086]]

Final Loss: 0.0004
Distance Metric: 11.6335
L1 norm: 1e-05
L2 norm: 0
Batch size: 32
Clipping: 0

================================================================================

nonoverlappingCNN_sigmoid -> fcnn_sigmoid

Student Model Parameters:
layers.0.weight: [[0. 0. 0. ... 0. 0. 0.]
 [0. 0. 0. ... 0. 0. 0.]
 [0. 0. 0. ... 0. 0. 0.]
 ...
 [0. 0. 0. ... 0. 0. 0.]
 [0. 0. 0. ... 0. 0. 0.]
 [0. 0. 0. ... 0. 0. 0.]]
layers.1.weight: [[0. 0. 0. ... 0. 0. 0.]
 [0. 0. 0. ... 0. 0. 0.]
 [0. 0. 0. ... 0. 0. 0.]
 ...
 [0. 0. 0. ... 0. 0. 0.]
 [0. 0. 0. ... 0. 0. 0.]
 [0. 0. 0. ... 0. 0. 0.]]
layers.2.weight: [[ 0.         0.         0.         0.         0.         0.
   0.         0.         0.         0.         0.         0.
   0.         0.         1.6816809  0.         0.         0.
   0.         0.         0.         0.         0.        -1.610788
   0.         0.         0.         0.         0.         0.
   0.         0.       ]]

Final Loss: 0.0003
Distance Metric: 8.5520
L1 norm: 1e-05
L2 norm: 0
Batch size: 32
Clipping: 0

================================================================================

