Experiment Summary:
================================================================================

Teacher Model Parameters:
conv1.weight: [[[ 2.59 -2.83  0.87]]]
conv2.weight: [[[-1.38  1.29]]]
conv3.weight: [[[ 0.86 -0.84]]]

================================================================================

nonoverlapping_CNN_relu -> overlapping_CNN_relu

Student Model Parameters:
conv1.weight: [[[ 0.6761523  -2.5298884   1.6022241 ]]

 [[-0.03406445 -1.7113849  -0.02341229]]

 [[-2.670815    0.63822454 -0.6153758 ]]

 [[ 0.7055249  -4.0404253   2.042335  ]]]
conv2.weight: [[[-1.3327636   1.6401011 ]
  [-0.72552097  0.5697735 ]
  [ 0.2212197  -1.2289034 ]
  [-2.051092    2.971221  ]]

 [[-0.10852455 -0.44541162]
  [-1.8093344  -1.0927572 ]
  [-0.06102079 -0.30463716]
  [-0.88124216 -2.255618  ]]

 [[-0.6418748  -0.753447  ]
  [-2.3302782  -1.4688206 ]
  [-0.85931337 -0.46252555]
  [-3.2450342  -2.4744618 ]]

 [[-0.7088375  -0.0217326 ]
  [ 0.04015679 -0.54477054]
  [-0.8148872  -0.5798201 ]
  [-1.1418602  -0.7036871 ]]]
conv3.weight: [[[-4.910943   -4.0125694 ]
  [-2.0291076  -0.72893953]
  [-0.45710003 -0.18802863]
  [ 0.35731637 -0.6665424 ]]]

Final Loss: 0.3133
Distance Metric: 21.0737
L1 norm: 0
L2 norm: 1e-05

================================================================================

nonoverlapping_CNN_relu -> overlapping_CNN_sigmoid

Student Model Parameters:
conv1.weight: [[[ 0.86218566 -0.604391    0.12441301]]

 [[-0.73259884  1.042065   -0.62365395]]

 [[ 0.93561286 -1.187892    0.16526093]]

 [[-6.7366085   7.1858277  -2.0513873 ]]]
conv2.weight: [[[ 3.6486344e+00  2.3589299e+00]
  [-2.5695410e+00 -2.7656281e+00]
  [ 4.8610506e+00  2.3218410e+00]
  [-1.8153797e+00 -1.4358480e+00]]

 [[ 4.9085727e+00 -2.6715643e+00]
  [-3.9992876e+00  2.8782613e+00]
  [ 5.0774841e+00 -5.4265146e+00]
  [-1.4387337e+00  1.1157286e+01]]

 [[-5.5663085e-01  7.4546659e-01]
  [-5.2572411e-01 -1.2047477e+00]
  [ 1.7275111e-01  6.6745169e-03]
  [ 1.5589182e+00  1.4969481e+00]]

 [[-3.9725816e+00  3.6494284e+00]
  [-3.5751468e-01 -8.7180023e+00]
  [-2.2879369e+00  2.6972065e+00]
  [-9.7701544e-01 -5.3411932e+00]]]
conv3.weight: [[[  6.8614526   -2.2730005 ]
  [-14.692168     5.511343  ]
  [ -0.66948354  -3.7336123 ]
  [ 10.826821    -9.371497  ]]]

Final Loss: 3.4479
Distance Metric: 58.0400
L1 norm: 0
L2 norm: 1e-05

================================================================================

nonoverlapping_CNN_relu -> overlapping_CNN_tanh

Student Model Parameters:
conv1.weight: [[[-2.6593504   2.8820832  -1.3499278 ]]

 [[-0.5019011   0.6715319  -0.6084833 ]]

 [[-0.6335945   0.45280662 -0.291644  ]]

 [[ 0.252347   -0.79212177 -0.12416913]]]
conv2.weight: [[[-0.18618573  0.25622645]
  [ 0.36698014 -0.13015477]
  [-0.6285948   0.20032148]
  [-0.63172597 -0.21458483]]

 [[ 1.827746    1.7831573 ]
  [-0.15416326  1.4418764 ]
  [ 1.5910658  -0.32209498]
  [-0.532071   -1.7037258 ]]

 [[ 0.19519696  0.35295743]
  [-0.14147477 -0.23441532]
  [ 0.25268975  0.01341458]
  [ 0.89987266 -0.02986278]]

 [[-0.8685095  -2.8364122 ]
  [-0.23676854  2.1800659 ]
  [-1.350737    2.2544668 ]
  [ 1.0758903  -1.6059577 ]]]
conv3.weight: [[[-0.25019735  0.08586325]
  [-1.4828042   0.00682048]
  [-0.2876108  -0.05751107]
  [-1.6103778   0.10789748]]]

Final Loss: 3.7710
Distance Metric: 11.7319
L1 norm: 0
L2 norm: 1e-05

================================================================================

nonoverlapping_CNN_sigmoid -> overlapping_CNN_relu

Student Model Parameters:
conv1.weight: [[[-0.66488683  0.16092335 -0.66385627]]

 [[ 0.51764387 -0.17122012 -0.29474533]]

 [[-0.1014876  -0.24607725  0.20933188]]

 [[ 0.20553268  0.6353885   0.4134641 ]]]
conv2.weight: [[[ 0.38598526 -0.09187833]
  [-0.23563322 -0.03565229]
  [ 0.19116168  0.9273803 ]
  [ 0.2676164   0.09158971]]

 [[-0.24739367 -0.08814073]
  [ 0.3518123  -0.10495842]
  [ 0.46807665  0.30735722]
  [ 0.08679532  0.05534577]]

 [[ 0.05987189 -0.3116365 ]
  [ 0.0747391   0.42189226]
  [ 0.00208452 -0.7308252 ]
  [ 0.04167255 -0.08333448]]

 [[-0.01933343  0.34502584]
  [ 0.34477168  0.3961046 ]
  [ 0.32884592 -0.10605317]
  [ 0.07776989  0.20220289]]]
conv3.weight: [[[ 0.31111234  0.18748853]
  [ 0.10640218  0.16669638]
  [ 0.14568709 -0.06690864]
  [ 0.2542575   0.35605904]]]

Final Loss: 0.0114
Distance Metric: 7.4427
L1 norm: 0
L2 norm: 1e-05

================================================================================

nonoverlapping_CNN_sigmoid -> overlapping_CNN_sigmoid

Student Model Parameters:
conv1.weight: [[[ 1.8600549  -2.0284936   0.6269454 ]]

 [[-0.12007563  0.26756763 -0.02745407]]

 [[-0.39988896  0.3169359  -0.1587969 ]]

 [[-0.78862333  0.6792176  -0.34564775]]]
conv2.weight: [[[ 0.6591273  -0.7554116 ]
  [ 0.4024947  -0.24046522]
  [ 0.33307526 -0.01503796]
  [-0.09489182 -0.19582108]]

 [[ 0.5458005  -0.7339232 ]
  [ 0.18167993  0.00451118]
  [ 0.25779876 -0.28445426]
  [-0.02522505  0.12911358]]

 [[-0.6255162   0.30439234]
  [ 0.20757687 -0.07203499]
  [-0.36383203 -0.22558476]
  [ 0.20858377  0.08257342]]

 [[-0.5180609   0.2568684 ]
  [-0.08790315  0.24707979]
  [ 0.171588    0.32778147]
  [-0.14544062  0.04515677]]]
conv3.weight: [[[-0.6824908   0.6804136 ]
  [-0.74283856  0.7146004 ]
  [ 0.42822176 -0.46080115]
  [ 0.47302437 -0.40020224]]]

Final Loss: 0.0000
Distance Metric: 6.3537
L1 norm: 0
L2 norm: 1e-05

================================================================================

nonoverlapping_CNN_sigmoid -> overlapping_CNN_tanh

Student Model Parameters:
conv1.weight: [[[ 2.2990065  -1.251579    1.5585635 ]]

 [[-0.3314598   0.05149751 -0.15603213]]

 [[ 1.3710328  -0.8255861   1.7038504 ]]

 [[-1.3822615   0.8824418  -0.44228446]]]
conv2.weight: [[[ 1.2890325e-01 -1.6577418e-01]
  [-3.5277167e-01  7.0062652e-02]
  [-4.0532568e-01  1.8717552e-02]
  [ 5.3911086e-04 -7.7609055e-02]]

 [[-4.9430168e-01 -1.3688035e+00]
  [-8.8332397e-01  1.6120788e-01]
  [ 3.6141658e-01  8.9645845e-01]
  [ 4.6469188e-01 -7.5669414e-01]]

 [[-3.5144857e-01  1.9434057e-01]
  [ 1.4839914e-01 -2.4782503e-01]
  [ 3.1750035e-01 -1.4581294e-01]
  [-1.8957339e-01  1.2327644e-01]]

 [[ 5.2849717e-02  2.8212416e-01]
  [-1.6198237e-01  5.5986114e-02]
  [-8.1925951e-02 -1.8382160e-01]
  [ 5.0587822e-02  1.2010771e-01]]]
conv3.weight: [[[-1.14078902e-01 -9.62356254e-02]
  [ 1.88722059e-01 -1.07189246e-01]
  [ 5.70415556e-02  4.92436215e-02]
  [-3.60294990e-02  1.21532161e-04]]]

Final Loss: 0.2467
Distance Metric: 7.8582
L1 norm: 0
L2 norm: 1e-05

================================================================================

nonoverlapping_CNN_tanh -> overlapping_CNN_relu

Student Model Parameters:
conv1.weight: [[[ 0.35830155  0.07031957  0.54085517]]

 [[ 0.01741949 -0.53404266 -0.4109454 ]]

 [[-0.52805114  0.55503684 -0.23720501]]

 [[ 1.2794899  -1.3299934   0.48584926]]]
conv2.weight: [[[ 0.47582364  0.47389618]
  [ 0.47457865  0.41820586]
  [ 0.4945647  -0.0095709 ]
  [-1.3137296   0.18889879]]

 [[ 0.53876173  0.14136013]
  [ 0.34993827  0.18560944]
  [ 0.23771441  0.25441453]
  [-0.00149715 -1.4943647 ]]

 [[ 0.54849887  0.48577943]
  [ 0.5557331   0.5414567 ]
  [ 0.1875958   0.19340605]
  [-1.1626956  -0.40558034]]

 [[ 0.10674948  0.48752752]
  [ 0.29283595  0.12880622]
  [-1.3212631   0.15623729]
  [ 0.19642247 -0.99188477]]]
conv3.weight: [[[ 0.4151226  -0.94177824]
  [-0.7314633   0.4073435 ]
  [ 0.3737698   0.48345596]
  [-1.1899993   0.28296918]]]

Final Loss: 0.2079
Distance Metric: 9.0136
L1 norm: 0
L2 norm: 1e-05

================================================================================

nonoverlapping_CNN_tanh -> overlapping_CNN_sigmoid

Student Model Parameters:
conv1.weight: [[[ 0.5621225  -0.99105203  0.08711369]]

 [[ 1.8010451  -1.9795294   0.94651324]]

 [[-2.9776456   3.198243   -1.0943596 ]]

 [[-5.135491    5.681805   -1.7148668 ]]]
conv2.weight: [[[-0.4100778   0.54267126]
  [-0.2075976  -0.33134085]
  [-2.5719585   0.2752894 ]
  [-2.4238024   2.1971467 ]]

 [[-0.4314032   0.4514366 ]
  [-1.3426899   0.14149655]
  [ 0.11584119 -1.8237114 ]
  [ 0.985618   -1.2522669 ]]

 [[ 0.02891681  0.91973686]
  [ 0.1389169   1.2107146 ]
  [ 1.0866584  -2.475041  ]
  [ 2.2232187  -2.92594   ]]

 [[ 0.16357528 -0.8633736 ]
  [-0.15858877 -0.9089599 ]
  [ 1.6135644  -1.7296548 ]
  [ 4.163097   -2.4625847 ]]]
conv3.weight: [[[-4.3737164 -1.3941499]
  [-1.4640462 -2.1798217]
  [ 3.8968487 -2.8387094]
  [ 3.049533  -5.4795837]]]

Final Loss: 0.1847
Distance Metric: 29.0747
L1 norm: 0
L2 norm: 1e-05

================================================================================

nonoverlapping_CNN_tanh -> overlapping_CNN_tanh

Student Model Parameters:
conv1.weight: [[[ 2.2062163  -2.408892    0.7386551 ]]

 [[-0.15802494  0.23561864 -0.08377005]]

 [[-0.7208309   0.7003754  -0.20509976]]

 [[ 0.40999055 -0.5416608   0.18381323]]]
conv2.weight: [[[-1.1194323   1.6155479 ]
  [ 0.21139723  0.43014476]
  [ 0.02109468 -0.26150364]
  [ 0.18782908  0.5490545 ]]

 [[ 1.7151245  -1.1864709 ]
  [-0.04184161  0.26475975]
  [-0.16463871 -0.03450138]
  [ 0.14111353  0.21758021]]

 [[ 0.8870192  -0.01784538]
  [ 0.29316393 -0.0171615 ]
  [ 0.26562068  0.6035881 ]
  [ 0.06741487  0.17328559]]

 [[-0.36429092  0.37893716]
  [ 0.2533603  -0.08364443]
  [ 0.7016258  -0.7891523 ]
  [-0.3588646   0.37714887]]]
conv3.weight: [[[ 0.3957415  -0.3861461 ]
  [-0.525905    0.51253223]
  [-0.0193552   0.01973197]
  [-0.08321838  0.0803743 ]]]

Final Loss: 0.0000
Distance Metric: 6.0735
L1 norm: 0
L2 norm: 1e-05

================================================================================

