Experiment Summary:
================================================================================

Teacher Model Parameters:
layers.0.weight: [[[-0.78 -0.12  0.7 ]]

 [[-1.16  0.47  0.05]]

 [[-0.73  1.96 -1.01]]

 [[-0.32  0.21  0.63]]]
layers.1.weight: [[[ 0.    0.04]
  [ 0.68  0.34]
  [ 0.54 -0.22]
  [-0.14 -0.33]]

 [[-0.14  1.59]
  [ 1.48 -0.52]
  [-1.26  0.3 ]
  [-0.4  -1.09]]

 [[-0.71  0.44]
  [-0.02 -0.14]
  [ 0.37 -0.7 ]
  [-0.83 -0.38]]

 [[ 0.89 -0.48]
  [-0.27 -0.81]
  [ 1.76 -0.41]
  [ 0.15  0.49]]]
layers.2.weight: [[[-0.54  0.16]
  [-0.74 -0.46]
  [ 0.08  0.18]
  [-0.22  0.81]]]

================================================================================

overlappingCNN_sigmoid -> fcnn_decreasing_sigmoid

Student Model Parameters:
layers.0.weight: [[-0.01673041  0.00098057  0.00220681 ... -0.01354777  0.00689033
  -0.0021067 ]
 [ 0.07951406 -0.00510085 -0.01042142 ...  0.063743   -0.03282303
   0.01005843]
 [-0.03684336  0.00219689  0.00485403 ... -0.02978032  0.01518044
  -0.00464319]
 ...
 [-0.03468772  0.00206342  0.00457083 ... -0.0280467   0.01429171
  -0.00437135]
 [ 0.0270975  -0.00159945 -0.00357233 ...  0.02192831 -0.0111628
   0.00341379]
 [ 0.04546531 -0.00274041 -0.00598538 ...  0.03671046 -0.01874023
   0.00573326]]
layers.1.weight: [[ 0.003529   -0.0167111   0.00777321 ...  0.00731949 -0.00573852
  -0.00960617]
 [-0.00658567  0.03105557 -0.01447867 ... -0.01363492  0.0106495
   0.01784304]
 [ 0.00404272 -0.01912488  0.00890064 ...  0.00838127 -0.00656525
  -0.01099287]
 ...
 [ 0.00623114 -0.02944948  0.0137129  ...  0.01291333 -0.0101066
  -0.01692549]
 [-0.00354988  0.01662857 -0.0077809  ... -0.00732866  0.0056893
   0.00954551]
 [ 0.00433315 -0.02049244  0.00953856 ...  0.00898227 -0.00703361
  -0.01177775]]
layers.2.weight: [[-0.2273707   0.42387876 -0.26034397  0.03508317 -0.07498051 -0.06892315
  -0.09703648  0.812994    0.29086035 -0.19653976 -0.13272083 -0.01798072
  -0.25296918  0.04825903  0.07183658 -0.0318355  -0.32378832  0.08908387
   0.11791053 -0.2652479   0.03037356 -0.17193791  0.54078746 -0.06577127
   0.14509773 -0.37883142  0.13244231 -0.30799413 -0.38358328 -0.4018299
   0.22645919 -0.27903384]]

Final Loss: 0.0001
Distance Metric: 8.3593
L1 norm: 0
L2 norm: 1e-05
Batch size: 16
Clipping: 0
Learning rate: 0.005
data size: 100000
init: 0.2
seed: 1
stopped after epoch: 1588

================================================================================

overlappingCNN_sigmoid -> fcnn_decreasing_relu

Student Model Parameters:
layers.0.weight: [[-0.04044744  0.0071535  -0.05966513 ... -0.03938504  0.04867169
   0.02473377]
 [ 0.04747526 -0.00992612 -0.04696025 ...  0.          0.03073029
  -0.05145796]
 [-0.0295782   0.03968206 -0.01747795 ... -0.1185367  -0.01345202
  -0.02635105]
 ...
 [-0.00048888  0.07168178  0.00410599 ...  0.0682706   0.04436748
  -0.05905024]
 [ 0.05062327 -0.04378279 -0.03721119 ... -0.01501769 -0.03665515
  -0.06144523]
 [-0.07327165 -0.05497947 -0.11198551 ... -0.04070863  0.03047406
   0.04517053]]
layers.1.weight: [[-0.01813602  0.00907137  0.00255875 ... -0.00974513  0.00580694
  -0.02988455]
 [ 0.00757652  0.01752598 -0.00373257 ... -0.00034785  0.02063826
   0.03025016]
 [ 0.02282703 -0.00195871 -0.005508   ... -0.05044784 -0.0577937
   0.03817866]
 ...
 [ 0.02489806  0.03258298 -0.03854417 ...  0.01998536  0.01712663
   0.03345681]
 [-0.03405241 -0.03999832  0.01958491 ... -0.04196621  0.01315801
  -0.06791558]
 [-0.04826975  0.02683643 -0.01810146 ... -0.05118867  0.00521248
   0.00779283]]
layers.2.weight: [[ 0.26171467  0.21890813 -0.44511333  0.24620563  0.20588511  0.25157735
  -0.42477232 -0.28710982  0.1820678   0.2208154   0.19790845 -0.46485752
  -0.47465897 -0.46040678  0.2485341   0.43657088  0.16787025  0.30211115
  -0.37600717 -0.38722458 -0.3939404  -0.4338623   0.2026708  -0.3447609
  -0.4519268  -0.33177722  0.2434618   0.2754109   0.12181498  0.18013635
  -0.4685521  -0.32355142]]

Final Loss: 0.0067
Distance Metric: 13.7764
L1 norm: 0
L2 norm: 1e-05
Batch size: 16
Clipping: 0
Learning rate: 0.005
data size: 100000
init: 0.2
seed: 1
stopped after epoch: 1422

================================================================================

overlappingCNN_sigmoid -> fcnn_decreasing_tanh

Student Model Parameters:
layers.0.weight: [[ 0.00432095 -0.01197517  0.00645886 ...  0.01767119 -0.01081556
   0.00152641]
 [-0.00115408  0.00317193 -0.00176048 ... -0.00464068  0.00284965
  -0.00034945]
 [ 0.00502172 -0.01455674  0.00763637 ...  0.02171147 -0.01315511
   0.00195241]
 ...
 [-0.0023611   0.00696119 -0.00379234 ... -0.01028369  0.00620937
  -0.00075356]
 [-0.00598686  0.01677496 -0.00871368 ... -0.02498792  0.0152954
  -0.00248467]
 [ 0.00025573 -0.00037579  0.00025208 ...  0.00045664 -0.00035335
   0.        ]]
layers.1.weight: [[-0.00403626  0.00131348 -0.00619517 ...  0.00111371  0.00509544
  -0.0001121 ]
 [ 0.00052529 -0.00042938  0.00037201 ...  0.00034672  0.
  -0.00105341]
 [ 0.0007597  -0.00093124  0.00132031 ...  0.          0.0004354
   0.00040764]
 ...
 [-0.00215364 -0.00066627 -0.00202269 ... -0.00046805  0.00110007
   0.00061792]
 [-0.00042448  0.00066116 -0.00135507 ...  0.00077998  0.00160433
   0.00127381]
 [ 0.          0.00044621 -0.00226504 ...  0.00030649  0.00123861
   0.00070747]]
layers.2.weight: [[-0.06488322  0.01205278  0.00432013 -0.01152573 -0.02529886 -0.00305554
   0.0239794   0.00505455 -0.00445715  0.01787448 -0.03844454  0.00689518
  -0.07612599  0.12541097 -0.00365938 -0.01372651 -0.00462904 -0.02072273
   0.03236672  0.00025031  0.02091082 -0.03525257  0.0048224  -0.01290695
   0.00749827 -0.02987583  0.00522177  0.01901443  0.03994152 -0.01574179
  -0.00539355 -0.01452592]]

Final Loss: 0.1671
Distance Metric: 7.9144
L1 norm: 0
L2 norm: 1e-05
Batch size: 16
Clipping: 0
Learning rate: 0.005
data size: 100000
init: 0.2
seed: 1
stopped after epoch: 383

================================================================================

overlappingCNN_relu -> fcnn_decreasing_sigmoid

Student Model Parameters:
layers.0.weight: [[-0.6432486   0.03622785  0.11212335 ... -0.2836969   0.53490716
  -0.27838826]
 [-0.13341346 -0.01270687  0.05372578 ...  0.14032649 -0.18747304
   0.06426225]
 [-0.27717662 -0.0435242   0.09339637 ... -0.24684134  0.26530167
  -0.03223506]
 ...
 [ 0.16879237 -0.05827717 -0.03762952 ... -0.13415898 -0.05236795
   0.03057721]
 [ 0.6371564  -0.26584214 -0.00117008 ...  0.27469036  0.27581298
  -0.17804219]
 [ 0.04940242  0.08353925 -0.03552122 ...  0.07862767  0.05104367
  -0.04364451]]
layers.1.weight: [[-2.3378957e-02 -8.3891489e-04 -1.1388963e-03 ...  1.5687641e-03
  -4.2624082e-03 -3.8380974e-03]
 [-2.5547864e-02 -7.5182779e-04 -1.0833828e-03 ...  1.8967949e-03
  -4.4956766e-03 -4.0514190e-03]
 [-1.2612228e-01  1.8165757e-04 -1.6555546e-03 ...  1.1465104e-02
  -1.7608771e-02 -1.5724486e-02]
 ...
 [-1.5999331e-01 -1.2883182e-01 -2.6829487e-01 ...  1.8292302e-01
   5.1760620e-01  6.9219813e-02]
 [-1.0538028e+00 -1.2463838e-02  1.8696573e-02 ...  1.9445797e-02
  -3.2947624e-01 -2.3286561e-02]
 [-2.5345163e-02 -7.5970503e-04 -1.0883152e-03 ...  1.8664313e-03
  -4.4736210e-03 -4.0312326e-03]]
layers.2.weight: [[-8.3304480e-02 -9.1334619e-02 -4.1229281e-01  3.5980382e+00
  -2.6313922e-01 -1.9540703e+00  2.0514585e-02  4.1863699e+00
  -7.0742849e-04 -2.0381434e+00 -3.0036520e-03 -7.4670732e-02
  -2.6193473e-01 -4.0130515e+00 -1.3047773e-02  2.2677448e+00
  -2.7414072e+00 -4.6819426e-02 -1.2590116e-02 -9.3227923e-03
   2.9565039e+00 -2.3530185e-02  2.0615327e+00 -2.4151564e+00
   2.2735107e+00  4.0604753e+00 -5.5195518e+00  2.0161214e+00
   1.9360026e+00  3.9227390e+00 -4.0830793e+00 -9.0586215e-02]]

Final Loss: 2.1192
Distance Metric: 41.6714
L1 norm: 0
L2 norm: 1e-05
Batch size: 16
Clipping: 0
Learning rate: 0.005
data size: 100000
init: 0.2
seed: 1
stopped after epoch: 3626

================================================================================

overlappingCNN_relu -> fcnn_decreasing_relu

Student Model Parameters:
layers.0.weight: [[ 1.0270510e-03  3.7454700e-04 -4.9870065e-04 ...  2.1966033e-04
   1.8002979e-04 -3.3910552e-04]
 [ 3.1114300e-03  4.2148793e-04 -1.1730485e-03 ...  0.0000000e+00
  -2.6927821e-04 -2.5915031e-04]
 [ 4.1024266e-03 -1.7164549e-03  2.8769274e-03 ...  4.7482708e-03
   1.4178187e-02  1.0607605e-02]
 ...
 [ 2.5101379e-04 -1.5733665e-04  1.0658300e-04 ... -7.1702547e-02
   1.9261357e-01 -9.8994523e-02]
 [ 1.3951033e-02 -7.3541334e-04 -1.3569513e-02 ...  3.0645735e-03
  -4.8441358e-04  1.1040824e-03]
 [ 4.7761592e-04 -3.9097987e-04  5.1875645e-04 ... -2.5190178e-03
  -5.2141841e-04 -4.8399845e-04]]
layers.1.weight: [[ 0.00020977 -0.00046388 -0.01267625 ... -0.03374293  0.00182445
  -0.00089378]
 [ 0.0010353   0.00130066 -0.0003685  ... -0.04102657  0.0051364
  -0.00826921]
 [ 0.00684932 -0.00105019  0.00342909 ...  0.00226569  0.00273046
   0.00511919]
 ...
 [ 0.          0.          0.         ...  0.00014405  0.
   0.        ]
 [ 0.0009667   0.00187658  0.00109709 ...  0.00852747  0.00135357
   0.00613555]
 [-0.00223738  0.00125873  0.00134184 ...  0.00049818  0.00014354
   0.00161506]]
layers.2.weight: [[ 2.78032213e-01  4.49897647e-01 -2.03451395e-01  3.07256997e-01
  -9.11465645e-01  1.85779095e-01  1.69144675e-01  2.63646573e-01
   1.58768249e+00 -1.35555148e+00 -9.13441718e-01 -2.56477237e-01
  -1.02990977e-02  6.97262645e-01  8.99661682e-04 -9.07883167e-01
  -1.42326117e+00 -2.82303576e-04 -3.49144876e-01  1.11654066e-01
   1.47497624e-01  1.95191443e-01  2.38159299e-01 -1.21624753e-01
  -4.52801734e-02  2.38511890e-01 -7.22405985e-02  2.98221558e-01
   2.22689402e-03 -5.28759975e-03 -1.74144223e-01 -1.05354115e-01]]

Final Loss: 0.0003
Distance Metric: 13.2181
L1 norm: 0
L2 norm: 1e-05
Batch size: 16
Clipping: 0
Learning rate: 0.005
data size: 100000
init: 0.2
seed: 1
stopped after epoch: 1702

================================================================================

overlappingCNN_relu -> fcnn_decreasing_tanh

Student Model Parameters:
layers.0.weight: [[-0.01207474 -0.01915793  0.00701711 ... -0.01089807 -0.00663217
   0.00414007]
 [-0.03117353  0.03200476 -0.00646982 ... -0.01899856  0.01358627
   0.000303  ]
 [ 0.02229345 -0.01963228  0.0138992  ...  0.00831392 -0.00997435
  -0.02435754]
 ...
 [-0.02591942 -0.0074073   0.00137484 ... -0.01983304  0.00715502
   0.00890082]
 [ 0.02426955 -0.06200967  0.01636487 ...  0.01832038 -0.03441526
   0.03478564]
 [-0.00755484 -0.0367451   0.01290779 ... -0.00446223 -0.02130541
   0.00807959]]
layers.1.weight: [[ 0.02880505  0.01877406 -0.00474147 ...  0.02080342 -0.00325656
   0.03698166]
 [-0.00199724 -0.01516452  0.02440762 ... -0.0013448   0.01008128
  -0.00680897]
 [ 0.04019606  0.00488044 -0.01340875 ...  0.0511355   0.03346771
   0.04081448]
 ...
 [ 0.00071447 -0.00283423  0.00074198 ...  0.00030951  0.01026725
   0.00338233]
 [ 0.00069867 -0.0028311   0.0007547  ...  0.00032565  0.01025329
   0.00338177]
 [ 0.00069191 -0.00285014  0.00075826 ...  0.00028745  0.01031267
   0.00337895]]
layers.2.weight: [[-0.19437516  0.21381837  0.36546677  0.3425887  -0.39602834 -0.28437385
   0.0336687   0.03344385 -0.03359449  0.32138658  0.1947441   0.03356765
  -0.03358344 -0.87369496  0.0333311  -0.03364324  0.34142238 -0.26218915
  -0.03359793  0.32960963  0.22523078  0.03353459 -0.03355919  0.45357835
   0.03360191  0.87196594 -0.03357519  0.03352797  0.03350369 -0.03356399
  -0.0335276  -0.03365964]]

Final Loss: 2.3981
Distance Metric: 24.4960
L1 norm: 0
L2 norm: 1e-05
Batch size: 16
Clipping: 0
Learning rate: 0.005
data size: 100000
init: 0.2
seed: 1
stopped after epoch: 895

================================================================================

