Experiment Summary:
================================================================================

Teacher Model Parameters:
layers.0.weight: [[[ 2.59 -2.83  0.87]]]
layers.1.weight: [[[-1.38  1.29]]]
layers.2.weight: [[[ 0.86 -0.84]]]

================================================================================

nonoverlappingCNN_relu -> fcnn_decreasing_relu

Student Model Parameters:
layers.0.weight: [[0. 0. 0. ... 0. 0. 0.]
 [0. 0. 0. ... 0. 0. 0.]
 [0. 0. 0. ... 0. 0. 0.]
 ...
 [0. 0. 0. ... 0. 0. 0.]
 [0. 0. 0. ... 0. 0. 0.]
 [0. 0. 0. ... 0. 0. 0.]]
layers.1.weight: [[0. 0. 0. ... 0. 0. 0.]
 [0. 0. 0. ... 0. 0. 0.]
 [0. 0. 0. ... 0. 0. 0.]
 ...
 [0. 0. 0. ... 0. 0. 0.]
 [0. 0. 0. ... 0. 0. 0.]
 [0. 0. 0. ... 0. 0. 0.]]
layers.2.weight: [[ 0.20360576 -1.1187147   0.          0.          0.          1.0817667
   0.          0.          0.          0.          0.         -0.14279652
   0.          0.          0.         -1.6636224   0.         -1.3492887
   0.          0.          4.648993    0.          0.         -3.0578067
   0.          0.          0.         -0.12701681 -0.19910663  0.
   0.          0.        ]]

Final Loss: 0.0003
Distance Metric: 13.2355
L1 norm: 1e-05
L2 norm: 0
Batch size: 32
Clipping: 0

================================================================================

nonoverlappingCNN_tanh -> fcnn_decreasing_tanh

Student Model Parameters:
layers.0.weight: [[0. 0. 0. ... 0. 0. 0.]
 [0. 0. 0. ... 0. 0. 0.]
 [0. 0. 0. ... 0. 0. 0.]
 ...
 [0. 0. 0. ... 0. 0. 0.]
 [0. 0. 0. ... 0. 0. 0.]
 [0. 0. 0. ... 0. 0. 0.]]
layers.1.weight: [[0. 0. 0. ... 0. 0. 0.]
 [0. 0. 0. ... 0. 0. 0.]
 [0. 0. 0. ... 0. 0. 0.]
 ...
 [0. 0. 0. ... 0. 0. 0.]
 [0. 0. 0. ... 0. 0. 0.]
 [0. 0. 0. ... 0. 0. 0.]]
layers.2.weight: [[ 0.          0.          0.          0.          0.          0.
   0.          0.          0.          0.          0.          0.
   0.          0.          0.7129169   0.4832596   0.          0.
   0.          0.5068562  -0.54778945  0.5859679  -0.58195245  0.
   0.          0.5276615   0.          0.          0.          0.
   0.          0.        ]]

Final Loss: 0.0004
Distance Metric: 11.7504
L1 norm: 1e-05
L2 norm: 0
Batch size: 32
Clipping: 0

================================================================================

nonoverlappingCNN_sigmoid -> fcnn_decreasing_sigmoid

Student Model Parameters:
layers.0.weight: [[0. 0. 0. ... 0. 0. 0.]
 [0. 0. 0. ... 0. 0. 0.]
 [0. 0. 0. ... 0. 0. 0.]
 ...
 [0. 0. 0. ... 0. 0. 0.]
 [0. 0. 0. ... 0. 0. 0.]
 [0. 0. 0. ... 0. 0. 0.]]
layers.1.weight: [[0. 0. 0. ... 0. 0. 0.]
 [0. 0. 0. ... 0. 0. 0.]
 [0. 0. 0. ... 0. 0. 0.]
 ...
 [0. 0. 0. ... 0. 0. 0.]
 [0. 0. 0. ... 0. 0. 0.]
 [0. 0. 0. ... 0. 0. 0.]]
layers.2.weight: [[-7.1165240e-01 -2.2391675e-04 -2.2394746e-04 -2.2406061e-04
  -2.2396931e-04 -2.2403344e-04 -2.2393411e-04 -2.2397135e-04
  -2.2397701e-04 -2.2399129e-04 -2.2404935e-04 -2.2409562e-04
  -2.2405709e-04 -2.2397400e-04 -1.6122931e-01 -5.0739445e-02
  -2.2399370e-04 -2.2392531e-04 -2.2402883e-04 -2.2400278e-04
  -1.1766725e+00 -2.2408010e-04 -2.2409362e-04 -2.2405290e-04
   2.0357175e+00 -2.2391994e-04 -2.2392833e-04 -2.2405914e-04
  -2.2400334e-04 -2.2393724e-04 -2.2392206e-04 -2.2402375e-04]]

Final Loss: 0.0003
Distance Metric: 10.5057
L1 norm: 1e-05
L2 norm: 0
Batch size: 32
Clipping: 0

================================================================================

