Experiment Summary:
================================================================================

Teacher Model Parameters:
layers.0.weight: [[[-0.78 -0.12  0.7 ]]

 [[-1.16  0.47  0.05]]

 [[-0.73  1.96 -1.01]]

 [[-0.32  0.21  0.63]]]
layers.1.weight: [[[ 0.    0.04]
  [ 0.68  0.34]
  [ 0.54 -0.22]
  [-0.14 -0.33]]

 [[-0.14  1.59]
  [ 1.48 -0.52]
  [-1.26  0.3 ]
  [-0.4  -1.09]]

 [[-0.71  0.44]
  [-0.02 -0.14]
  [ 0.37 -0.7 ]
  [-0.83 -0.38]]

 [[ 0.89 -0.48]
  [-0.27 -0.81]
  [ 1.76 -0.41]
  [ 0.15  0.49]]]
layers.2.weight: [[[-0.54  0.16]
  [-0.74 -0.46]
  [ 0.08  0.18]
  [-0.22  0.81]]]

================================================================================

overlappingCNN_relu -> fcnn_decreasing_relu

Student Model Parameters:
layers.0.weight: [[ 0.01532403  0.3435093  -0.47681946 ... -0.327719   -0.3559669
  -0.27652904]
 [-0.5521417   0.43558386  0.6480176  ... -0.15751548 -0.6197732
   0.18108442]
 [-0.18665677  0.03008982 -0.01421557 ...  0.09034969  0.28923917
   0.65760833]
 ...
 [-0.42413095  0.09620586 -0.15578605 ... -0.1695025   0.08490114
   0.31996843]
 [-0.23441727 -0.5318587  -0.2619986  ... -0.08430339 -0.19386697
  -0.09739589]
 [ 0.18157996 -0.29999897 -0.34409043 ... -0.54417396 -0.2682996
  -0.30972412]]
layers.1.weight: [[-0.026431   -0.03339332  0.00318023 ...  0.05061397  0.0515402
  -0.12531278]
 [-0.0410474  -0.05019301 -0.10003917 ...  0.13822865 -0.12556678
  -0.17973378]
 [-0.00575717 -0.05738572 -0.06601536 ... -0.07716643  0.15451258
   0.11458545]
 ...
 [-0.07664893 -0.13964602  0.06502812 ...  0.10830031 -0.06863523
  -0.08361279]
 [ 0.1294518   0.05202554 -0.14137337 ...  0.1201925  -0.05274171
  -0.27189443]
 [-0.06831587 -0.09578172  0.11251423 ... -0.0192261   0.12686715
  -0.13066201]]
layers.2.weight: [[ 0.41409907 -0.3155682  -0.41324455  0.17736839  0.22342548 -0.08850782
   0.35962906 -0.3316922   0.25904316 -0.39912343  0.42446187  0.14653184
  -0.26964468  0.30057874 -0.2710902   0.37297407 -0.4773635  -0.2112253
  -0.1728363  -0.3516158   0.2656859  -0.37422678 -0.26920283 -0.37111053
  -0.5766871   0.24288867 -0.20792153  0.3450911   0.0929755   0.36308497
   0.27895206  0.36736163]]

Final Loss: 0.0151
Distance Metric: 33.2731
L1 norm: 0
L2 norm: 5e-06
Batch size: 32
Clipping: 0
Learning rate: 0.005
data size: 5120

================================================================================

overlappingCNN_tanh -> fcnn_decreasing_tanh

Student Model Parameters:
layers.0.weight: [[ 3.96926105e-01  3.69339317e-01 -2.75966644e-01 ... -2.33467937e-01
  -3.39288831e-01 -2.21622184e-01]
 [-1.11128375e-01  6.02304995e-01 -2.42411196e-01 ...  2.24908307e-01
   4.34056967e-01  3.08502465e-02]
 [ 4.97256778e-02  2.06399828e-01 -1.50707781e-01 ...  2.07373843e-01
   3.82405013e-01 -3.41396242e-01]
 ...
 [ 1.30709156e-01 -5.21733224e-01  5.30755729e-04 ... -5.24217665e-01
   9.89960060e-02 -6.52423576e-02]
 [-3.09495240e-01  4.98040885e-01 -2.09828556e-01 ...  2.51598787e-02
  -9.11359265e-02  7.93376379e-03]
 [-4.62015867e-01 -6.92077041e-01 -5.70826195e-02 ...  2.26036876e-01
   1.55569360e-01  1.41165137e-01]]
layers.1.weight: [[-0.04005449 -0.08126584 -0.05876309 ...  0.06835231  0.02663944
  -0.04600203]
 [ 0.00418118  0.04869766  0.22457072 ...  0.04801368  0.01299517
   0.06203103]
 [ 0.00645484  0.10008077 -0.11697421 ... -0.00046135  0.0376753
   0.01236139]
 ...
 [-0.01950946  0.00545966  0.06495933 ...  0.08744645 -0.00631375
  -0.04236034]
 [ 0.06916565 -0.04866648  0.00646802 ... -0.00429974  0.08961134
   0.06765335]
 [ 0.12073363 -0.06481883 -0.04079708 ... -0.08114561  0.03550315
   0.05136899]]
layers.2.weight: [[-0.5219338  -0.3066685  -0.24702106  0.50103825  0.43420914 -0.41801867
  -0.48066688 -0.4715048   0.6196712   0.5239861   0.40390694 -0.261218
   0.18853667 -0.58962655  0.262118    0.3216565  -0.3737508  -0.5819464
  -0.5692415  -0.70940983 -0.45661333 -0.50925344  0.26486847  0.29158756
  -0.5918711   0.5672803   0.50347096 -0.25197434 -0.49253193  0.33484966
  -0.30486065 -0.51004857]]

Final Loss: 0.0000
Distance Metric: 28.1495
L1 norm: 0
L2 norm: 5e-06
Batch size: 32
Clipping: 0
Learning rate: 0.005
data size: 5120

================================================================================

overlappingCNN_sigmoid -> fcnn_decreasing_sigmoid

Student Model Parameters:
layers.0.weight: [[-2.16123110e-04 -2.61772494e-03 -1.93981111e-01 ...  2.14177012e-01
   8.77097249e-02 -3.23448002e-01]
 [ 1.42176747e-02  1.75493043e-02  2.27101371e-01 ... -1.15713827e-01
  -1.56143576e-01 -1.24173552e-01]
 [-3.50991666e-01  4.09292191e-01 -7.39747360e-02 ...  9.31497738e-02
   6.97102547e-02  3.41263801e-01]
 ...
 [-6.26070499e-02 -3.03915441e-01 -2.11193524e-02 ...  2.38088742e-02
  -2.81028226e-02 -7.25900948e-01]
 [ 1.13692194e-01 -2.19336972e-01 -2.67150402e-01 ... -2.96781391e-01
   4.87928241e-01 -4.26177442e-01]
 [-9.55848396e-02  3.04581784e-02  3.26832354e-01 ...  7.82590508e-01
   3.86583921e-03  6.90283924e-02]]
layers.1.weight: [[-0.05640599  0.01361715  0.01747743 ...  0.05189443  0.07643489
   0.05312928]
 [ 0.00498212 -0.08207586  0.09072834 ... -0.02408765  0.02227874
  -0.03688664]
 [ 0.07859839 -0.06192367  0.04250035 ... -0.08359845 -0.01834687
  -0.11365331]
 ...
 [-0.0270378  -0.03365798  0.02566732 ...  0.05036068 -0.02895562
   0.08141863]
 [-0.08697617  0.067713    0.14665325 ...  0.06142263  0.05553366
  -0.02193113]
 [-0.00415526  0.02182109 -0.05315085 ...  0.03270404  0.0723623
  -0.03800372]]
layers.2.weight: [[-0.06928643 -0.12520355  0.19748001  0.2736455  -0.15935318  0.07276778
   0.1672517  -0.23033747  0.4479607  -0.2778585  -0.06318355 -0.05935282
  -0.48080188 -0.17245956  0.13633633  0.01008057  0.2956607   0.06570859
  -0.18823792  0.19636384  0.118272   -0.25610033 -0.16167529 -0.12426857
  -0.00332869  0.02114638  0.00196309 -0.4028225   0.8119283  -0.06993306
  -0.13497657 -0.30169204]]

Final Loss: 0.0000
Distance Metric: 23.9869
L1 norm: 0
L2 norm: 5e-06
Batch size: 32
Clipping: 0
Learning rate: 0.005
data size: 5120

================================================================================

