Experiment Summary:
================================================================================

Teacher Model Parameters:
layers.0.weight: [[[-0.78 -0.12  0.7 ]]

 [[-1.16  0.47  0.05]]

 [[-0.73  1.96 -1.01]]

 [[-0.32  0.21  0.63]]]
layers.1.weight: [[[ 0.    0.04]
  [ 0.68  0.34]
  [ 0.54 -0.22]
  [-0.14 -0.33]]

 [[-0.14  1.59]
  [ 1.48 -0.52]
  [-1.26  0.3 ]
  [-0.4  -1.09]]

 [[-0.71  0.44]
  [-0.02 -0.14]
  [ 0.37 -0.7 ]
  [-0.83 -0.38]]

 [[ 0.89 -0.48]
  [-0.27 -0.81]
  [ 1.76 -0.41]
  [ 0.15  0.49]]]
layers.2.weight: [[[-0.54  0.16]
  [-0.74 -0.46]
  [ 0.08  0.18]
  [-0.22  0.81]]]

================================================================================

multiChannelCNN_sigmoid -> fcn_256_32_sigmoid

Student Model Parameters:
layers.0.weight: [[0. 0. 0. ... 0. 0. 0.]
 [0. 0. 0. ... 0. 0. 0.]
 [0. 0. 0. ... 0. 0. 0.]
 ...
 [0. 0. 0. ... 0. 0. 0.]
 [0. 0. 0. ... 0. 0. 0.]
 [0. 0. 0. ... 0. 0. 0.]]
layers.1.weight: [[0. 0. 0. ... 0. 0. 0.]
 [0. 0. 0. ... 0. 0. 0.]
 [0. 0. 0. ... 0. 0. 0.]
 ...
 [0. 0. 0. ... 0. 0. 0.]
 [0. 0. 0. ... 0. 0. 0.]
 [0. 0. 0. ... 0. 0. 0.]]
layers.2.weight: [[-0.00177994 -0.06061448 -0.01188958 -0.06007127 -0.05666295 -0.02567258
  -0.00643864 -0.02245713 -0.06402461 -0.00455053 -0.00177998 -0.03352622
  -0.04835985 -0.00178041 -0.00178029 -0.03753677 -0.00178041 -0.00178093
  -0.0341513  -0.0526397  -0.00365977 -0.0017801  -0.04943432 -0.02789544
  -0.00178064 -0.00178072 -0.00178084 -0.06472921 -0.06006185 -0.00178061
  -0.00178    -0.00178089]]

Final Loss: 0.0016
Distance Metric: 8.4082
L1 norm: 1e-05
L2 norm: 0
Batch size: 16
Clipping: 0
Learning rate: 0.005
data size: 100000
init: 0.2
seed: 3
stopped after epoch: 127

================================================================================

multiChannelCNN_sigmoid -> fcn_256_32_relu

Student Model Parameters:
layers.0.weight: [[-0.11111464  0.04775583  0.00616628 ...  0.00103586  0.
   0.00853237]
 [ 0.00043162 -0.0012413  -0.00193857 ...  0.00543953 -0.08624077
  -0.00224947]
 [ 0.          0.          0.         ...  0.          0.
   0.        ]
 ...
 [ 0.          0.          0.         ...  0.          0.
   0.        ]
 [ 0.          0.          0.         ...  0.          0.
   0.        ]
 [ 0.03103308  0.00144278  0.0001314  ... -0.00094769  0.01274903
   0.01974734]]
layers.1.weight: [[0. 0. 0. ... 0. 0. 0.]
 [0. 0. 0. ... 0. 0. 0.]
 [0. 0. 0. ... 0. 0. 0.]
 ...
 [0. 0. 0. ... 0. 0. 0.]
 [0. 0. 0. ... 0. 0. 0.]
 [0. 0. 0. ... 0. 0. 0.]]
layers.2.weight: [[ 0.          0.          0.          0.          0.          0.
   0.          0.71097183  0.          0.          0.          0.
   0.          0.          0.          0.          0.          0.
   0.          1.2975686   0.          0.          0.          0.
   0.          0.         -0.5233277   0.          0.          0.
   0.          0.        ]]

Final Loss: 0.0072
Distance Metric: 10.0900
L1 norm: 1e-05
L2 norm: 0
Batch size: 16
Clipping: 0
Learning rate: 0.005
data size: 100000
init: 0.2
seed: 3
stopped after epoch: 628

================================================================================

multiChannelCNN_sigmoid -> fcn_256_32_tanh

Student Model Parameters:
layers.0.weight: [[0. 0. 0. ... 0. 0. 0.]
 [0. 0. 0. ... 0. 0. 0.]
 [0. 0. 0. ... 0. 0. 0.]
 ...
 [0. 0. 0. ... 0. 0. 0.]
 [0. 0. 0. ... 0. 0. 0.]
 [0. 0. 0. ... 0. 0. 0.]]
layers.1.weight: [[0. 0. 0. ... 0. 0. 0.]
 [0. 0. 0. ... 0. 0. 0.]
 [0. 0. 0. ... 0. 0. 0.]
 ...
 [0. 0. 0. ... 0. 0. 0.]
 [0. 0. 0. ... 0. 0. 0.]
 [0. 0. 0. ... 0. 0. 0.]]
layers.2.weight: [[ 0.          0.          0.         -0.21961261  0.          0.
   0.          0.          0.          0.          0.          0.
   0.          0.          0.          0.          0.          0.
   0.          0.          0.          0.          0.          0.
   0.          0.          0.          0.          0.          0.
   0.          0.        ]]

Final Loss: 0.1671
Distance Metric: 7.2152
L1 norm: 1e-05
L2 norm: 0
Batch size: 16
Clipping: 0
Learning rate: 0.005
data size: 100000
init: 0.2
seed: 3
stopped after epoch: 283

================================================================================

multiChannelCNN_relu -> fcn_256_32_sigmoid

Student Model Parameters:
layers.0.weight: [[ 0.         -0.00012947 -0.00013183 ...  0.          0.
   0.        ]
 [ 0.         -0.00012857 -0.00013038 ...  0.          0.
   0.        ]
 [ 0.         -0.00012908 -0.00013043 ...  0.          0.
   0.        ]
 ...
 [ 0.         -0.00012976 -0.00012965 ...  0.          0.
   0.        ]
 [ 0.         -0.00012962 -0.00013053 ...  0.          0.
   0.        ]
 [ 0.         -0.00012948 -0.0001304  ...  0.          0.
   0.        ]]
layers.1.weight: [[0. 0. 0. ... 0. 0. 0.]
 [0. 0. 0. ... 0. 0. 0.]
 [0. 0. 0. ... 0. 0. 0.]
 ...
 [0. 0. 0. ... 0. 0. 0.]
 [0. 0. 0. ... 0. 0. 0.]
 [0. 0. 0. ... 0. 0. 0.]]
layers.2.weight: [[-3.7953560e-04 -3.7973261e-04 -3.8018631e-04 -3.7947696e-04
   1.3605417e+01 -3.7982775e-04 -3.7944235e-04 -3.7984020e-04
  -3.8006820e-04  8.0466356e+00 -4.3503933e+00  9.2476854e+00
  -3.7986791e-04 -3.8037857e-04 -3.7954017e-04 -3.8038130e-04
  -3.8004859e-04  2.7528104e-01 -3.8010866e-04  3.3889310e+00
  -3.7973921e-04 -3.8036006e-04 -3.8002289e-04 -4.4550505e+00
  -3.8037269e-04 -3.7978234e-04 -3.8028663e-04 -3.7986087e-04
  -3.8024460e-04 -3.7994527e-04 -3.8005679e-04 -3.7954748e-04]]

Final Loss: 2.1388
Distance Metric: 53.1283
L1 norm: 1e-05
L2 norm: 0
Batch size: 16
Clipping: 0
Learning rate: 0.005
data size: 100000
init: 0.2
seed: 3
stopped after epoch: 1706

================================================================================

multiChannelCNN_relu -> fcn_256_32_relu

Student Model Parameters:
layers.0.weight: [[0. 0. 0. ... 0. 0. 0.]
 [0. 0. 0. ... 0. 0. 0.]
 [0. 0. 0. ... 0. 0. 0.]
 ...
 [0. 0. 0. ... 0. 0. 0.]
 [0. 0. 0. ... 0. 0. 0.]
 [0. 0. 0. ... 0. 0. 0.]]
layers.1.weight: [[0. 0. 0. ... 0. 0. 0.]
 [0. 0. 0. ... 0. 0. 0.]
 [0. 0. 0. ... 0. 0. 0.]
 ...
 [0. 0. 0. ... 0. 0. 0.]
 [0. 0. 0. ... 0. 0. 0.]
 [0. 0. 0. ... 0. 0. 0.]]
layers.2.weight: [[ 0.          0.          1.0540558   0.          0.          0.
   0.          0.         -1.418091    0.          0.          0.
   0.71110564  0.         -1.3731247  -2.4277954   0.          0.
   0.          0.          0.          0.          0.7067676  -0.6823426
   0.          0.          0.         -2.1765015   0.          0.
   2.2865713   0.        ]]

Final Loss: 0.0005
Distance Metric: 11.2704
L1 norm: 1e-05
L2 norm: 0
Batch size: 16
Clipping: 0
Learning rate: 0.005
data size: 100000
init: 0.2
seed: 3
stopped after epoch: 713

================================================================================

multiChannelCNN_relu -> fcn_256_32_tanh

Student Model Parameters:
layers.0.weight: [[ 0.          0.          0.         ...  0.          0.
   0.        ]
 [ 0.          0.          0.         ...  0.          0.
   0.        ]
 [ 0.          0.          0.         ...  0.          0.
   0.        ]
 ...
 [ 0.          0.          0.         ...  0.          0.
   0.        ]
 [ 0.          0.          0.         ...  0.          0.
   0.        ]
 [ 0.2882554   1.129149   -0.97544354 ...  0.00778049 -0.6450724
  -0.19730154]]
layers.1.weight: [[ 0.          0.          0.         ...  0.          0.
   0.0068354 ]
 [ 0.          0.          0.         ...  0.          0.
   0.        ]
 [ 0.          0.          0.         ...  0.          0.
   0.        ]
 ...
 [ 0.          0.          0.         ...  0.          0.
  -0.25405994]
 [ 0.          0.          0.         ...  0.          0.
   0.        ]
 [ 0.          0.          0.         ...  0.          0.
   0.18451484]]
layers.2.weight: [[-0.05805881  0.          0.          0.         -0.31815332  0.
   0.          0.          0.34646383 -0.990993   -0.19437481  0.
   0.          0.          0.         -1.6565318   0.         -0.24389927
   0.          0.          0.         -1.2911634   0.7115239   0.
   0.          0.          0.          0.          0.          0.2642242
   0.         -0.22713527]]

Final Loss: 2.4179
Distance Metric: 46.2896
L1 norm: 1e-05
L2 norm: 0
Batch size: 16
Clipping: 0
Learning rate: 0.005
data size: 100000
init: 0.2
seed: 3
stopped after epoch: 861

================================================================================

multiChannelCNN_tanh -> fcn_256_32_sigmoid

Student Model Parameters:
layers.0.weight: [[0. 0. 0. ... 0. 0. 0.]
 [0. 0. 0. ... 0. 0. 0.]
 [0. 0. 0. ... 0. 0. 0.]
 ...
 [0. 0. 0. ... 0. 0. 0.]
 [0. 0. 0. ... 0. 0. 0.]
 [0. 0. 0. ... 0. 0. 0.]]
layers.1.weight: [[0. 0. 0. ... 0. 0. 0.]
 [0. 0. 0. ... 0. 0. 0.]
 [0. 0. 0. ... 0. 0. 0.]
 ...
 [0. 0. 0. ... 0. 0. 0.]
 [0. 0. 0. ... 0. 0. 0.]
 [0. 0. 0. ... 0. 0. 0.]]
layers.2.weight: [[-0.35043862 -0.30275655 -0.41506267 -0.39352873 -0.3613063  -0.3146729
  -0.35175994 -0.4966517  -0.42429486 -0.33381283 -0.33610594 -0.26501653
  -0.3074734  -0.3413665  -0.40423775 -0.34571505 -0.4106637  -0.34662864
  -0.26848292 -0.301393   -0.45934272 -0.31470144 -0.29150409 -0.4427549
  -0.4204394  -0.3547169  -0.40245226 -0.31674173 -0.3821048  -0.37540963
  -0.44875658 -0.3070022 ]]

Final Loss: 0.0017
Distance Metric: 4.2446
L1 norm: 1e-05
L2 norm: 0
Batch size: 16
Clipping: 0
Learning rate: 0.005
data size: 100000
init: 0.2
seed: 3
stopped after epoch: 182

================================================================================

multiChannelCNN_tanh -> fcn_256_32_relu

Student Model Parameters:
layers.0.weight: [[0. 0. 0. ... 0. 0. 0.]
 [0. 0. 0. ... 0. 0. 0.]
 [0. 0. 0. ... 0. 0. 0.]
 ...
 [0. 0. 0. ... 0. 0. 0.]
 [0. 0. 0. ... 0. 0. 0.]
 [0. 0. 0. ... 0. 0. 0.]]
layers.1.weight: [[0. 0. 0. ... 0. 0. 0.]
 [0. 0. 0. ... 0. 0. 0.]
 [0. 0. 0. ... 0. 0. 0.]
 ...
 [0. 0. 0. ... 0. 0. 0.]
 [0. 0. 0. ... 0. 0. 0.]
 [0. 0. 0. ... 0. 0. 0.]]
layers.2.weight: [[0.         0.         0.         0.         0.         0.
  0.         0.         0.         0.         0.         0.
  0.         0.         0.         0.         0.         0.
  0.         0.         0.         0.         0.         0.
  0.         0.         0.         0.         0.         0.
  0.38367864 0.        ]]

Final Loss: 0.0002
Distance Metric: 2.0805
L1 norm: 1e-05
L2 norm: 0
Batch size: 16
Clipping: 0
Learning rate: 0.005
data size: 100000
init: 0.2
seed: 3
stopped after epoch: 998

================================================================================

multiChannelCNN_tanh -> fcn_256_32_tanh

Student Model Parameters:
layers.0.weight: [[0. 0. 0. ... 0. 0. 0.]
 [0. 0. 0. ... 0. 0. 0.]
 [0. 0. 0. ... 0. 0. 0.]
 ...
 [0. 0. 0. ... 0. 0. 0.]
 [0. 0. 0. ... 0. 0. 0.]
 [0. 0. 0. ... 0. 0. 0.]]
layers.1.weight: [[0. 0. 0. ... 0. 0. 0.]
 [0. 0. 0. ... 0. 0. 0.]
 [0. 0. 0. ... 0. 0. 0.]
 ...
 [0. 0. 0. ... 0. 0. 0.]
 [0. 0. 0. ... 0. 0. 0.]
 [0. 0. 0. ... 0. 0. 0.]]
layers.2.weight: [[0.        0.        0.        0.        0.        0.        0.
  0.        0.        0.        0.        0.        0.4106005 0.
  0.        0.        0.        0.        0.        0.        0.
  0.        0.        0.        0.        0.        0.        0.
  0.        0.        0.        0.       ]]

Final Loss: 0.0000
Distance Metric: 1.6910
L1 norm: 1e-05
L2 norm: 0
Batch size: 16
Clipping: 0
Learning rate: 0.005
data size: 100000
init: 0.2
seed: 3
stopped after epoch: 563

================================================================================

