Experiment Summary:
================================================================================

Teacher Model Parameters:
layers.0.weight: [[[ 2.59 -2.83  0.87]]]
layers.1.weight: [[[-1.38  1.29]]]
layers.2.weight: [[[ 0.86 -0.84]]]

================================================================================

nonoverlappingCNN_relu -> fcnn_relu

Student Model Parameters:
layers.0.weight: [[ 0.0000000e+00 -3.6139324e-01  2.4762961e-01 ...  1.7278339e-01
   0.0000000e+00 -2.7748704e-01]
 [ 2.1440585e-01 -8.5343438e-01 -3.2023251e-01 ...  3.0963737e-01
   8.2666314e-01 -3.0115840e-01]
 [ 8.3723255e-02  2.9999587e-01 -2.3318392e-04 ...  1.5177605e-01
  -1.4169482e-02 -6.1824697e-01]
 ...
 [ 3.3219299e-01  3.3173397e-02  0.0000000e+00 ...  0.0000000e+00
   1.4830810e-01 -3.9936966e-01]
 [ 5.3266311e-01 -2.6451725e-01 -1.8849225e-01 ... -8.1123745e-01
  -1.9703053e-01  4.4601510e-04]
 [-3.5609756e-04 -3.6486927e-01 -5.5096698e-01 ... -2.3418249e-01
   8.2150495e-01 -2.6731499e-04]]
layers.1.weight: [[-6.51715649e-03  7.77627109e-04  9.51497233e-04 ... -2.75286351e-04
   9.13195312e-04 -7.61512592e-02]
 [ 0.00000000e+00  0.00000000e+00  0.00000000e+00 ...  0.00000000e+00
   0.00000000e+00 -1.58029710e-04]
 [ 0.00000000e+00  0.00000000e+00  0.00000000e+00 ...  0.00000000e+00
   0.00000000e+00  0.00000000e+00]
 ...
 [-2.57464382e-03 -1.16809309e-02  4.96468917e-02 ... -5.61711262e-04
   1.74618110e-01  9.94055420e-02]
 [-1.68580171e-02 -6.34540766e-02  1.04036324e-01 ... -8.88901937e-04
   1.14550372e-03  1.88522205e-01]
 [-6.79896155e-04 -2.63690075e-04  1.24516443e-03 ...  6.16566627e-04
   2.35559396e-03  5.42048598e-04]]
layers.2.weight: [[-5.97470462e-01 -2.14288589e-02  3.28782829e-04 -3.92109811e-01
  -6.57085553e-02  1.26338109e-01 -6.13764673e-02 -4.08982247e-01
   1.00965157e-01  1.00977935e-01  0.00000000e+00 -3.22315544e-01
  -3.86562169e-01  3.20233196e-01  3.32302898e-01  2.01316550e-04
   0.00000000e+00 -2.41814062e-01 -5.03328927e-02  4.71812189e-01
  -5.91755435e-02  0.00000000e+00 -6.88055828e-02 -4.44110483e-01
  -2.18946844e-01 -5.60070202e-02  1.78216577e-01  4.02401716e-01
  -1.28959960e-04  5.37993670e-01  5.31743884e-01  3.04562747e-01]]

Final Loss: 0.0147
Distance Metric: 31.6765
L1 norm: 1e-05
L2 norm: 0
Batch size: 32
Clipping: 0

================================================================================

nonoverlappingCNN_tanh -> fcnn_tanh

Student Model Parameters:
layers.0.weight: [[0. 0. 0. ... 0. 0. 0.]
 [0. 0. 0. ... 0. 0. 0.]
 [0. 0. 0. ... 0. 0. 0.]
 ...
 [0. 0. 0. ... 0. 0. 0.]
 [0. 0. 0. ... 0. 0. 0.]
 [0. 0. 0. ... 0. 0. 0.]]
layers.1.weight: [[0. 0. 0. ... 0. 0. 0.]
 [0. 0. 0. ... 0. 0. 0.]
 [0. 0. 0. ... 0. 0. 0.]
 ...
 [0. 0. 0. ... 0. 0. 0.]
 [0. 0. 0. ... 0. 0. 0.]
 [0. 0. 0. ... 0. 0. 0.]]
layers.2.weight: [[ 0.          0.          0.          0.          0.          0.
   0.          0.          0.          0.          0.5401883   0.
   0.         -0.63332474  0.          0.58358     0.          0.43014055
  -0.40372     0.         -0.39973763  0.          0.          0.
  -0.7177623   0.          0.         -0.5535563   0.          0.
   0.         -0.6674648 ]]

Final Loss: 0.0005
Distance Metric: 11.8250
L1 norm: 1e-05
L2 norm: 0
Batch size: 32
Clipping: 0

================================================================================

nonoverlappingCNN_sigmoid -> fcnn_sigmoid

Student Model Parameters:
layers.0.weight: [[ 0.          0.          0.         ...  0.          0.
   0.        ]
 [ 0.          0.          0.         ...  0.          0.
   0.        ]
 [-0.12880023  0.          0.         ...  0.          0.
   0.        ]
 ...
 [ 0.          0.          0.         ...  0.          0.
   0.        ]
 [ 0.          0.          0.         ...  0.          0.
   0.        ]
 [ 0.          0.          0.         ...  0.          0.
   0.        ]]
layers.1.weight: [[0. 0. 0. ... 0. 0. 0.]
 [0. 0. 0. ... 0. 0. 0.]
 [0. 0. 0. ... 0. 0. 0.]
 ...
 [0. 0. 0. ... 0. 0. 0.]
 [0. 0. 0. ... 0. 0. 0.]
 [0. 0. 0. ... 0. 0. 0.]]
layers.2.weight: [[ 0.         0.         0.         0.         0.         1.8638481
   0.         0.         0.         0.         0.         0.
   0.         0.         0.         0.         0.        -0.5769706
   0.         0.         0.         0.         0.         0.
  -1.199293   0.         0.         0.         0.         0.
   0.         0.       ]]

Final Loss: 0.0003
Distance Metric: 10.5454
L1 norm: 1e-05
L2 norm: 0
Batch size: 32
Clipping: 0

================================================================================

