Experiment Summary:
================================================================================

Teacher Model Parameters:
layers.0.weight: [[[-0.78 -0.12  0.7 ]]

 [[-1.16  0.47  0.05]]

 [[-0.73  1.96 -1.01]]

 [[-0.32  0.21  0.63]]]
layers.1.weight: [[[ 0.    0.04]
  [ 0.68  0.34]
  [ 0.54 -0.22]
  [-0.14 -0.33]]

 [[-0.14  1.59]
  [ 1.48 -0.52]
  [-1.26  0.3 ]
  [-0.4  -1.09]]

 [[-0.71  0.44]
  [-0.02 -0.14]
  [ 0.37 -0.7 ]
  [-0.83 -0.38]]

 [[ 0.89 -0.48]
  [-0.27 -0.81]
  [ 1.76 -0.41]
  [ 0.15  0.49]]]
layers.2.weight: [[[-0.54  0.16]
  [-0.74 -0.46]
  [ 0.08  0.18]
  [-0.22  0.81]]]

================================================================================

overlappingCNN_sigmoid -> fcnn_decreasing_sigmoid

Student Model Parameters:
layers.0.weight: [[-0.03592848  0.00226727  0.00482155 ... -0.02845984  0.01472829
  -0.00470488]
 [ 0.03298112 -0.00207594 -0.00442797 ...  0.02613333 -0.01351999
   0.00432068]
 [-0.0347595   0.00219119  0.00466472 ... -0.02754056  0.01424764
  -0.00455475]
 ...
 [ 0.01393668 -0.00086627 -0.00187201 ...  0.0110582  -0.00571213
   0.00182805]
 [-0.04346763  0.00276782  0.00582854 ... -0.03439993  0.01782113
  -0.00569094]
 [ 0.01772408 -0.00110298 -0.00238303 ...  0.01406062 -0.00726349
   0.00232101]]
layers.1.weight: [[ 0.01867154 -0.0169991   0.0180686  ... -0.0071475   0.0225578
  -0.0091099 ]
 [ 0.01671605 -0.01523608  0.01617716 ... -0.00641039  0.02019861
  -0.00816722]
 [ 0.00022599 -0.00029301  0.00021499 ... -0.00015092  0.00028044
  -0.00017946]
 ...
 [-0.01368794  0.01247486 -0.01324688 ...  0.00525018 -0.01653851
   0.00668768]
 [-0.00454152  0.00414416 -0.00439374 ...  0.00174689 -0.00548785
   0.00222431]
 [ 0.00085583 -0.00088162  0.00082486 ... -0.00040273  0.00104479
  -0.00049788]]
layers.2.weight: [[-0.567138   -0.5071337  -0.00788858 -0.41841772  0.02990203 -0.05495495
   0.26134613  0.34689033  0.05640145 -0.16189797 -0.26078457 -0.31821233
   0.30323493  0.34680966 -0.35291135 -0.103181    0.36534342  0.2425088
  -0.2547022  -0.20798993 -0.4283875  -0.09235809 -0.13781899 -0.2218349
   0.01138771 -0.00951621  0.39717406  0.1887118   0.03227241  0.4149345
   0.1374473  -0.02710395]]

Final Loss: 0.0001
Distance Metric: 8.3776
L1 norm: 0
L2 norm: 1e-05
Batch size: 16
Clipping: 0
Learning rate: 0.005
data size: 100000
init: 0.2
seed: 5
stopped after epoch: 1038

================================================================================

overlappingCNN_sigmoid -> fcnn_decreasing_relu

Student Model Parameters:
layers.0.weight: [[-0.06542567  0.01125402  0.         ...  0.00888772 -0.00282739
   0.04554748]
 [-0.01881557 -0.0563941   0.01015392 ... -0.05580427 -0.03629854
  -0.03822652]
 [ 0.06028166 -0.03448221  0.07033189 ... -0.03745974 -0.02171467
  -0.04413527]
 ...
 [-0.07375775 -0.09959949  0.0416693  ... -0.01667187  0.01321346
  -0.06109109]
 [-0.06362701 -0.1324212   0.07746109 ... -0.04925562  0.00727774
  -0.01322914]
 [-0.0458855  -0.08652736 -0.00287261 ... -0.00677245 -0.05973584
   0.05026595]]
layers.1.weight: [[ 0.02490616  0.03612516  0.00952467 ... -0.02186582  0.0009363
   0.01270345]
 [ 0.03072295 -0.04641676 -0.04583433 ... -0.05231914 -0.10757067
  -0.07320903]
 [-0.03770595  0.00926391  0.00065371 ... -0.02741997  0.00197096
  -0.05756009]
 ...
 [ 0.00162142  0.00575061  0.02808482 ...  0.01244715  0.01375451
   0.0614493 ]
 [ 0.01882478  0.00705687  0.00064086 ... -0.01388226  0.01234669
   0.03981234]
 [ 0.01787754  0.02680914  0.03152462 ...  0.02766475  0.04177766
   0.03902271]]
layers.2.weight: [[ 0.30451193 -0.50830436  0.32265773 -0.3854634   0.11225958 -0.44477877
   0.20608814  0.36666867 -0.44242084 -0.37954167  0.2596883  -0.4008436
  -0.46601337  0.19933051  0.2113555   0.27822402  0.33962923  0.321185
   0.29972455  0.23763482  0.10814931 -0.3489145  -0.32034546 -0.4437134
   0.13778907 -0.47064462 -0.41781193 -0.40840048  0.33419916  0.23815276
   0.27908772  0.20109232]]

Final Loss: 0.0066
Distance Metric: 13.8320
L1 norm: 0
L2 norm: 1e-05
Batch size: 16
Clipping: 0
Learning rate: 0.005
data size: 100000
init: 0.2
seed: 5
stopped after epoch: 1131

================================================================================

overlappingCNN_sigmoid -> fcnn_decreasing_tanh

Student Model Parameters:
layers.0.weight: [[ 0.01607009  0.01306423  0.00655269 ...  0.01393399 -0.00197881
  -0.00047281]
 [ 0.00972484  0.00789817  0.0040524  ...  0.00834848 -0.00118762
  -0.00026177]
 [-0.02450255 -0.02005018 -0.0095953  ... -0.02149117  0.00302592
   0.0007703 ]
 ...
 [ 0.00824772  0.00667673  0.00342956 ...  0.00712723 -0.00101673
  -0.00023289]
 [-0.00503809 -0.004084   -0.0021107  ... -0.00432768  0.00061587
   0.00013716]
 [-0.01466005 -0.01190275 -0.00600288 ... -0.01269478  0.00180373
   0.00042579]]
layers.1.weight: [[-0.01256444 -0.0075301   0.01939168 ... -0.00642414  0.003905
   0.01144498]
 [-0.00027898  0.         -0.00068013 ...  0.00012747  0.00035227
   0.00060032]
 [-0.0002376   0.00031767 -0.00065189 ... -0.00016091  0.000225
  -0.00059174]
 ...
 [ 0.          0.00014513  0.         ...  0.00036709  0.00024998
   0.00015079]
 [ 0.00022349  0.00027568  0.00060901 ...  0.         -0.00023642
   0.00064213]
 [ 0.00011665 -0.00066218  0.00060744 ...  0.         -0.00016529
  -0.00040817]]
layers.2.weight: [[-0.18453325  0.00053074  0.00244254  0.00190715  0.00140971  0.00048938
  -0.00022802 -0.00041669  0.00094305  0.00149356  0.00095636  0.00041589
   0.00145186 -0.0003985   0.00181425 -0.00189829  0.00165     0.00118296
   0.         -0.00053428 -0.00261419  0.00055286  0.00031094 -0.00031191
  -0.00153305 -0.00116923  0.00076228  0.00134817  0.00094356 -0.00032612
   0.00172017 -0.00247136]]

Final Loss: 0.1671
Distance Metric: 7.8463
L1 norm: 0
L2 norm: 1e-05
Batch size: 16
Clipping: 0
Learning rate: 0.005
data size: 100000
init: 0.2
seed: 5
stopped after epoch: 458

================================================================================

overlappingCNN_relu -> fcnn_decreasing_sigmoid

Student Model Parameters:
layers.0.weight: [[-0.04485684 -0.01922193  0.02154379 ...  0.01112025 -0.00765347
  -0.0057315 ]
 [-0.0366372  -0.01397194  0.01830514 ...  0.02783842 -0.01765632
  -0.00888188]
 [-0.03521129 -0.01292968  0.01764645 ...  0.02945261 -0.01861782
  -0.00930311]
 ...
 [-0.04840032 -0.02146466  0.02283075 ... -0.00172959 -0.0003133
  -0.0041157 ]
 [-0.04467988 -0.01917648  0.02153978 ...  0.01246936 -0.00843901
  -0.0058907 ]
 [-0.0385799  -0.01492567  0.01516817 ... -0.0697923   0.03317551
   0.00113127]]
layers.1.weight: [[-0.04610997 -0.05090318 -0.0509291  ... -0.04090412 -0.04680471
  -0.00125001]
 [-0.00699974 -0.00827362 -0.00806158 ... -0.00489902 -0.00733367
   0.01406679]
 [-0.01160773 -0.01407942 -0.0137458  ... -0.0077933  -0.01220244
   0.02577869]
 ...
 [-0.01120066 -0.01355526 -0.01322872 ... -0.00753886 -0.01177295
   0.02478314]
 [-0.00989516 -0.01189752 -0.01160147 ... -0.00671849 -0.01039449
   0.02154069]
 [ 0.00257952  0.00312339  0.00301878 ...  0.00163539  0.00273166
  -0.00703419]]
layers.2.weight: [[ 2.71392226e+00  6.10734463e-01  1.04722226e+00  6.38723850e+00
  -7.65212253e-02  2.62424111e+00 -9.08012018e-02  2.69806743e+00
  -3.36409181e-01 -4.87951088e+00  9.17044938e-01  2.94795203e+00
   5.76382935e-01 -1.59862603e-03 -2.96413690e-01  6.69647574e-01
   4.45063978e-01  2.20768189e+00 -1.01344086e-01 -2.92212516e-01
  -6.11595631e+00  6.61348045e-01  6.77472055e-01  9.58842874e-01
  -3.95974576e-01 -1.03396960e-01 -1.66806802e-01  2.41670966e+00
   4.70214278e-01  1.01103151e+00  8.91327858e-01 -2.57823676e-01]]

Final Loss: 2.1325
Distance Metric: 39.1971
L1 norm: 0
L2 norm: 1e-05
Batch size: 16
Clipping: 0
Learning rate: 0.005
data size: 100000
init: 0.2
seed: 5
stopped after epoch: 1801

================================================================================

overlappingCNN_relu -> fcnn_decreasing_relu

Student Model Parameters:
layers.0.weight: [[ 1.0118933e-02 -1.3132780e-02  1.7714445e-03 ... -1.2787750e-03
   2.1821521e-03 -8.4549119e-04]
 [ 0.0000000e+00  0.0000000e+00  3.2975047e-04 ... -8.1152558e-02
   2.1745898e-01 -1.1228077e-01]
 [ 0.0000000e+00  6.9706579e-04  1.3168751e-04 ...  2.6129230e-04
   7.7124179e-04  4.1113593e-04]
 ...
 [-5.6758571e-01  2.2979096e-01  2.4972811e-02 ... -5.4126186e-04
   3.0819693e-04 -8.1133551e-04]
 [ 7.4546095e-03 -9.8937955e-03  3.9454497e-04 ...  2.1620833e-03
  -1.4478517e-04 -2.1469898e-03]
 [-1.3235766e-04 -4.9242453e-04  3.6397221e-04 ... -2.8167221e-01
   1.1372337e-01  1.2745091e-02]]
layers.1.weight: [[-4.11185510e-02  4.96239518e-04 -2.15366274e-01 ...  3.00230652e-01
   1.39306700e-02 -4.40770411e-04]
 [ 2.26134536e-04  1.17988978e-03  0.00000000e+00 ...  0.00000000e+00
   0.00000000e+00 -1.53412006e-03]
 [ 3.56330303e-04 -1.49603998e-02 -2.56817031e-04 ... -9.45433695e-03
   0.00000000e+00 -6.08642027e-03]
 ...
 [ 1.48610189e-03 -3.19415145e-02  3.63533664e-03 ... -2.85843527e-03
   3.28997499e-04  2.98599433e-02]
 [ 1.24762079e-03  2.67648284e-04 -1.00446250e-02 ...  9.08943266e-03
   1.13775546e-04 -1.12157359e-04]
 [ 9.76840616e-04 -2.04513669e-02  1.91949622e-03 ... -1.87839172e-03
   2.02256080e-04  1.96460653e-02]]
layers.2.weight: [[-0.91201323 -0.02073332  0.07552771 -0.06280302  0.13718705 -0.1743986
  -1.2415888  -0.00833406 -0.08141211  0.7340723  -0.14484866 -0.9245472
   0.25232336 -0.93540555 -0.10962129 -0.04737391 -0.09268435  0.18579786
  -1.1472319   1.3757977   0.66045845  0.00437195 -0.24398586  0.25609484
   0.21214597  0.6950404  -0.35139832  0.34798992 -0.9786152   0.22840863
  -0.03424346  0.14716834]]

Final Loss: 0.0003
Distance Metric: 13.3189
L1 norm: 0
L2 norm: 1e-05
Batch size: 16
Clipping: 0
Learning rate: 0.005
data size: 100000
init: 0.2
seed: 5
stopped after epoch: 1277

================================================================================

overlappingCNN_relu -> fcnn_decreasing_tanh

Student Model Parameters:
layers.0.weight: [[ 0.03780876 -0.02657312  0.00503241 ...  0.03774447 -0.0118986
   0.00240303]
 [-0.0295278   0.0214917   0.00449863 ... -0.03131836  0.01243006
  -0.00921666]
 [ 0.03801241 -0.01601007  0.08375377 ...  0.02984561 -0.00738249
  -0.05177299]
 ...
 [-0.03809775  0.02630323 -0.00779967 ... -0.03771711  0.01371248
  -0.00091403]
 [ 0.0403925  -0.02877007 -0.00108338 ...  0.04532561 -0.03514352
   0.01586214]
 [-0.03893094  0.02684748 -0.00667953 ... -0.03946175  0.01761318
  -0.00350495]]
layers.1.weight: [[-0.00305816  0.0020097  -0.00923643 ...  0.00365214 -0.00403584
   0.00400374]
 [ 0.00303368 -0.00199395  0.00945804 ... -0.00374446  0.00410807
  -0.00407574]
 [ 0.02103694 -0.02426408 -0.00921576 ... -0.02232592  0.03257696
  -0.02490737]
 ...
 [ 0.00483522 -0.00303661  0.01619925 ... -0.00595396  0.00670174
  -0.00672347]
 [ 0.00188137 -0.00120099  0.0055696  ... -0.00218221  0.00240093
  -0.00250659]
 [ 0.0009691  -0.00063845  0.00274903 ... -0.00109578  0.00117805
  -0.00125755]]
layers.2.weight: [[ 1.5581298e-02 -1.5857309e-02  4.2655164e-01 -1.6344411e-02
   4.9911085e-01 -1.5437021e-02  2.5093728e-01  1.0491174e+00
  -1.0802464e-02 -9.1235377e-03  2.5354866e-02 -6.7348353e-04
   1.3176899e-02 -1.9687896e-03  1.0177511e+00  1.7999090e-02
  -1.2276822e-02  2.6376226e-03 -3.0231500e-01 -1.1681287e-02
   1.7724847e-02  4.1778463e-01 -1.1763977e-02  5.8729611e-03
  -4.8812127e-01 -2.8662318e-01  7.6500820e-03  1.3992938e-02
  -2.3365133e-01 -2.7318932e-02 -9.3359146e-03 -4.6749441e-03]]

Final Loss: 2.4089
Distance Metric: 26.4739
L1 norm: 0
L2 norm: 1e-05
Batch size: 16
Clipping: 0
Learning rate: 0.005
data size: 100000
init: 0.2
seed: 5
stopped after epoch: 731

================================================================================

overlappingCNN_tanh -> fcnn_decreasing_sigmoid

Student Model Parameters:
layers.0.weight: [[ 0.00099184 -0.00044007  0.00916999 ... -0.01209582  0.00192367
  -0.00691399]
 [ 0.02554559 -0.00321001  0.04790357 ... -0.05421894  0.01913887
  -0.02000269]
 [-0.0156951  -0.00262321 -0.01380193 ...  0.02036916  0.00358016
   0.00974204]
 ...
 [ 0.03801326 -0.01358379  0.06065372 ... -0.04658972  0.05718243
   0.00462412]
 [ 0.02303171 -0.01625337  0.05339987 ... -0.03952939  0.04648392
   0.00330589]
 [-0.01070178 -0.0175903   0.01040174 ...  0.01462953  0.03501891
   0.02396449]]
layers.1.weight: [[-0.00021514  0.00133318 -0.00142413 ...  0.00079958  0.00099733
  -0.0008604 ]
 [ 0.00376797  0.01464157 -0.00542196 ...  0.00864538  0.0107221
  -0.00269029]
 [ 0.00119985  0.00586768 -0.00250411 ...  0.00406445  0.00472165
  -0.00090843]
 ...
 [ 0.00081436  0.00449955 -0.00209173 ...  0.00313551  0.00363586
  -0.00079973]
 [ 0.00074259  0.00425354 -0.00202337 ...  0.00296305  0.00343691
  -0.00078753]
 [-0.00199625 -0.00802068  0.00285271 ... -0.0054918  -0.00636755
   0.00094745]]
layers.2.weight: [[ 0.11839234  0.91616917  0.36554584  0.8226051   0.9074632   0.10624582
   0.97262645  0.05638299  0.6697143   0.801443   -2.4589827  -0.16926186
  -0.33273166  0.12257347  0.05820924 -3.6180618   0.2580425   0.81123275
  -0.4738183   0.17244923  0.33924875 -0.4644968  -2.2749853  -1.7137032
   0.33135617 -7.7536063   0.13956846  0.9218769   0.1233159   0.28634122
   0.2724626  -0.47473022]]

Final Loss: 0.2320
Distance Metric: 31.4999
L1 norm: 0
L2 norm: 1e-05
Batch size: 16
Clipping: 0
Learning rate: 0.005
data size: 100000
init: 0.2
seed: 5
stopped after epoch: 2290

================================================================================

overlappingCNN_tanh -> fcnn_decreasing_relu

Student Model Parameters:
layers.0.weight: [[ 0.14805266  0.08251277 -0.0337559  ... -0.03939342  0.07010311
   0.01705439]
 [-0.2290668   0.18714906  0.06050612 ...  0.06728315 -0.09114389
   0.15497378]
 [-0.01369694 -0.03589535  0.01355854 ... -0.37029648  0.14279772
  -0.00850173]
 ...
 [-0.0286362   0.00956403 -0.01549888 ... -0.22527643 -0.08083086
   0.23618267]
 [ 0.13456735  0.00420355  0.03547049 ... -0.16757883  0.07824671
  -0.04250405]
 [-0.28263834  0.08092942  0.01936618 ... -0.1502594  -0.06647848
   0.06248835]]
layers.1.weight: [[ 0.00653381  0.00331707  0.02095317 ... -0.06264632 -0.14488234
  -0.03097797]
 [-0.00417051  0.03520355 -0.04627022 ...  0.01213246 -0.12007219
  -0.00698973]
 [ 0.06986173 -0.01924185 -0.05004444 ...  0.04997318 -0.10107097
  -0.1319086 ]
 ...
 [-0.01416061  0.10005786 -0.02843397 ...  0.08653044 -0.13146216
   0.03896057]
 [ 0.0212476  -0.08135402  0.06283599 ... -0.08907975 -0.09827398
  -0.15553965]
 [-0.0211623  -0.02363214 -0.04118136 ... -0.01712985  0.00120808
   0.08831091]]
layers.2.weight: [[-0.5432541   0.21766815  0.23067772  0.27635545  0.37483278  0.37512124
  -0.5768142  -0.36133757 -0.3147182  -0.40678403 -0.8573637   0.38775346
   0.30045912 -0.32758316 -0.7646202  -0.68047124 -0.71940607  0.27420267
  -0.4573446   0.35768285  0.24980783 -0.47379634 -0.24871129  0.23255715
   0.3308404  -0.76262695 -0.70182246 -0.5330233   0.3917155   0.25917676
   0.28399345 -0.6522717 ]]

Final Loss: 0.2363
Distance Metric: 19.7662
L1 norm: 0
L2 norm: 1e-05
Batch size: 16
Clipping: 0
Learning rate: 0.005
data size: 100000
init: 0.2
seed: 5
stopped after epoch: 649

================================================================================

overlappingCNN_tanh -> fcnn_decreasing_tanh

Student Model Parameters:
layers.0.weight: [[ 7.4702492e-03 -2.7756721e-03  5.7671885e-03 ... -1.1450348e-04
   4.2358944e-03 -1.2092058e-03]
 [-2.5947024e-03  3.5617212e-03  1.6478335e-03 ...  6.3810416e-04
  -5.4635536e-03  5.9587918e-03]
 [-6.9769439e-03  4.1584321e-03 -3.8553434e-03 ...  2.8624036e-04
  -8.3425269e-03  3.2221561e-03]
 ...
 [-6.3457596e-03  1.1141126e-03  1.8804988e-03 ...  1.1152803e+00
  -4.5090669e-01 -4.8173755e-02]
 [-9.3522659e-03  1.7905306e-03 -1.0189715e-02 ...  2.7040078e-04
  -6.5095763e-04 -1.5043207e-03]
 [-6.1516678e-03  1.7892293e-03 -7.0570130e-03 ...  3.8089056e-04
  -5.6021456e-03  1.1376602e-03]]
layers.1.weight: [[-0.00190537 -0.00038595  0.00150425 ...  0.0049185   0.00321543
   0.00244363]
 [-0.00062956 -0.00020472  0.00044085 ...  0.00408385  0.00111706
   0.00075454]
 [ 0.          0.          0.         ...  0.00025237  0.
   0.        ]
 ...
 [-0.0021969  -0.0005182   0.00222926 ...  0.00194027  0.00333922
   0.00281398]
 [ 0.00023718  0.         -0.00015961 ... -0.00141757 -0.00042973
  -0.00028555]
 [-0.00018068  0.          0.00012121 ...  0.00107312  0.00032792
   0.00021763]]
layers.2.weight: [[ 0.19257136  0.06349157  0.00428236 -0.08176017 -0.06523322  0.06122014
   0.72056293 -0.35940424 -0.04309685  0.04286862 -0.8926402  -0.5970139
   0.3575096   0.48534197 -0.03527092  0.02419163  0.05154252 -0.03205396
   0.34439167  0.03921641 -0.05780072  0.03093184  0.25383896  0.04489327
   0.09928177  0.06412152  0.03105851  0.232001    0.878206    0.27923182
  -0.02462157  0.01879756]]

Final Loss: 0.0006
Distance Metric: 8.4891
L1 norm: 0
L2 norm: 1e-05
Batch size: 16
Clipping: 0
Learning rate: 0.005
data size: 100000
init: 0.2
seed: 5
stopped after epoch: 1447

================================================================================

