Experiment Summary:
================================================================================

Teacher Model Parameters:
layers.0.weight: [[[ 2.59 -2.83  0.87]]]
layers.1.weight: [[[-1.38  1.29]]]
layers.2.weight: [[[ 0.86 -0.84]]]

================================================================================

nonoverlappingCNN_sigmoid -> fcnn_decreasing_sigmoid

Student Model Parameters:
layers.0.weight: [[0. 0. 0. ... 0. 0. 0.]
 [0. 0. 0. ... 0. 0. 0.]
 [0. 0. 0. ... 0. 0. 0.]
 ...
 [0. 0. 0. ... 0. 0. 0.]
 [0. 0. 0. ... 0. 0. 0.]
 [0. 0. 0. ... 0. 0. 0.]]
layers.1.weight: [[0. 0. 0. ... 0. 0. 0.]
 [0. 0. 0. ... 0. 0. 0.]
 [0. 0. 0. ... 0. 0. 0.]
 ...
 [0. 0. 0. ... 0. 0. 0.]
 [0. 0. 0. ... 0. 0. 0.]
 [0. 0. 0. ... 0. 0. 0.]]
layers.2.weight: [[ 2.5040290e-04  2.5107031e-04  2.5156338e-04 -1.5303143e+00
   2.5134743e-04  2.5172526e-04  2.5001846e-04  2.5105022e-04
   2.5077979e-04  2.5124373e-04  2.5027749e-04  2.5153061e-04
   2.5058331e-04  2.5092319e-04  2.5192375e-04  2.5051236e-04
   2.5082551e-04  2.5139173e-04  2.5108992e-04  2.5192875e-04
   2.5196050e-04  2.5186242e-04  2.5133186e-04  2.5143966e-04
   2.5196091e-04  2.5165573e-04  2.5177750e-04  2.5100241e-04
   2.5157796e-04  2.5164202e-04  1.4878503e+00  2.5011954e-04]]

Final Loss: 0.0004
Distance Metric: 6.6620
L1 norm: 1e-05
L2 norm: 0
Batch size: 16
Clipping: 0
Learning rate: 0.01
data size: 100000
init: 1
seed: 4

================================================================================

nonoverlappingCNN_sigmoid -> fcnn_decreasing_relu

Student Model Parameters:
layers.0.weight: [[ 0.          0.          0.         ...  0.          0.
   0.        ]
 [ 0.          0.          0.         ...  0.          0.
   0.        ]
 [-0.17094699  0.01680031 -0.00768137 ...  0.00113444  0.00164935
   0.0296071 ]
 ...
 [ 0.          0.          0.         ...  0.          0.
   0.        ]
 [ 0.00443139 -0.02315927  0.02097207 ...  0.08798381  0.10515715
   0.00805682]
 [ 0.          0.          0.         ...  0.          0.
   0.        ]]
layers.1.weight: [[ 0.          0.          0.         ...  0.          0.
   0.        ]
 [ 0.          0.          0.         ...  0.          0.
   0.        ]
 [ 0.          0.         -0.00217233 ...  0.         -0.00097325
   0.        ]
 ...
 [ 0.          0.         -0.00211568 ...  0.         -0.0554607
   0.        ]
 [ 0.          0.          0.         ...  0.          0.
   0.        ]
 [ 0.          0.          0.         ...  0.          0.
   0.        ]]
layers.2.weight: [[0.         0.         0.36800712 0.70512134 0.         0.
  0.         0.         0.         0.         0.         0.
  0.         0.         0.         0.         0.37641272 0.
  0.         0.         0.         0.         0.         0.40353823
  0.40564108 0.         0.         0.30553252 0.         0.3934364
  0.         0.        ]]

Final Loss: 0.0110
Distance Metric: 9.7699
L1 norm: 1e-05
L2 norm: 0
Batch size: 16
Clipping: 0
Learning rate: 0.01
data size: 100000
init: 1
seed: 4

================================================================================

nonoverlappingCNN_sigmoid -> fcnn_decreasing_tanh

Student Model Parameters:
layers.0.weight: [[0. 0. 0. ... 0. 0. 0.]
 [0. 0. 0. ... 0. 0. 0.]
 [0. 0. 0. ... 0. 0. 0.]
 ...
 [0. 0. 0. ... 0. 0. 0.]
 [0. 0. 0. ... 0. 0. 0.]
 [0. 0. 0. ... 0. 0. 0.]]
layers.1.weight: [[0. 0. 0. ... 0. 0. 0.]
 [0. 0. 0. ... 0. 0. 0.]
 [0. 0. 0. ... 0. 0. 0.]
 ...
 [0. 0. 0. ... 0. 0. 0.]
 [0. 0. 0. ... 0. 0. 0.]
 [0. 0. 0. ... 0. 0. 0.]]
layers.2.weight: [[ 0.          0.          0.          0.          0.          0.
   0.          0.          0.          0.          0.          0.
   0.          0.          0.          0.          0.          0.
   0.          0.         -0.20746887  0.          0.          0.
   0.          0.          0.          0.          0.          0.
   0.          0.        ]]

Final Loss: 0.2526
Distance Metric: 7.2629
L1 norm: 1e-05
L2 norm: 0
Batch size: 16
Clipping: 0
Learning rate: 0.01
data size: 100000
init: 1
seed: 4

================================================================================

nonoverlappingCNN_relu -> fcnn_decreasing_sigmoid

Student Model Parameters:
layers.0.weight: [[ 0.          0.          0.         ...  0.          0.
   0.        ]
 [ 0.01382024 -0.00177115 -0.00263714 ... -1.1993387   1.320894
  -0.38588342]
 [ 0.          0.          0.         ...  0.          0.
   0.        ]
 ...
 [ 0.          0.          0.         ...  0.          0.
   0.        ]
 [ 0.          0.          0.         ...  0.          0.
   0.        ]
 [ 0.          0.          0.         ...  0.          0.
   0.        ]]
layers.1.weight: [[ 0.          0.          0.         ...  0.          0.
   0.        ]
 [ 0.          0.          0.         ...  0.          0.
   0.        ]
 [-0.00042455  0.00107169 -0.00042459 ... -0.00042537 -0.00042404
  -0.00042424]
 ...
 [ 0.          0.          0.         ...  0.          0.
   0.        ]
 [ 0.          0.          0.         ...  0.          0.
   0.        ]
 [ 0.          0.          0.         ...  0.          0.
   0.        ]]
layers.2.weight: [[ 1.8719120e-04  1.8727782e-04 -5.3903956e+00  1.8667504e-04
   1.8701697e-04 -1.3192682e+01  1.8686589e-04  1.8559012e-04
   1.8563730e-04  1.8737899e-04 -9.6921377e+00  1.8568334e-04
   1.8681279e-04  3.9325008e+00 -4.6080303e+00  1.8616644e-04
   7.5751281e+00  1.8545451e-04  1.8603886e-04  1.8713743e-04
   9.3793564e+00  1.8658760e-04  1.8701327e-04  1.1036980e+01
   1.8679397e-04  1.8604043e-04  1.8551941e-04  1.8570061e-04
   1.8551598e-04  1.8661005e-04  1.8613528e-04  1.8543316e-04]]

Final Loss: 3.3738
Distance Metric: 57.4812
L1 norm: 1e-05
L2 norm: 0
Batch size: 16
Clipping: 0
Learning rate: 0.01
data size: 100000
init: 1
seed: 4

================================================================================

nonoverlappingCNN_relu -> fcnn_decreasing_relu

Student Model Parameters:
layers.0.weight: [[0.         0.         0.         ... 0.         0.         0.        ]
 [0.         0.         0.         ... 0.         0.         0.        ]
 [0.         0.         0.         ... 0.         0.         0.        ]
 ...
 [0.         0.         0.         ... 0.         0.         0.        ]
 [0.         0.00010212 0.         ... 0.         0.         0.        ]
 [0.         0.         0.         ... 0.         0.         0.        ]]
layers.1.weight: [[0.        0.        0.        ... 0.        0.        0.       ]
 [0.        0.        0.        ... 0.        0.        0.       ]
 [0.        0.        0.        ... 0.        0.        0.       ]
 ...
 [0.        0.        0.        ... 0.        0.        0.       ]
 [0.        0.        0.        ... 0.        0.        0.       ]
 [0.        0.        0.        ... 0.        1.2320653 0.       ]]
layers.2.weight: [[ 0.         0.         0.        -1.0988579  0.         0.
   0.         0.         0.         0.         0.         0.
   0.         0.         0.         0.         0.         0.
   0.         0.         0.         0.         0.         0.
   0.         0.         0.         0.         0.         0.
   0.         1.368829 ]]

Final Loss: 0.0003
Distance Metric: 8.9253
L1 norm: 1e-05
L2 norm: 0
Batch size: 16
Clipping: 0
Learning rate: 0.01
data size: 100000
init: 1
seed: 4

================================================================================

nonoverlappingCNN_relu -> fcnn_decreasing_tanh

Student Model Parameters:
layers.0.weight: [[0. 0. 0. ... 0. 0. 0.]
 [0. 0. 0. ... 0. 0. 0.]
 [0. 0. 0. ... 0. 0. 0.]
 ...
 [0. 0. 0. ... 0. 0. 0.]
 [0. 0. 0. ... 0. 0. 0.]
 [0. 0. 0. ... 0. 0. 0.]]
layers.1.weight: [[0. 0. 0. ... 0. 0. 0.]
 [0. 0. 0. ... 0. 0. 0.]
 [0. 0. 0. ... 0. 0. 0.]
 ...
 [0. 0. 0. ... 0. 0. 0.]
 [0. 0. 0. ... 0. 0. 0.]
 [0. 0. 0. ... 0. 0. 0.]]
layers.2.weight: [[ 0.          0.          0.          0.         -0.22561918  0.
   0.26291034  0.72562027  0.30243132  0.05122476  0.          0.
   0.13371406  1.5753067   0.         -0.22685842  0.          0.
   0.          0.         -1.552743    0.          0.          0.
   0.         -0.29347602 -0.3375337   0.         -0.71655905  0.
   0.          0.        ]]

Final Loss: 3.6166
Distance Metric: 58.0487
L1 norm: 1e-05
L2 norm: 0
Batch size: 16
Clipping: 0
Learning rate: 0.01
data size: 100000
init: 1
seed: 4

================================================================================

nonoverlappingCNN_tanh -> fcnn_decreasing_sigmoid

Student Model Parameters:
layers.0.weight: [[0. 0. 0. ... 0. 0. 0.]
 [0. 0. 0. ... 0. 0. 0.]
 [0. 0. 0. ... 0. 0. 0.]
 ...
 [0. 0. 0. ... 0. 0. 0.]
 [0. 0. 0. ... 0. 0. 0.]
 [0. 0. 0. ... 0. 0. 0.]]
layers.1.weight: [[ 0.          0.          0.         ...  0.          0.
   0.        ]
 [-0.00487433 -0.00487513 -0.00487418 ... -0.00487413 -0.0048754
  -0.00487427]
 [ 0.          0.          0.         ...  0.          0.
   0.        ]
 ...
 [ 0.          0.          0.         ...  0.          0.
   0.        ]
 [ 0.          0.          0.         ...  0.          0.
   0.        ]
 [ 0.          0.          0.         ...  0.          0.
   0.        ]]
layers.2.weight: [[  0.04702759 -10.694126     0.04702783   0.04702736   2.4597943
    0.04702906   0.04702941   0.04702746   0.04702774   0.10146567
    0.04702797   0.04702742  -6.5972624    0.04702785   0.04702732
    0.04702855   0.04702854   0.04702974   0.04702717   0.98646986
    0.05283027   0.04702762   0.08745842   0.43276078   0.04702697
   -6.150514     0.04702741   0.04702715   0.04702851   0.04702796
    0.49726582   0.0470282 ]]

Final Loss: 0.1848
Distance Metric: 52.5492
L1 norm: 1e-05
L2 norm: 0
Batch size: 16
Clipping: 0
Learning rate: 0.01
data size: 100000
init: 1
seed: 4

================================================================================

nonoverlappingCNN_tanh -> fcnn_decreasing_relu

Student Model Parameters:
layers.0.weight: [[ 0.          0.          0.         ...  0.          0.
   0.        ]
 [ 0.          0.          0.         ...  0.          0.
   0.        ]
 [ 0.2190014   0.19585523 -0.01490534 ... -0.38658258 -0.18448828
   0.16480464]
 ...
 [ 0.          0.          0.         ...  0.          0.
   0.        ]
 [ 0.          0.          0.         ...  0.          0.
   0.        ]
 [ 0.          0.          0.         ...  0.          0.
   0.        ]]
layers.1.weight: [[0.         0.         0.         ... 0.         0.         0.        ]
 [0.         0.         0.         ... 0.         0.         0.        ]
 [0.         0.         0.         ... 0.         0.         0.        ]
 ...
 [0.         0.         0.21808468 ... 0.         0.         0.        ]
 [0.         0.         0.         ... 0.         0.         0.        ]
 [0.         0.         0.1699351  ... 0.         0.         0.        ]]
layers.2.weight: [[ 0.          0.          0.          0.          0.          0.
   0.          0.          0.          0.          0.33565965 -0.82845664
   0.32354742 -0.4193845   0.          0.         -0.55286396  0.
   0.23245652  0.3113718  -0.2617992   0.          0.          0.
  -0.44555652  0.          0.          0.          0.16700268  0.27380484
   0.         -0.69642645]]

Final Loss: 0.1939
Distance Metric: 15.0472
L1 norm: 1e-05
L2 norm: 0
Batch size: 16
Clipping: 0
Learning rate: 0.01
data size: 100000
init: 1
seed: 4

================================================================================

nonoverlappingCNN_tanh -> fcnn_decreasing_tanh

Student Model Parameters:
layers.0.weight: [[0. 0. 0. ... 0. 0. 0.]
 [0. 0. 0. ... 0. 0. 0.]
 [0. 0. 0. ... 0. 0. 0.]
 ...
 [0. 0. 0. ... 0. 0. 0.]
 [0. 0. 0. ... 0. 0. 0.]
 [0. 0. 0. ... 0. 0. 0.]]
layers.1.weight: [[0. 0. 0. ... 0. 0. 0.]
 [0. 0. 0. ... 0. 0. 0.]
 [0. 0. 0. ... 0. 0. 0.]
 ...
 [0. 0. 0. ... 0. 0. 0.]
 [0. 0. 0. ... 0. 0. 0.]
 [0. 0. 0. ... 0. 0. 0.]]
layers.2.weight: [[ 0.          0.          0.          0.          0.          0.
   0.          0.          0.          0.         -0.36248806  0.
   0.          0.          0.3699175   0.          0.          0.
   0.          0.          0.          0.          0.          0.
   0.48904127 -0.47634757  0.          0.          0.          0.
   0.          0.        ]]

Final Loss: 0.0004
Distance Metric: 11.4339
L1 norm: 1e-05
L2 norm: 0
Batch size: 16
Clipping: 0
Learning rate: 0.01
data size: 100000
init: 1
seed: 4

================================================================================


