Experiment Summary:
================================================================================

Teacher Model Parameters:
layers.0.weight: [[[ 2.59 -2.83  0.87]]]
layers.1.weight: [[[-1.38  1.29]]]
layers.2.weight: [[[ 0.86 -0.84]]]

================================================================================

nonoverlappingCNN_sigmoid -> fcnn_decreasing_sigmoid

Student Model Parameters:
layers.0.weight: [[-0.0670343   0.0286671  -0.01198545 ... -0.01953165  0.07274725
  -0.04147434]
 [ 0.00086612 -0.01491108  0.0073403  ...  0.00767528 -0.01919376
  -0.02425869]
 [ 0.01505745 -0.02876274  0.00433678 ...  0.03225114 -0.00033705
  -0.00390078]
 ...
 [-0.01467566 -0.01994448 -0.02028054 ...  0.01458456  0.01588724
  -0.01034487]
 [ 0.02611065 -0.02881909  0.00608941 ...  0.03518665 -0.05189504
   0.01569278]
 [ 0.05038559 -0.04832854  0.01179146 ...  0.02160283 -0.01977018
   0.0404894 ]]
layers.1.weight: [[ 0.03345368 -0.01592593 -0.02313294 ... -0.02107071 -0.00352921
  -0.04315001]
 [ 0.05110342 -0.0052334  -0.02372421 ...  0.01573112 -0.00524069
  -0.00948509]
 [-0.03253374 -0.0269556   0.00405141 ... -0.01751441  0.
   0.01014894]
 ...
 [ 0.01911165 -0.01176579  0.00329826 ... -0.02139319 -0.01687009
   0.0001353 ]
 [-0.01767608 -0.02548133  0.0248177  ... -0.02165291  0.00999457
  -0.0054476 ]
 [-0.01412688 -0.0020363   0.02582508 ... -0.0091125   0.02733674
   0.03274067]]
layers.2.weight: [[ 0.35182914  0.30595696 -0.08993116 -0.18220907 -0.2851157   0.41235307
  -0.24967246 -0.15650107 -0.19374391 -0.06218973 -0.16897449  0.34606493
  -0.2910443  -0.27164415  0.24773826 -0.34735656 -0.20640637  0.14619453
   0.06621105  0.30985117  0.09859188 -0.219686    0.40734535 -0.2622045
   0.40834168  0.34123078 -0.3209728  -0.15669662  0.12232058 -0.02779693
  -0.15865025 -0.2063688 ]]

Final Loss: 0.0028
Distance Metric: 11.3379
L1 norm: 1e-05
L2 norm: 0
Batch size: 16
Clipping: 0
Learning rate: 0.01
data size: 5120
init: 0.2
seed: 3

================================================================================

nonoverlappingCNN_sigmoid -> fcnn_decreasing_relu

Student Model Parameters:
layers.0.weight: [[ 0.08748942 -0.13101597  0.0219282  ...  0.12509531 -0.05449574
  -0.16041614]
 [ 0.06130411 -0.01861074  0.09910838 ...  0.04041043  0.17431225
  -0.16016334]
 [-0.1687927   0.11065719  0.00117722 ...  0.16164136 -0.0439081
  -0.07645182]
 ...
 [-0.05940082  0.02759325 -0.12686044 ...  0.07432006  0.0762298
  -0.08746659]
 [-0.01440552  0.00248931 -0.24393979 ...  0.04947482  0.1650127
   0.13513687]
 [-0.06782752 -0.16275431  0.1507131  ...  0.15363145  0.22742069
  -0.20352325]]
layers.1.weight: [[ 5.06237149e-02 -1.03555107e-02 -3.30589786e-02 ...  6.89747408e-02
  -7.71888718e-02 -9.29895267e-02]
 [ 7.96319619e-02  1.71912834e-04 -1.06059564e-02 ...  1.07210204e-02
  -1.71881676e-01  1.87352851e-01]
 [-7.10925227e-03 -7.36760944e-02  2.39289589e-02 ... -1.12077855e-01
   3.34102996e-02 -9.30736810e-02]
 ...
 [-6.93656923e-03  1.09153436e-02  5.95992431e-02 ... -1.11034051e-01
   1.08746931e-01 -1.69803016e-02]
 [-1.49191478e-02 -1.20221199e-02  2.29223240e-02 ... -2.12414898e-02
   3.78693044e-02 -2.68635657e-02]
 [ 2.72105704e-03 -3.16132940e-02  3.23037431e-02 ...  5.95310032e-02
   1.31466761e-01 -6.67307898e-02]]
layers.2.weight: [[ 0.3646358  -0.7582752  -0.67069805  0.49916992 -0.7232282   0.6506786
   0.40215704  0.6048143   0.5161149   0.2901298   0.3283833  -0.81102175
  -0.6962396  -0.6955674   0.34276992 -0.74195963 -0.52133566 -0.5937003
  -0.84798473  0.42334488 -0.85819334 -0.7087578  -0.5828407   0.42868114
  -0.9169689  -0.82430565  0.30007997  0.2682904  -0.70239264  0.29597127
   0.2465452   0.334013  ]]

Final Loss: 0.0083
Distance Metric: 21.2144
L1 norm: 1e-05
L2 norm: 0
Batch size: 16
Clipping: 0
Learning rate: 0.01
data size: 5120
init: 0.2
seed: 3

================================================================================

nonoverlappingCNN_sigmoid -> fcnn_decreasing_tanh

Student Model Parameters:
layers.0.weight: [[ 0.00586914 -0.04162198  0.10255356 ...  0.07526693  0.05399646
  -0.20349513]
 [-0.1613409  -0.0373599   0.41375798 ... -0.13623618 -0.5116481
  -0.31479988]
 [ 1.2333844  -1.1457665  -0.4902233  ...  1.7525741  -0.7707034
  -1.4464906 ]
 ...
 [-0.08332365 -1.9549904  -0.9195885  ... -0.07387178 -1.1457264
   0.33143553]
 [ 0.05477267 -0.08821797 -0.20248362 ... -0.0739409  -0.1414185
   0.14595592]
 [ 0.08524143  0.84206337  0.1872567  ...  0.3951486  -1.8031384
   0.13751733]]
layers.1.weight: [[-0.04367685 -0.05019518 -0.14378107 ...  0.02330633  0.03730712
  -0.08924159]
 [-0.0225709   0.00445374  0.06692674 ...  0.04705227  0.05850842
   0.0439995 ]
 [-0.05122441  0.13631292  0.23486505 ... -0.2522265  -0.00400216
   0.12165756]
 ...
 [ 0.02074694  0.02971261  0.02633086 ...  0.03050281  0.05329344
   0.08580307]
 [-0.00308695  0.1590847   0.18701214 ...  0.47962826  0.06145728
  -0.12288602]
 [-0.03024892 -0.02233071 -0.00788359 ...  0.01968648 -0.04577496
   0.00532494]]
layers.2.weight: [[-0.31017715  0.28966692  0.3745483  -0.36542243 -0.28127545  0.391763
   0.21581274 -0.38316613  0.05948396  0.433997   -0.38695562  0.1523422
  -0.29843938 -0.45520115 -0.29603183 -0.47028258  0.27735955 -0.31687364
  -0.3076533   0.04417546  0.35141075  0.30595607 -0.29136735 -0.06865098
  -0.27071002  0.46711367  0.43052787 -0.42771533  0.41065624  0.21742642
   0.3992796  -0.17765254]]

Final Loss: 0.0301
Distance Metric: 81.4611
L1 norm: 1e-05
L2 norm: 0
Batch size: 16
Clipping: 0
Learning rate: 0.01
data size: 5120
init: 0.2
seed: 3

================================================================================

nonoverlappingCNN_relu -> fcnn_decreasing_sigmoid

Student Model Parameters:
layers.0.weight: [[-5.0753532e-03  1.3151654e-02 -4.0016837e-02 ... -2.7111931e-02
   2.9208045e-03  3.6681050e-03]
 [-6.4239954e-03 -7.2537442e-03  3.4479555e-02 ...  6.1783209e-02
  -5.5064183e-02  2.4125019e-02]
 [ 3.7406843e+00 -3.8089268e+00  1.0997053e+00 ...  2.2667012e+00
  -1.7293454e+00  1.1010722e+00]
 ...
 [ 3.0626509e-02  2.8144285e-02 -7.3751537e-03 ... -2.8883923e-02
  -3.1503025e-02  3.9422080e-02]
 [ 1.1845716e-02 -6.6559771e-03  1.4339961e-02 ...  2.4891214e-03
   6.9655664e-03 -1.5734100e-03]
 [ 1.7342728e-02  5.4099099e-03  1.4944314e-02 ...  4.2273354e-02
  -7.1926340e-03  4.8387095e-02]]
layers.1.weight: [[-4.41425899e-03  6.88198861e-03 -4.17654276e-01 ... -1.12786945e-02
   3.10261524e-03  2.03322582e-02]
 [-5.12699643e-03  1.44128287e-02 -8.53552520e-02 ... -1.42800910e-02
  -3.30604874e-02 -2.27392837e-02]
 [-2.24273466e-02 -2.80671660e-02 -1.29004106e-01 ...  1.08435322e-02
   3.47253663e-04 -1.48641244e-02]
 ...
 [ 3.72334011e-02 -8.88889562e-03 -9.06413257e-01 ...  8.26958101e-03
   1.69817209e-02  3.41970148e-03]
 [-2.59228740e-02 -2.72288676e-02 -1.17335550e-01 ...  1.86206754e-02
  -3.07886093e-03 -8.33782461e-03]
 [ 2.60650925e-03  2.40818821e-02  1.01623900e-01 ...  3.10821757e-02
   2.24784184e-02  1.85312852e-02]]
layers.2.weight: [[ 0.91994816 -0.05684519  0.08027986 -1.7360561  -3.3120284   3.8155792
   3.0375016   3.8860276   2.618901    1.4199958  -3.5574565   2.550989
   2.8279376  -3.5938828   3.013947   -1.8172734  -0.34079653  0.11391269
  -0.71662235  2.1199074   0.9146927   3.8466442  -2.0522988   1.8896883
  -2.2383347  -4.0582933   2.672136    2.7613978   2.8387945   2.6335921
   0.12061294 -0.80930024]]

Final Loss: 3.4705
Distance Metric: 52.1538
L1 norm: 1e-05
L2 norm: 0
Batch size: 16
Clipping: 0
Learning rate: 0.01
data size: 5120
init: 0.2
seed: 3

================================================================================

nonoverlappingCNN_relu -> fcnn_decreasing_relu

Student Model Parameters:
layers.0.weight: [[ 0.03281394 -0.01869933  0.00994072 ... -0.03165422  0.05886412
  -0.0097409 ]
 [-0.01048611  0.02238718  0.01693146 ...  0.05856283  0.02574418
  -0.00636978]
 [-0.00655222  0.02187613 -0.00768211 ...  0.0004619  -0.00882634
  -0.02158211]
 ...
 [-0.2122056   0.24164593 -0.12618087 ... -0.05930879  0.05485248
  -0.01877915]
 [ 0.03479681  0.05250288  0.02416039 ... -0.0207396   0.02743096
   0.01138265]
 [-0.04290986  0.00536294 -0.02002678 ...  0.001058   -0.04600879
   0.012502  ]]
layers.1.weight: [[ 0.0690314   0.07270101 -0.03905989 ... -0.00818244  0.09562869
  -0.02040106]
 [-0.10587501  0.02341242 -0.0190634  ... -0.09109711 -0.03768815
  -0.0095496 ]
 [ 0.10361288  0.01614297 -0.11480405 ...  0.04155474 -0.04902584
   0.0575658 ]
 ...
 [ 0.03584046  0.02006071  0.10415895 ...  0.05518272  0.00406771
   0.08637382]
 [ 0.07281678 -0.00870702 -0.00382818 ...  0.03018441  0.01540713
  -0.05088552]
 [-0.01076846 -0.0057184  -0.02587858 ...  0.01202736 -0.00219456
  -0.00628293]]
layers.2.weight: [[ 0.06611329  0.13880895 -0.06527773  0.04256162  0.37689656 -0.36266258
   0.0529619   0.1109064  -0.14862035 -0.27318686 -0.22592779 -0.14122137
  -0.5595447   0.18569861  0.09400214  0.18228003 -0.6794242   0.05202254
   0.14848469  0.07026523  0.4711787   0.40219554 -0.14192408  0.5259685
  -0.20307475  0.45802596  0.10082464 -0.27263644 -0.33273074  0.36453173
  -0.299992   -0.21660843]]

Final Loss: 0.0061
Distance Metric: 16.9511
L1 norm: 1e-05
L2 norm: 0
Batch size: 16
Clipping: 0
Learning rate: 0.01
data size: 5120
init: 0.2
seed: 3

================================================================================

nonoverlappingCNN_relu -> fcnn_decreasing_tanh

Student Model Parameters:
layers.0.weight: [[ 0.01845862 -0.03504311  0.08965486 ... -0.00193787  0.09178293
  -0.12312239]
 [ 0.03733961 -0.07860333 -0.07777914 ...  0.05401642 -0.06253314
  -0.05985504]
 [-0.02737157  0.05773804  0.20105903 ...  0.07958893  0.04666968
  -0.11669235]
 ...
 [-0.0195477   0.01215999  0.01997246 ... -0.02854208  0.02454601
  -0.0711981 ]
 [-0.00287435  0.01200739  0.10653702 ...  0.03018245  0.01770257
  -0.01306981]
 [ 0.00796978 -0.12181273 -0.07126731 ...  0.02002824 -0.02288325
  -0.02335886]]
layers.1.weight: [[ 0.074353    0.0330011   0.11008972 ...  0.01341355  0.03659588
   0.03319779]
 [ 0.07691152  0.02341614  0.08020476 ...  0.01175666 -0.01404011
   0.05504972]
 [ 0.02660177  0.00371628  0.03713951 ... -0.01242701 -0.02874391
  -0.00701364]
 ...
 [ 0.14008667 -0.05758544  0.18088262 ... -0.02080821  0.0653742
  -0.10774174]
 [ 0.11820422 -0.08649265  0.1596046  ...  0.00494117  0.08558227
  -0.11226973]
 [-0.05704131 -0.02313206  0.04862177 ... -0.03008624 -0.04832399
  -0.00443272]]
layers.2.weight: [[ 3.7223668e+00 -2.1815725e-01 -1.2716602e-02  3.6598167e-01
   3.7018185e+00  2.5769985e-01  9.9395856e-04 -2.7119231e+00
   3.9182264e-02  3.3440030e-01  6.2580064e-02 -3.0750496e-02
  -1.9105724e+00 -1.6339682e-02  9.2246723e-01  1.9166136e+00
  -5.9242636e-02  2.7247872e+00  9.3621010e-01  1.4013749e+00
   1.3050875e-01  1.5229599e-02  2.7000491e-02 -1.7011287e-02
   3.7479991e-01  1.4155605e+00  1.8269245e-02  1.9505344e-02
  -4.3976983e-01 -8.9027506e-01  8.8732940e-01  7.8745224e-03]]

Final Loss: 3.6127
Distance Metric: 71.6402
L1 norm: 1e-05
L2 norm: 0
Batch size: 16
Clipping: 0
Learning rate: 0.01
data size: 5120
init: 0.2
seed: 3

================================================================================

nonoverlappingCNN_sigmoid -> fcnn_decreasing_sigmoid

Student Model Parameters:
layers.0.weight: [[-0.0057867  -0.01356953 -0.02728831 ... -0.02935883  0.01916928
  -0.02418822]
 [-0.00780651  0.00881761  0.01476129 ...  0.01663782 -0.00536655
  -0.01705862]
 [-0.0527267   0.05440474 -0.01058602 ... -0.00230833  0.04910609
  -0.00480465]
 ...
 [-0.00414456 -0.03720192  0.00078206 ...  0.0128018  -0.03932596
  -0.0176633 ]
 [ 0.01688674  0.00636851  0.02487125 ...  0.00856034  0.01297869
   0.00986356]
 [ 0.00493936 -0.00210986  0.01870259 ...  0.01808946  0.0303119
   0.01320608]]
layers.1.weight: [[ 0.02908887  0.00526587  0.03526394 ...  0.00533065 -0.01442925
   0.01119888]
 [-0.01473866  0.0111301  -0.00804937 ... -0.020889   -0.00169388
   0.00311528]
 [ 0.00214207  0.0245711  -0.00612479 ...  0.0005263  -0.01531838
   0.00916851]
 ...
 [-0.00012291  0.0229783   0.04653863 ...  0.0015447  -0.00379444
   0.00777428]
 [ 0.00092259  0.01105737 -0.01462271 ...  0.01121463 -0.00587124
   0.01134686]
 [ 0.02209406  0.02445321 -0.03117784 ...  0.0192692  -0.00670787
  -0.02123381]]
layers.2.weight: [[ 0.18764459  0.12489517  0.03203917  0.2791904  -0.1558148  -0.28284112
   0.23858003  0.33027378  0.08304738  0.39203903 -0.14052759 -0.19156744
   0.45621943 -0.29290918 -0.05573639 -0.43536726 -0.11634689 -0.01708345
  -0.15172552 -0.05440928 -0.14369102  0.3347295  -0.20215401  0.35178706
  -0.4108421  -0.3863983  -0.26771924  0.23815148  0.1396915   0.29913932
  -0.08690014 -0.20038387]]

Final Loss: 0.0028
Distance Metric: 11.1681
L1 norm: 1e-05
L2 norm: 0
Batch size: 16
Clipping: 0
Learning rate: 0.01
data size: 5120
init: 0.2
seed: 3

================================================================================

nonoverlappingCNN_sigmoid -> fcnn_decreasing_relu

Student Model Parameters:
layers.0.weight: [[ 0.18189698 -0.05229162  0.18007138 ... -0.00308443 -0.19820714
  -0.1550122 ]
 [-0.12264585  0.17386827 -0.08529729 ... -0.11134952 -0.18219236
   0.03586578]
 [ 0.04106062 -0.09516592  0.0314399  ... -0.13388397 -0.17367926
  -0.06844576]
 ...
 [-0.01887555  0.06225755 -0.06516874 ... -0.02650495  0.06045268
   0.09931479]
 [ 0.01611046 -0.07333468  0.23061623 ...  0.08335274  0.07309344
  -0.15403818]
 [-0.20576824 -0.04943041  0.01320692 ... -0.0437942  -0.17906347
  -0.04097325]]
layers.1.weight: [[-0.1049422  -0.02883792 -0.13884807 ...  0.00073172  0.0564714
   0.02880289]
 [ 0.02612378  0.04088996  0.0205722  ...  0.0191732   0.08934566
   0.03540105]
 [ 0.05500425 -0.01048262 -0.15242156 ...  0.03850764  0.16154867
   0.15519518]
 ...
 [-0.0108914   0.05350507  0.12924112 ...  0.07206584 -0.01253384
  -0.16912124]
 [-0.09133427 -0.07497437 -0.01793415 ... -0.03289095  0.12580767
  -0.07944951]
 [-0.10428562  0.12374333  0.00954136 ... -0.08918257  0.01087959
   0.04114457]]
layers.2.weight: [[-0.7017556  -0.7265014   0.4960988  -0.68180776 -0.67994153  0.53367287
  -0.72564846 -0.55724585  0.38646603  0.25671995  0.3448185  -0.41399512
   0.36405733  0.5180774   0.3069046   0.69384897 -0.56559104 -0.7916163
   0.32921875 -0.7903188  -0.66014683  0.5138836  -0.5901759   0.3681147
  -0.73258716  0.49486414 -0.38514793 -0.7154861  -0.61967075  0.38836348
   0.43441588 -0.35913554]]

Final Loss: 0.0082
Distance Metric: 21.2011
L1 norm: 1e-05
L2 norm: 0
Batch size: 16
Clipping: 0
Learning rate: 0.01
data size: 5120
init: 0.2
seed: 3

================================================================================

nonoverlappingCNN_sigmoid -> fcnn_decreasing_tanh

Student Model Parameters:
layers.0.weight: [[-0.03222523  0.367133   -0.12338945 ... -0.46413812  0.77911997
   0.65256125]
 [ 0.26985022 -0.63403875 -0.5600508  ...  0.6589552   0.7486433
   0.698368  ]
 [ 0.56879026 -0.11996077 -0.1332836  ...  0.20207815  0.13541006
  -0.26062477]
 ...
 [ 0.54520005  1.0829682  -0.5671893  ...  1.2555618   0.530121
  -0.01964656]
 [-0.1974543   0.10420446  0.00798829 ... -0.17321867  0.14539719
  -0.07159764]
 [ 0.4641919  -0.4006424   0.06620669 ... -0.734719   -0.5202728
  -0.18687356]]
layers.1.weight: [[ 0.02980485  0.15185687  0.12969832 ...  0.22203194  0.01460466
  -0.09097918]
 [-0.05760965 -0.23104209 -0.07068725 ...  0.09661869  0.01087773
  -0.05813314]
 [-0.04645859 -0.01527857  0.00623127 ...  0.15853727  0.00851917
   0.00816003]
 ...
 [ 0.15988068  0.01454846  0.2244523  ... -0.5807145  -0.11872876
   0.10297132]
 [ 0.13692798  0.28238246 -0.05477459 ... -0.28543425  0.04368213
   0.12809725]
 [ 0.13091408 -0.00614658 -0.01265875 ...  0.11789084  0.00296354
   0.03856857]]
layers.2.weight: [[ 0.37085104 -0.20515916 -0.13073257  0.42627752 -0.43699685  0.34046024
  -0.281019   -0.2422874   0.25720987  0.44635093  0.5515021   0.39816713
  -0.05918499  0.26161614 -0.31798694 -0.28064275  0.3163176  -0.1699194
  -0.31631446  0.23719455  0.3419793   0.34436446  0.35248291 -0.45574462
  -0.30620947  0.29646537  0.4527868  -0.23441373  0.43408698 -0.5476313
  -0.3019606   0.25794098]]

Final Loss: 0.0304
Distance Metric: 78.9903
L1 norm: 1e-05
L2 norm: 0
Batch size: 16
Clipping: 0
Learning rate: 0.01
data size: 5120
init: 0.2
seed: 3

================================================================================

nonoverlappingCNN_relu -> fcnn_decreasing_sigmoid

Student Model Parameters:
layers.0.weight: [[-0.0684507   0.07252818 -0.03859695 ... -0.05100545 -0.01145807
  -0.01480209]
 [ 0.06066031 -0.02921605 -0.01202709 ... -0.0538091   0.00539128
  -0.05354069]
 [-0.04896306  0.02514485 -0.01732328 ...  0.08451182 -0.00454605
   0.03019337]
 ...
 [-0.05605046  0.04999711 -0.03517927 ... -0.01030343 -0.03254011
  -0.0226171 ]
 [-0.00556366  0.05200285 -0.06830946 ... -0.06345718  0.02141995
  -0.00239697]
 [-0.08569874  0.06476539 -0.09934549 ... -0.06365672  0.00098549
  -0.04422031]]
layers.1.weight: [[ 0.00767338  0.0574692  -0.01133306 ...  0.065227    0.01949214
   0.0360271 ]
 [ 0.02310143  0.00827122 -0.02385016 ... -0.01656239 -0.02698026
   0.01139524]
 [ 0.02760766  0.06853626  0.00469367 ...  0.03289772  0.03932934
   0.03782284]
 ...
 [ 0.08302949  0.07405276 -0.04273446 ...  0.08373436  0.05197335
   0.03552554]
 [ 0.09445234  0.06922942  0.02112435 ...  0.06285057  0.07841974
   0.09678702]
 [ 0.05572756  0.07305827 -0.01816491 ...  0.02889891  0.00519187
   0.06309135]]
layers.2.weight: [[-6.2743258e-01 -3.5245370e-03  2.5545697e+00  4.3048353e+00
   2.1885154e+00 -4.8760086e-01  2.9304340e-01 -3.3440759e+00
   3.1097779e+00  8.4366298e-01  2.6147360e-01  3.1250510e+00
   1.2730463e+00  1.7904012e+00  2.4669631e+00  6.5257424e-01
   3.8187294e+00  1.8595436e+00 -3.9623091e+00  1.8910247e+00
   2.3645816e+00 -3.7717118e+00  2.5201468e+00  2.5435650e+00
  -1.3552173e+00 -3.2668917e+00 -6.5105933e-01 -3.5262280e+00
  -4.3121300e+00  2.3869071e+00  4.2352037e+00  2.1391466e+00]]

Final Loss: 3.4703
Distance Metric: 53.9345
L1 norm: 1e-05
L2 norm: 0
Batch size: 16
Clipping: 0
Learning rate: 0.01
data size: 5120
init: 0.2
seed: 3

================================================================================

nonoverlappingCNN_relu -> fcnn_decreasing_relu

Student Model Parameters:
layers.0.weight: [[ 0.00878714 -0.02013125 -0.00600688 ...  0.00746027  0.0022858
   0.00178046]
 [-0.01698442  0.01082436  0.00196532 ...  0.02915087 -0.02663433
   0.02286085]
 [ 0.01272245  0.00045392  0.01551016 ...  0.01292696 -0.00405957
   0.00323678]
 ...
 [ 0.00186896  0.0106247   0.001179   ... -0.17751521  0.20192906
  -0.05654971]
 [-0.00278085  0.04073906 -0.00211431 ... -0.09332968  0.11825211
  -0.04484775]
 [-0.05834385  0.0625358  -0.02514215 ... -0.03418886  0.04116887
  -0.02626611]]
layers.1.weight: [[-0.00322935 -0.12949258  0.10196674 ...  0.04329462 -0.05791919
  -0.01222806]
 [ 0.0139145   0.0012648  -0.05035802 ...  0.00512365 -0.00641829
  -0.03128138]
 [ 0.00930084  0.09293616  0.00697198 ... -0.14929546 -0.10026085
   0.01958828]
 ...
 [ 0.00283211  0.01139747  0.01462953 ... -0.01206295  0.03718551
  -0.02057897]
 [-0.00955207 -0.04358092  0.011715   ...  0.06165271  0.13259467
  -0.03610187]
 [-0.09858611  0.00781938  0.01211098 ...  0.0545648  -0.00234435
   0.05195895]]
layers.2.weight: [[-0.5582458   0.0479741  -0.8321827  -0.3368101  -0.26845577 -0.6151225
  -0.24564037 -0.35515445  0.07420176 -0.05721527 -0.22751075  0.08214071
  -0.43220633 -0.3949552   0.11401875 -0.33576205  0.07790002  0.05357142
   0.39376697  0.04695656  0.09190128  0.18519297  0.46079695  0.11888468
   0.23974451  0.06651319  0.83868384  0.08441976 -0.11153814 -0.3852035
  -0.09926338  0.13671723]]

Final Loss: 0.0059
Distance Metric: 17.3772
L1 norm: 1e-05
L2 norm: 0
Batch size: 16
Clipping: 0
Learning rate: 0.01
data size: 5120
init: 0.2
seed: 3

================================================================================

nonoverlappingCNN_relu -> fcnn_decreasing_tanh

Student Model Parameters:
layers.0.weight: [[-0.06832842  0.12433872 -0.01774488 ... -0.02914839 -0.02395999
   0.02390714]
 [ 0.36972395 -0.09850381  0.178899   ...  0.3364992   0.01897245
   0.60399944]
 [-0.07190866 -0.00570551  0.03437788 ...  0.02179649 -0.05097295
  -0.08109955]
 ...
 [-0.08161497  0.12782854 -0.05693351 ... -0.06950039  0.04497729
   0.05738322]
 [-0.12470013  0.02390475  0.06253853 ...  0.05244481 -0.04086524
  -0.02581926]
 [ 0.04674976  0.03924613  0.04406463 ... -0.10063736  0.00864266
   0.03501901]]
layers.1.weight: [[ 0.01107121 -0.00088249  0.02505352 ...  0.03408184  0.00012508
  -0.01979592]
 [ 0.02477886 -0.02255146 -0.05597116 ... -0.00171925 -0.02726075
   0.00605285]
 [ 0.04536484 -0.00585065  0.02086516 ...  0.02623015 -0.02778786
  -0.04168356]
 ...
 [ 0.02733996 -0.01454432 -0.02440222 ...  0.03551143 -0.00055015
   0.01659269]
 [-0.05389386 -0.01070859 -0.01460779 ... -0.01418382  0.02449336
  -0.01108929]
 [-0.00606038  0.02797118 -0.00618899 ...  0.00395298  0.0103905
  -0.03778403]]
layers.2.weight: [[-1.5299310e-02  1.3819431e-01  2.8658701e-02  2.7101364e+00
  -4.4267997e-03  2.7033849e+00  8.6985447e-02 -7.5350069e-03
  -1.1876351e-02  9.4888456e-02 -3.0500423e-02 -1.0365204e-02
   2.7269573e+00 -1.9342771e-01 -2.7319820e+00  1.3387242e-01
  -2.2689028e-02 -4.7789484e-02  5.7250448e-03  1.4138438e-01
   1.1194928e+00  1.5787993e-01  9.5158225e-01 -2.8169099e-02
  -1.5114371e-01 -8.6647868e-02  1.1251174e+00  1.2557296e-02
   9.4677794e-01  1.9282881e-02 -2.1591308e-03  4.8017401e-02]]

Final Loss: 3.6185
Distance Metric: 75.1655
L1 norm: 1e-05
L2 norm: 0
Batch size: 16
Clipping: 0
Learning rate: 0.01
data size: 5120
init: 0.2
seed: 3

================================================================================

nonoverlappingCNN_tanh -> fcnn_decreasing_sigmoid

Student Model Parameters:
layers.0.weight: [[-0.01439285  0.04221676 -0.00265346 ... -0.1325921   0.11713884
  -0.05427804]
 [-0.1278575   0.15911773 -0.08487112 ... -0.18463954  0.32347414
  -0.09085175]
 [ 0.2924642  -0.30460036  0.12479489 ...  0.09266984 -0.11174656
   0.0267914 ]
 ...
 [ 0.04581895  0.01430328 -0.03866402 ... -0.01046366  0.01194552
   0.00509573]
 [-0.12525976  0.16038896 -0.06412252 ... -0.26333758  0.27146575
  -0.07247955]
 [-0.01366521 -0.02458662 -0.03697992 ... -0.01663187  0.03350879
   0.03079955]]
layers.1.weight: [[-0.0709477  -0.1700974   0.04512525 ... -0.01977483 -0.14292386
  -0.04746606]
 [-0.00706458 -0.04209912 -0.00907725 ... -0.02683766 -0.04722414
  -0.047769  ]
 [ 0.07652602  0.06925012 -0.01853936 ...  0.02079686  0.10699823
   0.03291309]
 ...
 [-0.06052554 -0.07809418  0.01664687 ... -0.05950291 -0.07739744
  -0.04652959]
 [-0.03112856 -0.02068583 -0.01835822 ... -0.02188372 -0.04121403
  -0.03658974]
 [-0.01654007  0.07574158 -0.072915   ... -0.03076802  0.0270387
  -0.03486184]]
layers.2.weight: [[-1.2650031  -0.90779746 -2.94527     0.5246233  -1.2860714  -0.81504554
  -1.1027099   1.710757   -1.4507209  -2.356331   -1.9783404  -2.724398
  -1.9842237  -2.6740768  -1.7437725  -0.39887843 -3.4519641   1.6147038
  -0.52565235  2.363157   -2.4281352  -2.6103249  -4.4728827  -1.701255
  -2.551774    3.7840705  -1.7769595  -1.0384763   3.0305126   0.48058388
  -1.2564878  -1.734167  ]]

Final Loss: 0.1920
Distance Metric: 51.2316
L1 norm: 1e-05
L2 norm: 0
Batch size: 16
Clipping: 0
Learning rate: 0.01
data size: 5120
init: 0.2
seed: 3

================================================================================

nonoverlappingCNN_tanh -> fcnn_decreasing_relu

Student Model Parameters:
layers.0.weight: [[ 0.06086163 -0.1591053  -0.06639808 ...  0.29905027 -0.13192354
  -0.04289629]
 [ 0.00636132 -0.06789897  0.0550453  ... -0.03834376  0.05145514
   0.0248423 ]
 [-0.14703044  0.02519033  0.05727647 ... -0.1147782  -0.00569082
   0.04897504]
 ...
 [ 0.07420648 -0.05359209  0.03084755 ...  0.04491971 -0.00291518
  -0.17510861]
 [-0.07552506 -0.09963192 -0.21078344 ...  0.03040562  0.01269897
   0.0683236 ]
 [ 0.1360202  -0.12073661  0.07150384 ... -0.07208658  0.168627
  -0.00410285]]
layers.1.weight: [[-0.09254419 -0.04550605  0.00429635 ... -0.00247365 -0.0072241
  -0.00596213]
 [ 0.00229644  0.07278714 -0.11630493 ... -0.00179497 -0.10826611
  -0.13462675]
 [ 0.01477332  0.03618804  0.03080288 ...  0.04053922  0.0359729
   0.04586892]
 ...
 [ 0.03788991  0.14413236  0.04340122 ...  0.21013124  0.08290897
   0.00978187]
 [ 0.04541304 -0.01119165 -0.12499736 ...  0.01059825 -0.11698614
  -0.03528315]
 [-0.18169765 -0.02415206 -0.0485561  ...  0.0645429  -0.06610033
   0.02038502]]
layers.2.weight: [[ 0.3342942  -0.7095949   0.2576075  -0.60934275 -1.1941395   0.4328359
   0.6700877  -0.81902534  0.42723772 -0.5642753  -1.1287278  -0.31677577
  -0.59308577  0.1995056  -0.29300284  0.1351105   0.8478864   0.24604581
   0.2663663   0.6869552  -0.86013806  0.28659907  0.554061   -0.06019314
   0.5692744   0.6157853   0.82589763 -0.8073678   0.25593537  0.566031
  -0.51731485  0.42425397]]

Final Loss: 0.1896
Distance Metric: 20.3004
L1 norm: 1e-05
L2 norm: 0
Batch size: 16
Clipping: 0
Learning rate: 0.01
data size: 5120
init: 0.2
seed: 3

================================================================================

nonoverlappingCNN_tanh -> fcnn_decreasing_tanh

Student Model Parameters:
layers.0.weight: [[-0.04135273  0.07965665 -0.00949958 ... -0.01997477 -0.00592703
  -0.01715009]
 [-0.08280681  0.06967673  0.00574457 ...  0.0279962   0.01288437
   0.0311056 ]
 [-0.07761991  0.11520401  0.02190661 ... -0.01381861 -0.02979308
   0.00384915]
 ...
 [-0.09852416  0.03724188 -0.02065839 ...  0.1026446  -0.08170295
   0.00544305]
 [-0.02095158  0.00558019 -0.03676266 ... -0.02696237  0.08341029
  -0.00913673]
 [-0.07992236  0.03953108 -0.04151914 ...  0.00117996  0.04242244
   0.0116449 ]]
layers.1.weight: [[ 0.0377008  -0.05453445 -0.01826943 ... -0.03594466  0.01481915
   0.02252367]
 [ 0.03192988 -0.0021596   0.01009057 ... -0.02185082  0.02153872
   0.02955572]
 [-0.01327281 -0.07340096  0.04071677 ...  0.04303612 -0.05606745
   0.00982018]
 ...
 [-0.00710451 -0.05145333 -0.02930409 ... -0.12871303  0.05708525
   0.03132764]
 [-0.00834024 -0.01861312  0.00689705 ...  0.00689212  0.02568174
   0.01779289]
 [ 0.008698    0.06342495 -0.01949195 ...  0.02341245  0.03615958
  -0.03907662]]
layers.2.weight: [[-4.9492210e-02  3.0163404e-02  1.2593155e-01  4.0721156e-02
  -2.9340141e-02 -4.3961152e-02  5.3347293e-02  4.4669602e-02
   1.3937540e-01  2.1718791e-02  7.9841858e-01 -2.7852410e-02
  -3.4009155e-02  5.0954018e-02  1.2466909e-03 -1.0917895e-02
  -1.9225973e-04  2.8097328e-02  5.8283973e-02  1.6447412e-02
   2.3466818e-02  4.5092583e-01 -7.8758812e-03  3.9306160e-02
   1.6443241e-02 -4.2191118e-02 -7.7520363e-04 -1.6153077e-02
  -5.9432641e-02  3.7534210e-01 -6.5451093e-02 -3.8251851e-02]]

Final Loss: 0.0043
Distance Metric: 13.9798
L1 norm: 1e-05
L2 norm: 0
Batch size: 16
Clipping: 0
Learning rate: 0.01
data size: 5120
init: 0.2
seed: 3

================================================================================


