Experiment Summary:
================================================================================

Teacher Model Parameters:
layers.0.weight: [[[ 2.59 -2.83  0.87]]]
layers.1.weight: [[[-1.38  1.29]]]
layers.2.weight: [[[ 0.86 -0.84]]]

================================================================================

nonoverlappingCNN_relu -> fcnn_relu

Student Model Parameters:
layers.0.weight: [[-0.39623314  0.32689828 -0.1076653  ...  0.38432735 -0.55480427
   0.23522909]
 [ 0.14429106  0.09821464 -0.1512255  ...  0.5942998   0.1338106
  -0.17000332]
 [ 0.24316585 -0.08275399  0.33014446 ... -0.1845528   0.01811266
   0.5526441 ]
 ...
 [-0.31203973  0.00962406  0.23844506 ...  0.32648802 -0.06639502
   0.8683504 ]
 [-0.05851443 -0.21494716 -0.32405916 ...  0.00725257  0.
   0.07559391]
 [ 0.3543391  -0.74761856  0.5589801  ...  0.125654    0.44987613
   0.21374258]]
layers.1.weight: [[ 0.03963432  0.16999236 -0.01625017 ... -0.13561489 -0.01540173
  -0.00709614]
 [ 0.         -0.01438472  0.04490051 ... -0.07382543  0.03589791
   0.11692262]
 [ 0.07289592  0.          0.11898413 ...  0.          0.04197161
   0.16901623]
 ...
 [ 0.03138908  0.01667798 -0.00918192 ... -0.02957517 -0.13828932
  -0.08617242]
 [-0.04154026 -0.12957531  0.00247276 ... -0.03183712 -0.00793657
   0.04883005]
 [-0.00116276  0.0364055  -0.03328444 ...  0.04963877  0.02292932
  -0.07565628]]
layers.2.weight: [[ 0.1739337  -0.35227594 -0.71006    -0.55628717 -0.31874835 -0.12440135
   0.01585864 -0.20078132 -0.5400658  -0.1042984  -0.20487203  0.00178432
   0.2016409  -0.09466966 -1.0159918  -0.09365492 -0.12412798 -0.53599274
   0.17674276 -0.3139696  -0.1819525  -0.28807867  0.128819   -0.03759224
  -0.10383248 -0.1138715  -0.15480301  0.05565561 -0.34612328 -0.16275935
  -0.11116787 -0.00858361]]

Final Loss: 4.9089
Distance Metric: 44.7336
L1 norm: 1e-05
L2 norm: 0
Batch size: 16
Clipping: 0

================================================================================

nonoverlappingCNN_tanh -> fcnn_tanh

Student Model Parameters:
layers.0.weight: [[0. 0. 0. ... 0. 0. 0.]
 [0. 0. 0. ... 0. 0. 0.]
 [0. 0. 0. ... 0. 0. 0.]
 ...
 [0. 0. 0. ... 0. 0. 0.]
 [0. 0. 0. ... 0. 0. 0.]
 [0. 0. 0. ... 0. 0. 0.]]
layers.1.weight: [[0. 0. 0. ... 0. 0. 0.]
 [0. 0. 0. ... 0. 0. 0.]
 [0. 0. 0. ... 0. 0. 0.]
 ...
 [0. 0. 0. ... 0. 0. 0.]
 [0. 0. 0. ... 0. 0. 0.]
 [0. 0. 0. ... 0. 0. 0.]]
layers.2.weight: [[ 0.          0.          0.          0.          0.          0.
   0.          0.          0.          0.45960626  0.          0.
   0.          0.          0.          0.          0.          0.
   0.          0.          0.          0.          0.          0.
   0.          0.          0.          0.37540224  0.         -0.3979615
   0.          0.4636549 ]]

Final Loss: 0.0004
Distance Metric: 11.5142
L1 norm: 1e-05
L2 norm: 0
Batch size: 16
Clipping: 0

================================================================================

nonoverlappingCNN_sigmoid -> fcnn_sigmoid

Student Model Parameters:
layers.0.weight: [[0. 0. 0. ... 0. 0. 0.]
 [0. 0. 0. ... 0. 0. 0.]
 [0. 0. 0. ... 0. 0. 0.]
 ...
 [0. 0. 0. ... 0. 0. 0.]
 [0. 0. 0. ... 0. 0. 0.]
 [0. 0. 0. ... 0. 0. 0.]]
layers.1.weight: [[0. 0. 0. ... 0. 0. 0.]
 [0. 0. 0. ... 0. 0. 0.]
 [0. 0. 0. ... 0. 0. 0.]
 ...
 [0. 0. 0. ... 0. 0. 0.]
 [0. 0. 0. ... 0. 0. 0.]
 [0. 0. 0. ... 0. 0. 0.]]
layers.2.weight: [[ 0.          0.          0.          0.          0.         -0.20735876
   0.          0.          0.          0.          0.          0.
   0.          0.          0.          0.          0.          0.
   1.6717275   0.          0.          0.          0.          0.
   0.          0.          0.          0.          0.          0.
   0.         -1.7613646 ]]

Final Loss: 0.0003
Distance Metric: 10.3444
L1 norm: 1e-05
L2 norm: 0
Batch size: 16
Clipping: 0

================================================================================

