Experiment Summary:
================================================================================

Teacher Model Parameters:
layers.0.weight: [[[ 2.59 -2.83  0.87]]]
layers.1.weight: [[[-1.38  1.29]]]
layers.2.weight: [[[ 0.86 -0.84]]]

================================================================================

nonoverlapping_CNN_relu -> overlapping_CNN_relu

Student Model Parameters:
layers.0.weight: [[[ 0.          0.          0.        ]]

 [[ 1.3847059  -1.5130311   0.46514043]]

 [[ 0.          0.          0.        ]]

 [[ 0.          0.          0.        ]]]
layers.1.weight: [[[ 0.         0.       ]
  [ 0.         0.       ]
  [ 0.         0.       ]
  [ 0.         0.       ]]

 [[ 0.         0.       ]
  [ 0.         0.       ]
  [ 0.         0.       ]
  [ 0.         0.       ]]

 [[ 0.         0.       ]
  [-1.4753666  1.3791466]
  [ 0.         0.       ]
  [ 0.         0.       ]]

 [[ 0.         0.       ]
  [ 0.         0.       ]
  [ 0.         0.       ]
  [ 0.         0.       ]]]
layers.2.weight: [[[ 0.         0.       ]
  [ 0.         0.       ]
  [ 1.504564  -1.4695352]
  [ 0.         0.       ]]]

Final Loss: 0.0001
Distance Metric: 2.8621
L1 norm: 1e-05
L2 norm: 0
Batch size: 16
Clipping: 0

================================================================================

nonoverlapping_CNN_tanh -> overlapping_CNN_tanh

Student Model Parameters:
layers.0.weight: [[[ 0.          0.          0.        ]]

 [[ 0.          0.          0.        ]]

 [[ 0.          0.          0.        ]]

 [[-2.5846417   2.8240585  -0.86807495]]]
layers.1.weight: [[[ 0.         0.       ]
  [ 0.         0.       ]
  [ 0.         0.       ]
  [ 1.3772701 -1.2873026]]

 [[ 0.         0.       ]
  [ 0.         0.       ]
  [ 0.         0.       ]
  [ 0.         0.       ]]

 [[ 0.         0.       ]
  [ 0.         0.       ]
  [ 0.         0.       ]
  [ 0.         0.       ]]

 [[ 0.         0.       ]
  [ 0.         0.       ]
  [ 0.         0.       ]
  [ 0.         0.       ]]]
layers.2.weight: [[[ 0.86022556 -0.8401779 ]
  [ 0.          0.        ]
  [ 0.          0.        ]
  [ 0.          0.        ]]]

Final Loss: 0.0001
Distance Metric: 0.0124
L1 norm: 1e-05
L2 norm: 0
Batch size: 16
Clipping: 0

================================================================================

nonoverlapping_CNN_sigmoid -> overlapping_CNN_sigmoid

Student Model Parameters:
layers.0.weight: [[[ 0.          0.          0.        ]]

 [[-2.2469862   2.4577925  -0.74336916]]

 [[ 0.          0.          0.        ]]

 [[ 0.          0.          0.        ]]]
layers.1.weight: [[[ 0.         0.       ]
  [ 0.         0.       ]
  [ 0.         0.       ]
  [ 0.         0.       ]]

 [[ 0.         0.       ]
  [ 1.1073456 -1.03863  ]
  [ 0.         0.       ]
  [ 0.         0.       ]]

 [[ 0.         0.       ]
  [ 0.         0.       ]
  [ 0.         0.       ]
  [ 0.         0.       ]]

 [[ 0.         0.       ]
  [ 0.         0.       ]
  [ 0.         0.       ]
  [ 0.         0.       ]]]
layers.2.weight: [[[ 0.         0.       ]
  [ 1.0655091 -1.0461291]
  [ 0.         0.       ]
  [ 0.         0.       ]]]

Final Loss: 0.0001
Distance Metric: 2.4772
L1 norm: 1e-05
L2 norm: 0
Batch size: 16
Clipping: 0

================================================================================

