Experiment Summary:
================================================================================

Teacher Model Parameters:
layers.0.weight: [[[ 2.59 -2.83  0.87]]]
layers.1.weight: [[[-1.38  1.29]]]
layers.2.weight: [[[ 0.86 -0.84]]]

================================================================================

nonoverlappingCNN_relu -> fcnn_decreasing_relu

Student Model Parameters:
layers.0.weight: [[ 0.          0.          0.         ...  0.          0.
   0.        ]
 [ 0.          0.          0.         ...  0.          0.
   0.        ]
 [ 0.          0.          0.         ...  0.6292231  -0.687545
   0.21135771]
 ...
 [ 0.          0.          0.         ...  0.          0.
   0.        ]
 [ 0.          0.          0.         ...  0.          0.
   0.        ]
 [ 0.          0.          0.         ...  0.          0.
   0.        ]]
layers.1.weight: [[0. 0. 0. ... 0. 0. 0.]
 [0. 0. 0. ... 0. 0. 0.]
 [0. 0. 0. ... 0. 0. 0.]
 ...
 [0. 0. 0. ... 0. 0. 0.]
 [0. 0. 0. ... 0. 0. 0.]
 [0. 0. 0. ... 0. 0. 0.]]
layers.2.weight: [[ 0.        0.        0.        0.        0.        0.        0.
   0.        0.        2.714939  0.       -2.953067  0.        0.
   0.        0.        0.        0.        0.        0.        0.
   0.        0.        0.        0.        0.        0.        0.
   0.        0.        0.        0.      ]]

Final Loss: 0.0001
Distance Metric: 12.0243
L1 norm: 5e-06
L2 norm: 0
Batch size: 32
Clipping: 0
Learning rate: 0.005
data size: 5120

================================================================================

nonoverlappingCNN_relu -> fcnn_decreasing_tanh

Student Model Parameters:
layers.0.weight: [[-2.7219772e-01 -2.4536465e-01  3.7657478e-01 ... -2.3193873e-01
   5.6903768e-01 -1.3953289e+00]
 [ 5.2625126e-01  7.9589456e-01 -5.5330902e-02 ...  4.4032955e-03
  -6.8462884e-01 -7.6125020e-01]
 [-2.1691717e-01 -4.5018613e-01  3.3489841e-01 ... -1.9476618e-01
  -4.8156545e-01 -7.2857225e-01]
 ...
 [-1.1892604e-01 -7.0698047e-01 -1.2050943e+00 ... -8.1784111e-01
  -3.0738601e-01 -3.6834207e-01]
 [ 2.7136928e-01 -7.3426509e-01 -1.5780112e-01 ... -3.9769059e-01
   2.8931175e-03 -2.3623602e-01]
 [-8.1529699e-02  4.3644155e-03  7.8254208e-02 ...  3.4983826e-01
  -3.9862987e-01  7.3271804e-04]]
layers.1.weight: [[-4.0127566e-01  1.2654834e-02  7.7384956e-02 ...  6.8407990e-02
   2.3488538e-01 -1.7914852e-02]
 [ 1.9237550e-02  3.7736177e-01 -2.5045449e-01 ... -7.2581753e-02
  -2.8715417e-01 -4.8434097e-02]
 [ 1.1577645e-03  1.7547765e-01  4.4915703e-04 ...  1.3609707e-01
  -1.0887071e-03 -4.1659738e-04]
 ...
 [ 2.2610259e-01 -7.8174137e-02  4.0246391e-01 ...  2.9324889e-01
   2.8084445e-01 -7.5608119e-04]
 [ 2.3490547e-01  4.7281629e-04  1.1322266e-01 ... -3.4925755e-04
  -3.2101157e-03 -1.2210706e-04]
 [-4.0843736e-02 -2.5254124e-01  6.5112114e-02 ... -8.5016064e-02
  -9.3757033e-02 -4.6984315e-02]]
layers.2.weight: [[ 0.62309265 -1.0904076   0.69413286 -0.6061135  -0.6799336   0.60254216
  -0.89706415 -1.240756    0.7770805  -0.38741583 -0.5761703  -0.5067444
  -1.1233572   0.65904033 -0.84383047 -0.67019933  0.6539185  -0.66006935
   0.61469597  1.1983243  -0.6169503   0.7679216   0.58204645 -0.67784643
   0.78591615 -0.498724    0.9032488  -0.6518971  -0.6631683   1.4325646
   0.56898624  0.5388087 ]]

Final Loss: 3.4654
Distance Metric: 50.1360
L1 norm: 5e-06
L2 norm: 0
Batch size: 32
Clipping: 0
Learning rate: 0.005
data size: 5120

================================================================================

nonoverlappingCNN_relu -> fcnn_decreasing_sigmoid

Student Model Parameters:
layers.0.weight: [[0. 0. 0. ... 0. 0. 0.]
 [0. 0. 0. ... 0. 0. 0.]
 [0. 0. 0. ... 0. 0. 0.]
 ...
 [0. 0. 0. ... 0. 0. 0.]
 [0. 0. 0. ... 0. 0. 0.]
 [0. 0. 0. ... 0. 0. 0.]]
layers.1.weight: [[0. 0. 0. ... 0. 0. 0.]
 [0. 0. 0. ... 0. 0. 0.]
 [0. 0. 0. ... 0. 0. 0.]
 ...
 [0. 0. 0. ... 0. 0. 0.]
 [0. 0. 0. ... 0. 0. 0.]
 [0. 0. 0. ... 0. 0. 0.]]
layers.2.weight: [[  0.           0.           0.           5.6073165    9.638733
   -0.5307518  -10.035361     0.           0.           0.
   12.283488     5.6817102    0.           0.5218124    1.3154639
    5.1847053    0.          -8.943716     0.           0.
   -0.06616181   0.          -4.648599     0.           1.8789235
    0.         -10.783313     0.           0.          -1.6288553
    0.           0.        ]]

Final Loss: 3.4097
Distance Metric: 57.6309
L1 norm: 5e-06
L2 norm: 0
Batch size: 32
Clipping: 0
Learning rate: 0.005
data size: 5120

================================================================================

nonoverlappingCNN_tanh -> fcnn_decreasing_relu

Student Model Parameters:
layers.0.weight: [[ 0.12641369  0.10159519  0.15736946 ...  0.03356919  0.00301094
   0.19677424]
 [-0.02609375 -0.10051897 -0.15062034 ... -0.03305314  0.12652904
  -0.0067338 ]
 [-0.00289565 -0.00992575  0.06227007 ... -0.00079406  0.26704553
   0.02419084]
 ...
 [-0.00630909  0.01096341 -0.02959812 ...  0.01924964 -0.00042802
   0.0081257 ]
 [-0.02993497  0.08649438 -0.00551916 ...  0.00378965  0.02429019
  -0.04459191]
 [ 0.02159314  0.05414348  0.         ...  0.08428707  0.07312567
  -0.00482933]]
layers.1.weight: [[ 0.00028829  0.05654652 -0.05252904 ... -0.04837713 -0.00015073
   0.        ]
 [ 0.          0.          0.         ...  0.          0.
   0.        ]
 [-0.00020893  0.01697773  0.07394389 ...  0.07974042  0.
   0.0010519 ]
 ...
 [ 0.          0.03496921  0.13158606 ...  0.          0.
   0.        ]
 [ 0.          0.          0.         ...  0.          0.
   0.        ]
 [ 0.00017797  0.01041251 -0.00062301 ...  0.          0.
   0.        ]]
layers.2.weight: [[ 1.2516099   0.         -1.873546    1.8116335  -2.1095524   1.5729555
   2.1167896   1.2403662  -2.5110865  -1.818738   -2.2424989  -1.6199287
   2.1735168  -1.4281598   1.2778814   1.3115295  -1.6630175  -1.8120949
  -0.09048659  1.785166    1.6036133  -0.5560711   1.6589023  -0.88393116
   1.6633141   1.0272771   2.1966434  -1.6508814   2.4875448   1.4601467
   0.         -1.6548845 ]]

Final Loss: 0.1798
Distance Metric: 22.5084
L1 norm: 5e-06
L2 norm: 0
Batch size: 32
Clipping: 0
Learning rate: 0.005
data size: 5120

================================================================================

nonoverlappingCNN_tanh -> fcnn_decreasing_tanh

Student Model Parameters:
layers.0.weight: [[0. 0. 0. ... 0. 0. 0.]
 [0. 0. 0. ... 0. 0. 0.]
 [0. 0. 0. ... 0. 0. 0.]
 ...
 [0. 0. 0. ... 0. 0. 0.]
 [0. 0. 0. ... 0. 0. 0.]
 [0. 0. 0. ... 0. 0. 0.]]
layers.1.weight: [[0. 0. 0. ... 0. 0. 0.]
 [0. 0. 0. ... 0. 0. 0.]
 [0. 0. 0. ... 0. 0. 0.]
 ...
 [0. 0. 0. ... 0. 0. 0.]
 [0. 0. 0. ... 0. 0. 0.]
 [0. 0. 0. ... 0. 0. 0.]]
layers.2.weight: [[ 0.         -0.4943264   0.          0.          0.          0.
  -0.35044453  0.          0.          0.          0.          0.
   0.          0.          0.          0.          0.          0.
  -0.3650574   0.          0.          0.          0.          0.
   0.          0.          0.          0.          0.          0.
   0.48822433  0.        ]]

Final Loss: 0.0002
Distance Metric: 11.1946
L1 norm: 5e-06
L2 norm: 0
Batch size: 32
Clipping: 0
Learning rate: 0.005
data size: 5120

================================================================================

