Experiment Summary:
================================================================================

Teacher Model Parameters:
layers.0.weight: [[[ 2.59 -2.83  0.87]]]
layers.1.weight: [[[-1.38  1.29]]]
layers.2.weight: [[[ 0.86 -0.84]]]

================================================================================

nonoverlappingCNN_sigmoid -> fcnn_sigmoid

Student Model Parameters:
layers.0.weight: [[0. 0. 0. ... 0. 0. 0.]
 [0. 0. 0. ... 0. 0. 0.]
 [0. 0. 0. ... 0. 0. 0.]
 ...
 [0. 0. 0. ... 0. 0. 0.]
 [0. 0. 0. ... 0. 0. 0.]
 [0. 0. 0. ... 0. 0. 0.]]
layers.1.weight: [[0. 0. 0. ... 0. 0. 0.]
 [0. 0. 0. ... 0. 0. 0.]
 [0. 0. 0. ... 0. 0. 0.]
 ...
 [0. 0. 0. ... 0. 0. 0.]
 [0. 0. 0. ... 0. 0. 0.]
 [0. 0. 0. ... 0. 0. 0.]]
layers.2.weight: [[-0.00013987 -0.00013994 -0.00014003 -0.00013968 -0.00014025 -0.00014042
  -0.00013955 -0.00014044 -0.00013954 -0.00013982 -0.00013971 -0.00013952
  -0.00013995 -0.00014005 -0.00013977 -0.00014016 -0.00013959 -0.00013958
  -0.00014037 -0.00013948 -0.00013968 -0.00014011 -0.00013972 -0.00013988
  -0.00014017 -0.00013988 -0.00013985 -0.00013955 -0.00014017 -0.00014038
  -0.00014041 -0.00014013 -0.00014    -0.00014018 -0.00014    -0.00014001
  -0.00014009 -0.00014043 -0.00013982 -0.00013979 -0.00014037 -0.00014046
  -0.00014037 -0.00014038 -0.00013981 -0.00014039 -0.00014006 -0.00014032
  -0.00013968 -0.00014002 -0.00014012 -0.00014036 -0.00013949 -0.00014033
  -0.00014018 -0.00013949 -0.00013967 -0.00014003 -0.00013947 -0.00013998
  -0.00013987 -0.00013991 -0.00014015 -0.0001404  -0.0001404  -0.00014021
  -0.00013967 -0.0001395  -0.00014033 -0.00013996 -0.0001398  -0.00014013
  -0.00014012 -0.00013997 -0.00014006 -0.00014011 -0.00014008 -0.00013966
  -0.00014018 -0.00014019 -0.00013963 -0.00014041 -0.00014039 -0.0001397
  -0.00014045 -0.00014034 -0.00013968 -0.00013978 -0.00014034 -0.00013995
  -0.00014041 -0.00013984 -0.00013977 -0.0001404  -0.00013954 -0.00014001
  -0.00013999 -0.00014019 -0.00013963 -0.00013989 -0.00014017 -0.00013963
  -0.00013997 -0.00013962 -0.00013957 -0.00014036 -0.00014026 -0.0001395
  -0.00013997 -0.00013993 -0.00014046 -0.00013978 -0.00013986 -0.00014034
  -0.00014024 -0.00014038 -0.00014019 -0.00014014 -0.00013961 -0.00013955
  -0.00014007 -0.0001403  -0.00013947 -0.00013976 -0.00013985 -0.00014024
  -0.00014017 -0.00013996]]

Final Loss: 0.0026
Distance Metric: 7.0265
L1 norm: 1e-05
L2 norm: 0
Batch size: 16
Clipping: 0
Learning rate: 0.005
data size: 100000
init: 0.2
seed: 5
stopped after epoch: 166

================================================================================

nonoverlappingCNN_sigmoid -> fcnn_relu

Student Model Parameters:
layers.0.weight: [[ 0.0029079   0.00296636  0.03953435 ... -0.00412184  0.10744642
   0.00292479]
 [-0.00385439 -0.01933632 -0.00033518 ... -0.02774535  0.02169852
  -0.00600999]
 [ 0.          0.          0.         ...  0.          0.
   0.        ]
 ...
 [ 0.          0.          0.         ...  0.          0.
   0.        ]
 [-0.00303869 -0.00720934  0.00600369 ...  0.02511268  0.01018136
  -0.01519464]
 [ 0.          0.          0.         ...  0.          0.
   0.        ]]
layers.1.weight: [[ 0.0000000e+00  0.0000000e+00  0.0000000e+00 ...  0.0000000e+00
   0.0000000e+00  0.0000000e+00]
 [ 0.0000000e+00  0.0000000e+00  0.0000000e+00 ...  0.0000000e+00
   0.0000000e+00  0.0000000e+00]
 [-2.1006177e-04 -3.6609501e-01  0.0000000e+00 ...  0.0000000e+00
   1.5808144e-04  0.0000000e+00]
 ...
 [ 0.0000000e+00  0.0000000e+00  0.0000000e+00 ...  0.0000000e+00
   0.0000000e+00  0.0000000e+00]
 [ 0.0000000e+00  0.0000000e+00  0.0000000e+00 ...  0.0000000e+00
   0.0000000e+00  0.0000000e+00]
 [ 0.0000000e+00  0.0000000e+00  0.0000000e+00 ...  0.0000000e+00
   0.0000000e+00  0.0000000e+00]]
layers.2.weight: [[0.         0.         0.42339152 0.         0.         0.
  0.         0.         0.         0.         0.         0.40877995
  0.         0.         0.         0.         0.         0.
  0.         0.         0.         0.         0.         0.
  0.         0.         0.         0.         0.         0.
  0.         0.         0.         0.         0.         0.
  0.         0.         0.         0.         0.         0.
  0.         0.         0.         0.         0.         0.
  0.         0.         0.         0.         0.43586588 0.
  0.         0.         0.         0.         0.         0.
  0.         0.         0.39922896 0.         0.         0.
  0.         0.         0.         0.         0.         0.
  0.         0.         0.46170437 0.         0.         0.
  0.         0.         0.         0.         0.         0.
  0.         0.         0.         0.         0.         0.
  0.         0.         0.         0.         0.9353011  0.
  0.         0.         0.         0.         0.         0.
  0.         0.         0.         0.         0.         0.
  0.         0.         0.         0.         0.         0.
  0.         0.45127454 0.         0.         0.         0.
  0.         0.         0.         0.         0.         0.
  0.         0.        ]]

Final Loss: 0.0108
Distance Metric: 9.4516
L1 norm: 1e-05
L2 norm: 0
Batch size: 16
Clipping: 0
Learning rate: 0.005
data size: 100000
init: 0.2
seed: 5
stopped after epoch: 540

================================================================================

nonoverlappingCNN_sigmoid -> fcnn_tanh

Student Model Parameters:
layers.0.weight: [[0. 0. 0. ... 0. 0. 0.]
 [0. 0. 0. ... 0. 0. 0.]
 [0. 0. 0. ... 0. 0. 0.]
 ...
 [0. 0. 0. ... 0. 0. 0.]
 [0. 0. 0. ... 0. 0. 0.]
 [0. 0. 0. ... 0. 0. 0.]]
layers.1.weight: [[0. 0. 0. ... 0. 0. 0.]
 [0. 0. 0. ... 0. 0. 0.]
 [0. 0. 0. ... 0. 0. 0.]
 ...
 [0. 0. 0. ... 0. 0. 0.]
 [0. 0. 0. ... 0. 0. 0.]
 [0. 0. 0. ... 0. 0. 0.]]
layers.2.weight: [[0.        0.        0.        0.        0.        0.        0.
  0.        0.        0.        0.        0.        0.        0.
  0.        0.        0.        0.        0.        0.        0.
  0.        0.        0.        0.        0.        0.        0.
  0.        0.        0.        0.        0.        0.        0.
  0.        0.        0.        0.        0.        0.        0.
  0.        0.        0.        0.        0.2054868 0.        0.
  0.        0.        0.        0.        0.        0.        0.
  0.        0.        0.        0.        0.        0.        0.
  0.        0.        0.        0.        0.        0.        0.
  0.        0.        0.        0.        0.        0.        0.
  0.        0.        0.        0.        0.        0.        0.
  0.        0.        0.        0.        0.        0.        0.
  0.        0.        0.        0.        0.        0.        0.
  0.        0.        0.        0.        0.        0.        0.
  0.        0.        0.        0.        0.        0.        0.
  0.        0.        0.        0.        0.        0.        0.
  0.        0.        0.        0.        0.        0.        0.
  0.        0.       ]]

Final Loss: 0.2527
Distance Metric: 6.5138
L1 norm: 1e-05
L2 norm: 0
Batch size: 16
Clipping: 0
Learning rate: 0.005
data size: 100000
init: 0.2
seed: 5
stopped after epoch: 194

================================================================================

nonoverlappingCNN_relu -> fcnn_sigmoid

Student Model Parameters:
layers.0.weight: [[ 0.          0.          0.         ...  0.          0.
   0.        ]
 [ 0.          0.          0.         ...  0.          0.
   0.        ]
 [ 0.20661756 -0.0996724   0.10893314 ...  0.18043077 -0.26655096
   0.00302697]
 ...
 [ 0.          0.          0.         ...  0.          0.
   0.        ]
 [ 0.          0.          0.         ...  0.          0.
   0.        ]
 [ 0.          0.          0.         ...  0.          0.
   0.        ]]
layers.1.weight: [[0. 0. 0. ... 0. 0. 0.]
 [0. 0. 0. ... 0. 0. 0.]
 [0. 0. 0. ... 0. 0. 0.]
 ...
 [0. 0. 0. ... 0. 0. 0.]
 [0. 0. 0. ... 0. 0. 0.]
 [0. 0. 0. ... 0. 0. 0.]]
layers.2.weight: [[  0.         0.         0.         0.         0.         0.
   15.77107    0.         0.         0.         0.         0.
    0.         0.         0.         0.         0.         0.
    0.         0.         0.         0.         0.         0.
    0.         0.         0.         0.         0.         0.
    0.         0.         0.         0.         0.         0.
    0.         0.         0.         8.590995   0.         0.
    0.         0.         0.         0.         0.         0.
    0.         0.         0.         0.         0.         0.
    8.799243   0.         0.       -20.534191   0.         0.
    0.         0.         0.         0.         0.         0.
    0.         0.         0.         0.         0.         0.
    0.         0.         0.         0.         0.         0.
    0.         0.         0.         0.         0.         0.
    0.         0.         0.         0.         0.         0.
    0.         0.         0.         0.         0.         0.
    0.         0.         0.         0.         0.         0.
    0.         0.         0.         0.         5.286328   0.
    0.         0.         0.         0.         0.         0.
    0.         0.         0.         0.         0.         0.
    0.         0.         0.         0.         0.         0.
    0.         0.      ]]

Final Loss: 3.3107
Distance Metric: 68.4805
L1 norm: 1e-05
L2 norm: 0
Batch size: 16
Clipping: 0
Learning rate: 0.005
data size: 100000
init: 0.2
seed: 5
stopped after epoch: 5049

================================================================================

nonoverlappingCNN_relu -> fcnn_relu

Student Model Parameters:
layers.0.weight: [[0. 0. 0. ... 0. 0. 0.]
 [0. 0. 0. ... 0. 0. 0.]
 [0. 0. 0. ... 0. 0. 0.]
 ...
 [0. 0. 0. ... 0. 0. 0.]
 [0. 0. 0. ... 0. 0. 0.]
 [0. 0. 0. ... 0. 0. 0.]]
layers.1.weight: [[0. 0. 0. ... 0. 0. 0.]
 [0. 0. 0. ... 0. 0. 0.]
 [0. 0. 0. ... 0. 0. 0.]
 ...
 [0. 0. 0. ... 0. 0. 0.]
 [0. 0. 0. ... 0. 0. 0.]
 [0. 0. 0. ... 0. 0. 0.]]
layers.2.weight: [[ 0.         0.         0.         0.         0.         0.
   0.         0.         0.         0.         0.         0.
   0.         0.         0.         0.         0.         0.
   0.         0.         0.         0.         0.         0.
   0.         0.         0.         0.         0.         0.
   0.         0.         0.         0.         0.         0.
   0.         0.         0.         0.         0.         0.
   0.         0.         0.         0.         0.         0.
   0.         0.         0.         0.         0.         0.
   0.         0.         0.         0.         0.         0.
   0.         0.         0.         0.         0.         0.
   0.         0.         0.         0.         0.         0.
   0.         0.        -2.3318954  0.         0.         0.
   0.         0.         0.         0.         0.         0.
   0.         0.         0.         0.         0.         0.
   0.         0.         0.         0.         0.         0.
   0.         2.12952    0.         0.         0.         0.
   0.         0.         0.         0.         0.         0.
   0.         0.         0.         0.         0.         0.
   0.         0.         0.         0.         0.         0.
   0.         0.         0.         0.         0.         0.
   0.         0.       ]]

Final Loss: 0.0002
Distance Metric: 10.8959
L1 norm: 1e-05
L2 norm: 0
Batch size: 16
Clipping: 0
Learning rate: 0.005
data size: 100000
init: 0.2
seed: 5
stopped after epoch: 1323

================================================================================

nonoverlappingCNN_relu -> fcnn_tanh

Student Model Parameters:
layers.0.weight: [[ 0.0000000e+00  0.0000000e+00  0.0000000e+00 ...  0.0000000e+00
   0.0000000e+00  0.0000000e+00]
 [-2.6128456e-01  1.7446619e-01 -1.3607308e-01 ... -2.7611462e-02
   1.1076479e-01  4.8716273e-02]
 [ 0.0000000e+00  0.0000000e+00  0.0000000e+00 ...  0.0000000e+00
   0.0000000e+00  0.0000000e+00]
 ...
 [ 0.0000000e+00  0.0000000e+00  0.0000000e+00 ...  0.0000000e+00
   0.0000000e+00  0.0000000e+00]
 [-2.9498794e+00  3.2653601e+00 -9.7217494e-01 ...  1.3921228e-01
  -1.4263129e-01  8.2783706e-02]
 [-3.9473677e-01  4.0199757e-01 -9.3401745e-02 ... -1.4472000e-03
  -3.6910707e-03  4.8249476e-02]]
layers.1.weight: [[0. 0. 0. ... 0. 0. 0.]
 [0. 0. 0. ... 0. 0. 0.]
 [0. 0. 0. ... 0. 0. 0.]
 ...
 [0. 0. 0. ... 0. 0. 0.]
 [0. 0. 0. ... 0. 0. 0.]
 [0. 0. 0. ... 0. 0. 0.]]
layers.2.weight: [[ 0.          0.          0.          0.          0.          0.
   0.          0.          0.          0.          0.          0.
   0.          0.          0.          0.          0.          0.
   0.          0.          0.          0.          0.          0.
   0.          0.          0.          0.          0.          0.
   0.         -0.24652779  0.          0.          0.          0.
   0.          0.          0.          0.          0.          0.
   0.          0.          0.          0.          0.          0.
   0.          0.          0.          0.          0.34884274  0.
   0.          0.          0.         -1.0540636   0.          0.
   0.          1.2036802   0.          0.          0.9986015   0.
   0.          0.          0.          1.0412838   0.          0.
   0.          0.46253857  0.          0.          0.          0.
   0.          0.          0.          0.          0.          0.
   0.          0.          0.          0.          0.          0.
   0.          0.          0.          0.          0.          0.
   0.          0.          0.          0.          0.          0.
   0.          0.          0.          0.          0.          0.
   0.          0.          0.47119048  0.          0.          0.
   0.          0.          0.          0.          0.          0.
   0.          0.          0.          0.          0.          0.
   0.          0.        ]]

Final Loss: 3.5526
Distance Metric: 29.6747
L1 norm: 1e-05
L2 norm: 0
Batch size: 16
Clipping: 0
Learning rate: 0.005
data size: 100000
init: 0.2
seed: 5
stopped after epoch: 431

================================================================================

nonoverlappingCNN_tanh -> fcnn_sigmoid

Student Model Parameters:
layers.0.weight: [[0. 0. 0. ... 0. 0. 0.]
 [0. 0. 0. ... 0. 0. 0.]
 [0. 0. 0. ... 0. 0. 0.]
 ...
 [0. 0. 0. ... 0. 0. 0.]
 [0. 0. 0. ... 0. 0. 0.]
 [0. 0. 0. ... 0. 0. 0.]]
layers.1.weight: [[0. 0. 0. ... 0. 0. 0.]
 [0. 0. 0. ... 0. 0. 0.]
 [0. 0. 0. ... 0. 0. 0.]
 ...
 [0. 0. 0. ... 0. 0. 0.]
 [0. 0. 0. ... 0. 0. 0.]
 [0. 0. 0. ... 0. 0. 0.]]
layers.2.weight: [[-0.12166858 -0.10613915 -0.09906472 -0.13005215 -0.12597191 -0.12995501
  -0.05452196 -0.0506739  -0.05298359 -0.07311089 -0.04979933 -0.08048167
  -0.09039367 -0.05962088 -0.11857171 -0.0917131  -0.05189247 -0.11159091
  -0.06092828 -0.08457715 -0.11441468 -0.10584886 -0.08410056 -0.0805975
  -0.06268564 -0.03705245 -0.07241945 -0.07183702 -0.05695021 -0.09502829
  -0.1432412  -0.10403019 -0.12856878 -0.09842294 -0.12420518 -0.07701996
  -0.11343177 -0.09933633 -0.06564877 -0.0771092  -0.07855588 -0.13724798
  -0.0767085  -0.07088959 -0.05441887 -0.10256268 -0.04990029 -0.12526551
  -0.09857651 -0.08042257 -0.13248774 -0.06969053 -0.09647904 -0.05068775
  -0.0636876  -0.06631956 -0.07689601 -0.12873667 -0.09682814 -0.12258846
  -0.1337704  -0.08833072 -0.09713262 -0.08565105 -0.11929535 -0.14097458
  -0.12866487 -0.11059586 -0.07224969 -0.08747374 -0.1294151  -0.12660068
  -0.1127791  -0.09513582 -0.12446374 -0.05219271 -0.13248031 -0.052237
  -0.10260863 -0.09504838 -0.07676215 -0.11665972 -0.07269245 -0.1125852
  -0.1376505  -0.08530971 -0.06268299 -0.10747239 -0.14431228 -0.05570961
  -0.0863582  -0.11541414 -0.09757775 -0.07616632 -0.13110872 -0.11004932
  -0.09430251 -0.08219023 -0.075123   -0.06430171 -0.06035326 -0.13733275
  -0.06707881 -0.10983483 -0.0601837  -0.12341716 -0.06489018 -0.09686004
  -0.0875537  -0.08571037 -0.10471167 -0.10775398 -0.09083762 -0.10782429
  -0.10164668 -0.11069876 -0.06383859 -0.04091947 -0.06603735 -0.0543455
  -0.10474782 -0.09322378 -0.05186394 -0.08117337 -0.10644909 -0.05694889
  -0.09949874 -0.09972711]]

Final Loss: 0.3676
Distance Metric: 8.0304
L1 norm: 1e-05
L2 norm: 0
Batch size: 16
Clipping: 0
Learning rate: 0.005
data size: 100000
init: 0.2
seed: 5
stopped after epoch: 125

================================================================================

nonoverlappingCNN_tanh -> fcnn_relu

Student Model Parameters:
layers.0.weight: [[-0.1407836  -0.18640961  0.10259731 ...  0.0561084  -0.00925289
  -0.04796135]
 [ 0.          0.          0.         ...  0.          0.
   0.        ]
 [ 0.          0.          0.         ...  0.          0.
   0.        ]
 ...
 [ 0.          0.          0.         ...  0.          0.
   0.        ]
 [ 0.          0.          0.         ...  0.          0.
   0.        ]
 [ 0.          0.          0.         ...  0.          0.
   0.        ]]
layers.1.weight: [[0. 0. 0. ... 0. 0. 0.]
 [0. 0. 0. ... 0. 0. 0.]
 [0. 0. 0. ... 0. 0. 0.]
 ...
 [0. 0. 0. ... 0. 0. 0.]
 [0. 0. 0. ... 0. 0. 0.]
 [0. 0. 0. ... 0. 0. 0.]]
layers.2.weight: [[ 0.          0.          0.          0.          0.          0.
   0.          0.          0.         -0.739144    0.          0.
   0.          0.          0.          0.          0.          0.
   0.43761814  0.          0.          0.          0.          0.
  -1.6491708   0.          0.          0.          0.          0.
   0.          0.49003428  0.          0.          0.          0.
   0.          0.          0.          0.          0.         -1.107572
   0.          0.          0.          0.          0.          0.
   0.          0.          0.          0.          0.          0.
   0.48658583  0.          0.          0.          0.          0.
  -0.5827785   0.          0.          0.          0.          0.
   0.          0.          0.          0.          0.40013596  0.
   0.          0.          0.          0.          0.          0.
   0.          0.          0.          0.          0.          0.
   0.          0.5006231   0.          0.          0.          0.
   0.          0.          0.          0.48992077 -0.34812424  0.
   0.          0.18919706  0.32501638  0.          0.15732324  0.
   0.          0.          0.          0.          0.         -1.0022395
   0.          0.          0.          0.          0.          0.
   0.          0.          0.          0.         -0.90143365  0.
   0.         -0.15431255  0.          0.          0.          0.
   0.          0.        ]]

Final Loss: 0.1934
Distance Metric: 13.6874
L1 norm: 1e-05
L2 norm: 0
Batch size: 16
Clipping: 0
Learning rate: 0.005
data size: 100000
init: 0.2
seed: 5
stopped after epoch: 938

================================================================================

nonoverlappingCNN_tanh -> fcnn_tanh

Student Model Parameters:
layers.0.weight: [[0. 0. 0. ... 0. 0. 0.]
 [0. 0. 0. ... 0. 0. 0.]
 [0. 0. 0. ... 0. 0. 0.]
 ...
 [0. 0. 0. ... 0. 0. 0.]
 [0. 0. 0. ... 0. 0. 0.]
 [0. 0. 0. ... 0. 0. 0.]]
layers.1.weight: [[0. 0. 0. ... 0. 0. 0.]
 [0. 0. 0. ... 0. 0. 0.]
 [0. 0. 0. ... 0. 0. 0.]
 ...
 [0. 0. 0. ... 0. 0. 0.]
 [0. 0. 0. ... 0. 0. 0.]
 [0. 0. 0. ... 0. 0. 0.]]
layers.2.weight: [[0.         0.         0.         0.         0.         0.
  0.         0.         0.         0.         0.         0.
  0.         0.         0.         0.         0.         0.
  0.         0.         0.         0.         0.         0.
  0.         0.         0.         0.         0.84167683 0.
  0.         0.         0.         0.         0.         0.
  0.         0.         0.         0.         0.         0.
  0.         0.         0.         0.         0.         0.
  0.         0.         0.         0.         0.         0.
  0.         0.         0.         0.         0.         0.
  0.         0.         0.         0.         0.         0.
  0.         0.         0.         0.8616005  0.         0.
  0.         0.         0.         0.         0.         0.
  0.         0.         0.         0.         0.         0.
  0.         0.         0.         0.         0.         0.
  0.         0.         0.         0.         0.         0.
  0.         0.         0.         0.         0.         0.
  0.         0.         0.         0.         0.         0.
  0.         0.         0.         0.         0.         0.
  0.         0.         0.         0.         0.         0.
  0.         0.         0.         0.         0.         0.
  0.         0.        ]]

Final Loss: 0.0003
Distance Metric: 8.6716
L1 norm: 1e-05
L2 norm: 0
Batch size: 16
Clipping: 0
Learning rate: 0.005
data size: 100000
init: 0.2
seed: 5
stopped after epoch: 480

================================================================================

