Experiment Summary:
================================================================================

Teacher Model Parameters:
layers.0.weight: [[[-0.78 -0.12  0.7 ]]

 [[-1.16  0.47  0.05]]

 [[-0.73  1.96 -1.01]]

 [[-0.32  0.21  0.63]]]
layers.1.weight: [[[ 0.    0.04]
  [ 0.68  0.34]
  [ 0.54 -0.22]
  [-0.14 -0.33]]

 [[-0.14  1.59]
  [ 1.48 -0.52]
  [-1.26  0.3 ]
  [-0.4  -1.09]]

 [[-0.71  0.44]
  [-0.02 -0.14]
  [ 0.37 -0.7 ]
  [-0.83 -0.38]]

 [[ 0.89 -0.48]
  [-0.27 -0.81]
  [ 1.76 -0.41]
  [ 0.15  0.49]]]
layers.2.weight: [[[-0.54  0.16]
  [-0.74 -0.46]
  [ 0.08  0.18]
  [-0.22  0.81]]]

================================================================================

multiChannelCNN_sigmoid -> fcn_256_32_sigmoid

Student Model Parameters:
layers.0.weight: [[ 0.00951225 -0.00063724 -0.00126054 ...  0.00769415 -0.00391881
   0.00124902]
 [ 0.00909719 -0.00061452 -0.00120516 ...  0.00735696 -0.00375368
   0.00119935]
 [ 0.00548041 -0.00036654 -0.00073175 ...  0.00443304 -0.00225665
   0.00072257]
 ...
 [ 0.02748567 -0.00186317 -0.00364335 ...  0.02220402 -0.01133681
   0.00360873]
 [ 0.08512478 -0.00626044 -0.01116965 ...  0.06778239 -0.03506941
   0.01120495]
 [-0.0314873   0.00214373  0.00416942 ... -0.02541642  0.01298453
  -0.00414145]]
layers.1.weight: [[-0.00263304 -0.00252065 -0.00152299 ... -0.00759185 -0.02327855
   0.00869151]
 [-0.00069681 -0.0006777  -0.00042193 ... -0.00192564 -0.00579686
   0.00208964]
 [-0.00289914 -0.00276906 -0.00166611 ... -0.00836732 -0.02566923
   0.00958835]
 ...
 [-0.00394546 -0.00377453 -0.00225854 ... -0.01143084 -0.03510167
   0.01314176]
 [-0.00087215 -0.00084223 -0.00052141 ... -0.00242596 -0.0073475
   0.00267656]
 [ 0.00107749  0.00103778  0.00062268 ...  0.0031471   0.00968542
  -0.00363742]]
layers.2.weight: [[-0.29744545 -0.07294532 -0.32813522 -0.38468722 -0.0333102  -0.13171957
   0.47726417  0.40895763 -0.27056253 -0.22239718  0.0504396   0.2501232
  -0.2197987  -0.13510007  0.00577009  0.31496277  0.3475329  -0.5375742
   0.45885542  0.39901838 -0.04106384  0.03605989 -0.17384437  0.0834904
   0.02234508  0.18100208 -0.36406288 -0.09587814 -0.31106374 -0.45027405
  -0.09275742  0.12416226]]

Final Loss: 0.0001
Distance Metric: 8.3348
L1 norm: 0
L2 norm: 1e-05
Batch size: 16
Clipping: 0
Learning rate: 0.005
data size: 100000
init: 1
seed: 3
stopped after epoch: 1089

================================================================================

multiChannelCNN_sigmoid -> fcn_256_32_relu

Student Model Parameters:
layers.0.weight: [[ 0.          0.          0.         ...  0.          0.
   0.        ]
 [ 0.          0.          0.         ... -0.00017142  0.
   0.        ]
 [ 0.          0.          0.         ...  0.          0.
   0.        ]
 ...
 [ 0.         -0.0001247   0.         ...  0.          0.
   0.        ]
 [ 0.          0.          0.         ...  0.          0.
   0.        ]
 [ 0.         -0.00012727  0.         ...  0.          0.
   0.        ]]
layers.1.weight: [[ 0.          0.          0.         ...  0.          0.
   0.        ]
 [ 0.          0.          0.         ...  0.          0.
  -0.00016389]
 [ 0.          0.          0.         ...  0.          0.
   0.        ]
 ...
 [ 0.          0.          0.         ...  0.          0.
   0.        ]
 [ 0.          0.          0.         ...  0.          0.
   0.        ]
 [ 0.          0.          0.         ...  0.          0.
   0.        ]]
layers.2.weight: [[ 0.          0.00061227  0.         -0.00025665  0.00049644  0.00010393
  -0.0002897   0.         -0.00012712  0.         -0.00012161  0.00031766
  -0.00027151  0.00025618 -0.0006452   0.         -0.00013911  0.00019659
   0.00016473 -0.00015181 -0.00067527 -0.00047642 -0.00015434 -0.00038458
   0.00025609  0.00011236 -0.00030217  0.00014686  0.          0.00013048
   0.0001553   0.0004579 ]]

Final Loss: 0.1688
Distance Metric: 8.3550
L1 norm: 0
L2 norm: 1e-05
Batch size: 16
Clipping: 0
Learning rate: 0.005
data size: 100000
init: 1
seed: 3
stopped after epoch: 896

================================================================================

multiChannelCNN_sigmoid -> fcn_256_32_tanh

Student Model Parameters:
layers.0.weight: [[-1.0626073e-04  0.0000000e+00 -7.8503921e-04 ... -3.9773321e-04
   5.5260083e-04  2.1280140e-04]
 [-1.2624159e-04  0.0000000e+00 -8.1589149e-04 ... -4.2151925e-04
   5.6466600e-04  2.1842709e-04]
 [-3.0608079e-04  0.0000000e+00 -1.9347658e-03 ... -1.0033784e-03
   1.3382320e-03  5.0898461e-04]
 ...
 [-1.2346036e-04  0.0000000e+00 -8.8708970e-04 ... -4.5131202e-04
   6.2347954e-04  2.3730159e-04]
 [-2.7657099e-04  0.0000000e+00 -1.7325161e-03 ... -8.9776312e-04
   1.1857755e-03  4.5402345e-04]
 [ 2.0451640e-01 -2.2688964e-02 -3.9073460e-02 ... -5.8509659e-02
  -6.7340207e-01 -2.1118005e-01]]
layers.1.weight: [[-0.00018399  0.          0.         ...  0.         -0.00016499
  -0.00657173]
 [ 0.00014832 -0.00014239  0.00012174 ...  0.          0.00014713
   0.00089466]
 [-0.00021741  0.          0.         ...  0.         -0.00017563
  -0.01100211]
 ...
 [-0.00010702 -0.00018442 -0.00019302 ... -0.00016126  0.
  -0.00622358]
 [ 0.          0.          0.00014521 ...  0.00011155  0.00016566
   0.00622242]
 [-0.00010416  0.         -0.00017196 ...  0.00010756  0.
  -0.00679654]]
layers.2.weight: [[-0.00299266  0.00040223 -0.00501318 -0.00226952  0.000412    0.00334681
  -0.00337806 -0.00090165 -0.00403633 -0.0010634   0.01189787  0.
   0.00633033 -0.01156135  0.00973461 -0.00294857  0.00652109 -0.00178959
  -0.00131755 -0.00434685  0.00159979  0.00019769 -0.14640395 -0.00412696
   0.0042601   0.00043665  0.00033711  0.00103519  0.00469978 -0.00283683
   0.00282922 -0.00310117]]

Final Loss: 0.1668
Distance Metric: 9.7727
L1 norm: 0
L2 norm: 1e-05
Batch size: 16
Clipping: 0
Learning rate: 0.005
data size: 100000
init: 1
seed: 3
stopped after epoch: 775

================================================================================

