Experiment Summary:
================================================================================

Teacher Model Parameters:
layers.0.weight: [[[-0.78 -0.12  0.7 ]]

 [[-1.16  0.47  0.05]]

 [[-0.73  1.96 -1.01]]

 [[-0.32  0.21  0.63]]]
layers.1.weight: [[[ 0.    0.04]
  [ 0.68  0.34]
  [ 0.54 -0.22]
  [-0.14 -0.33]]

 [[-0.14  1.59]
  [ 1.48 -0.52]
  [-1.26  0.3 ]
  [-0.4  -1.09]]

 [[-0.71  0.44]
  [-0.02 -0.14]
  [ 0.37 -0.7 ]
  [-0.83 -0.38]]

 [[ 0.89 -0.48]
  [-0.27 -0.81]
  [ 1.76 -0.41]
  [ 0.15  0.49]]]
layers.2.weight: [[[-0.54  0.16]
  [-0.74 -0.46]
  [ 0.08  0.18]
  [-0.22  0.81]]]

================================================================================

multiChannelCNN_sigmoid -> fcn_256_32_sigmoid

Student Model Parameters:
layers.0.weight: [[0. 0. 0. ... 0. 0. 0.]
 [0. 0. 0. ... 0. 0. 0.]
 [0. 0. 0. ... 0. 0. 0.]
 ...
 [0. 0. 0. ... 0. 0. 0.]
 [0. 0. 0. ... 0. 0. 0.]
 [0. 0. 0. ... 0. 0. 0.]]
layers.1.weight: [[0. 0. 0. ... 0. 0. 0.]
 [0. 0. 0. ... 0. 0. 0.]
 [0. 0. 0. ... 0. 0. 0.]
 ...
 [0. 0. 0. ... 0. 0. 0.]
 [0. 0. 0. ... 0. 0. 0.]
 [0. 0. 0. ... 0. 0. 0.]]
layers.2.weight: [[-0.07981159 -0.00216433 -0.00216496 -0.00216455 -0.00936486 -0.00216513
  -0.02751251 -0.02831566 -0.00416155 -0.06501207 -0.01996061 -0.05040867
  -0.0021652  -0.01902596 -0.0021652  -0.00829836 -0.00216427 -0.06519867
  -0.00216513 -0.01604791 -0.00216511 -0.00216491 -0.03692637 -0.00836855
  -0.06602181 -0.00474669 -0.06273299 -0.00216502 -0.03191586 -0.03916491
  -0.01892156 -0.07188566]]

Final Loss: 0.0016
Distance Metric: 8.3855
L1 norm: 1e-05
L2 norm: 0
Batch size: 16
Clipping: 0
Learning rate: 0.005
data size: 100000
init: 0.2
seed: 1
stopped after epoch: 121

================================================================================

multiChannelCNN_sigmoid -> fcn_256_32_relu

Student Model Parameters:
layers.0.weight: [[ 0.          0.          0.         ...  0.          0.
   0.        ]
 [ 0.          0.          0.         ...  0.          0.
   0.        ]
 [ 0.00723573 -0.08254816  0.02364841 ... -0.04084216 -0.01233917
   0.01208608]
 ...
 [ 0.08526217 -0.00496095 -0.07685234 ...  0.01336057  0.04362297
   0.00198368]
 [ 0.          0.          0.         ...  0.          0.
   0.        ]
 [ 0.          0.          0.         ...  0.          0.
   0.        ]]
layers.1.weight: [[0.         0.         0.         ... 0.         0.         0.        ]
 [0.         0.         0.00288741 ... 0.00011732 0.         0.        ]
 [0.         0.         0.         ... 0.         0.         0.        ]
 ...
 [0.         0.         0.         ... 0.         0.         0.        ]
 [0.         0.         0.         ... 0.         0.         0.        ]
 [0.         0.         0.         ... 0.         0.         0.        ]]
layers.2.weight: [[0.         0.45718417 0.         0.         0.         0.
  0.         0.         0.         0.         0.         0.
  0.7223127  0.         0.         0.         1.2688073  0.
  0.         0.         0.         0.         0.         0.
  0.         0.         0.         0.         0.         0.
  0.         0.        ]]

Final Loss: 0.0072
Distance Metric: 10.5062
L1 norm: 1e-05
L2 norm: 0
Batch size: 16
Clipping: 0
Learning rate: 0.005
data size: 100000
init: 0.2
seed: 1
stopped after epoch: 466

================================================================================

multiChannelCNN_sigmoid -> fcn_256_32_tanh

Student Model Parameters:
layers.0.weight: [[0. 0. 0. ... 0. 0. 0.]
 [0. 0. 0. ... 0. 0. 0.]
 [0. 0. 0. ... 0. 0. 0.]
 ...
 [0. 0. 0. ... 0. 0. 0.]
 [0. 0. 0. ... 0. 0. 0.]
 [0. 0. 0. ... 0. 0. 0.]]
layers.1.weight: [[0. 0. 0. ... 0. 0. 0.]
 [0. 0. 0. ... 0. 0. 0.]
 [0. 0. 0. ... 0. 0. 0.]
 ...
 [0. 0. 0. ... 0. 0. 0.]
 [0. 0. 0. ... 0. 0. 0.]
 [0. 0. 0. ... 0. 0. 0.]]
layers.2.weight: [[0.         0.21330416 0.         0.         0.         0.
  0.         0.         0.         0.         0.         0.
  0.         0.         0.         0.         0.         0.
  0.         0.         0.         0.         0.         0.
  0.         0.         0.         0.         0.         0.
  0.         0.        ]]

Final Loss: 0.1672
Distance Metric: 7.3009
L1 norm: 1e-05
L2 norm: 0
Batch size: 16
Clipping: 0
Learning rate: 0.005
data size: 100000
init: 0.2
seed: 1
stopped after epoch: 176

================================================================================

multiChannelCNN_relu -> fcn_256_32_sigmoid

Student Model Parameters:
layers.0.weight: [[ 0.          0.          0.         ...  0.          0.
   0.        ]
 [ 0.          0.          0.         ...  0.          0.
   0.        ]
 [ 0.70046043 -0.4861735   0.1283475  ...  0.70104104 -0.50388205
   0.02221498]
 ...
 [ 0.          0.          0.         ...  0.          0.
   0.        ]
 [ 0.          0.          0.         ...  0.          0.
   0.        ]
 [ 0.          0.          0.         ...  0.          0.
   0.        ]]
layers.1.weight: [[ 0.0000000e+00  0.0000000e+00  0.0000000e+00 ...  0.0000000e+00
   0.0000000e+00  0.0000000e+00]
 [-1.5136153e-03 -1.5137559e-03  3.4047284e+00 ... -1.5135814e-03
  -1.5140714e-03 -1.5141729e-03]
 [ 2.7550085e-04  2.7575612e-04 -4.8233569e-01 ...  2.7521249e-04
   2.7487249e-04  2.7516490e-04]
 ...
 [ 0.0000000e+00  0.0000000e+00  0.0000000e+00 ...  0.0000000e+00
   0.0000000e+00  0.0000000e+00]
 [ 5.0579931e-04  5.0609017e-04 -2.8548999e+00 ...  5.0623884e-04
   5.0588348e-04  5.0640950e-04]
 [ 0.0000000e+00  0.0000000e+00  0.0000000e+00 ...  0.0000000e+00
   0.0000000e+00  0.0000000e+00]]
layers.2.weight: [[ 2.7707429e-04 -1.0287327e+01  4.2996716e+00  2.7676969e-04
   9.4673643e+00  2.7685953e-04  2.7703782e-04  2.7654271e-04
   2.7678761e-04  2.7666899e-04  2.7655100e-04  3.6150084e+00
   2.7742350e-04  2.7643991e-04  2.7740732e-04  2.7646116e-04
   2.7682708e-04  2.7707359e-04  2.7689585e-04  2.7725863e-04
   2.7687487e-04  2.7692068e-04  2.7736675e-04  2.7649736e-04
   2.7652120e-04  1.2827853e+01  2.7690458e-04  2.7715889e-04
   2.7645420e-04  2.7660848e-04  4.4241257e+00  2.7730092e-04]]

Final Loss: 2.1276
Distance Metric: 55.3354
L1 norm: 1e-05
L2 norm: 0
Batch size: 16
Clipping: 0
Learning rate: 0.005
data size: 100000
init: 0.2
seed: 1
stopped after epoch: 2023

================================================================================

multiChannelCNN_relu -> fcn_256_32_relu

Student Model Parameters:
layers.0.weight: [[0. 0. 0. ... 0. 0. 0.]
 [0. 0. 0. ... 0. 0. 0.]
 [0. 0. 0. ... 0. 0. 0.]
 ...
 [0. 0. 0. ... 0. 0. 0.]
 [0. 0. 0. ... 0. 0. 0.]
 [0. 0. 0. ... 0. 0. 0.]]
layers.1.weight: [[0. 0. 0. ... 0. 0. 0.]
 [0. 0. 0. ... 0. 0. 0.]
 [0. 0. 0. ... 0. 0. 0.]
 ...
 [0. 0. 0. ... 0. 0. 0.]
 [0. 0. 0. ... 0. 0. 0.]
 [0. 0. 0. ... 0. 0. 0.]]
layers.2.weight: [[ 0.          0.          0.          0.          0.5381251   0.
   0.          0.          0.          0.         -2.0866733   0.
   0.          0.          0.          0.          0.9939837   0.
   0.         -1.2831692   0.          0.653776    0.         -1.3450699
  -0.35128844  2.058087    0.         -2.3495853   0.          0.
   0.          0.        ]]

Final Loss: 0.0005
Distance Metric: 10.8646
L1 norm: 1e-05
L2 norm: 0
Batch size: 16
Clipping: 0
Learning rate: 0.005
data size: 100000
init: 0.2
seed: 1
stopped after epoch: 734

================================================================================

multiChannelCNN_relu -> fcn_256_32_tanh

Student Model Parameters:
layers.0.weight: [[0. 0. 0. ... 0. 0. 0.]
 [0. 0. 0. ... 0. 0. 0.]
 [0. 0. 0. ... 0. 0. 0.]
 ...
 [0. 0. 0. ... 0. 0. 0.]
 [0. 0. 0. ... 0. 0. 0.]
 [0. 0. 0. ... 0. 0. 0.]]
layers.1.weight: [[0. 0. 0. ... 0. 0. 0.]
 [0. 0. 0. ... 0. 0. 0.]
 [0. 0. 0. ... 0. 0. 0.]
 ...
 [0. 0. 0. ... 0. 0. 0.]
 [0. 0. 0. ... 0. 0. 0.]
 [0. 0. 0. ... 0. 0. 0.]]
layers.2.weight: [[ 0.          0.         -0.24600235  0.         -0.84621745  0.
  -0.22039562  0.          0.40566576 -1.2645916   0.          0.
   1.3181913   0.         -0.2940349  -0.20125474  0.          0.
   0.          0.          0.          0.          0.          0.41564626
   0.          0.          0.          0.          0.          0.
  -0.81068045  0.        ]]

Final Loss: 2.4075
Distance Metric: 47.7455
L1 norm: 1e-05
L2 norm: 0
Batch size: 16
Clipping: 0
Learning rate: 0.005
data size: 100000
init: 0.2
seed: 1
stopped after epoch: 845

================================================================================

multiChannelCNN_tanh -> fcn_256_32_sigmoid

Student Model Parameters:
layers.0.weight: [[ 0.0000000e+00  0.0000000e+00  0.0000000e+00 ...  0.0000000e+00
   0.0000000e+00  0.0000000e+00]
 [ 0.0000000e+00  0.0000000e+00  0.0000000e+00 ...  0.0000000e+00
   0.0000000e+00  0.0000000e+00]
 [ 0.0000000e+00  0.0000000e+00  0.0000000e+00 ...  0.0000000e+00
   0.0000000e+00  0.0000000e+00]
 ...
 [ 0.0000000e+00  0.0000000e+00  0.0000000e+00 ...  0.0000000e+00
   0.0000000e+00  0.0000000e+00]
 [-2.0724630e+00  4.2723246e+00 -1.7638094e+00 ...  3.7370998e-04
   6.0400222e-03  1.5685029e-03]
 [ 0.0000000e+00  0.0000000e+00  0.0000000e+00 ...  0.0000000e+00
   0.0000000e+00  0.0000000e+00]]
layers.1.weight: [[0. 0. 0. ... 0. 0. 0.]
 [0. 0. 0. ... 0. 0. 0.]
 [0. 0. 0. ... 0. 0. 0.]
 ...
 [0. 0. 0. ... 0. 0. 0.]
 [0. 0. 0. ... 0. 0. 0.]
 [0. 0. 0. ... 0. 0. 0.]]
layers.2.weight: [[  0.1961467    0.1961472    0.19614764   0.19614746   6.4192605
    0.19614694  -3.6358461   -5.361627     0.19614668  -5.2552676
    0.19614829   0.1961451    0.19614512   0.19614752   0.19614793
    0.19614582   0.19614658   0.19614716   0.19614659   0.19614841
    0.1961475    0.19614813   0.19614765   0.19614652   0.19614808
    0.19614632   0.1961465    0.19614604 -14.984719     0.19614658
    0.19614667   0.19614795]]

Final Loss: 0.2291
Distance Metric: 49.5883
L1 norm: 1e-05
L2 norm: 0
Batch size: 16
Clipping: 0
Learning rate: 0.005
data size: 100000
init: 0.2
seed: 1
stopped after epoch: 3310

================================================================================

